# Problem = StaticVNFPlacementProblem
# Variables = 1
# Objectives = 3
3,85,14,83,20,36,68,108,27,61,66,76,74,12,105,29,81,35,9,44,71,69,31,47,32,80,94,40,30,53,4,58,51,84,19,56,63,8,46,59,1,86,11,42,107,91,73,62,87,23,64,82,16,75,70,72,13,104,90,50,48,106,92,55,26,77,22,28,38,21,97,98,17,2,54,89,60,101,24,100,49,6,39,7,57,25,79,67,96,5,10,43,41,102,34,93,0,78,37,95,52,103,65,15,18,99,33,88,45 4776.0 73.22800000000001 24.0
94,84,74,107,28,22,85,6,38,46,52,62,5,67,15,78,65,75,86,44,69,106,93,32,80,88,71,79,19,13,58,41,77,76,83,29,55,3,8,1,26,21,51,12,70,10,40,18,24,91,95,97,99,20,43,17,89,49,11,39,36,104,105,0,23,30,31,59,2,33,101,61,73,14,82,92,34,72,102,45,68,57,16,90,98,87,103,54,37,48,100,35,53,25,7,60,27,9,4,63,64,50,47,42,56,96,108,81,66 4584.0 99.13999999999999 24.0
68,3,13,48,40,36,41,108,27,91,94,76,78,5,0,29,81,35,9,44,71,69,34,4,96,95,107,51,10,105,49,25,20,86,106,83,37,60,77,87,17,57,16,47,66,73,75,31,72,8,63,14,42,54,65,101,2,89,50,26,64,99,79,98,93,24,38,97,104,82,70,92,85,28,22,59,12,80,58,100,52,74,55,45,39,18,62,43,15,103,11,46,23,88,67,56,61,53,6,33,21,102,84,1,90,7,32,19,30 4810.0 81.16 18.0
3,85,66,83,20,36,28,44,27,61,14,35,74,21,105,29,81,76,9,108,71,69,31,75,87,32,80,94,40,30,92,4,58,51,48,19,56,95,8,37,59,1,86,11,88,15,91,73,62,43,23,52,82,47,10,70,100,84,104,90,50,25,53,54,79,26,77,68,38,12,97,98,17,2,55,89,60,101,24,13,49,6,39,7,57,106,22,67,96,5,72,64,41,102,34,93,0,78,46,63,16,103,65,107,18,99,33,42,45 4967.0 71.42 23.0
68,3,13,48,95,36,41,108,27,61,66,76,78,5,53,29,24,81,35,9,105,8,107,101,75,93,20,94,40,30,44,4,58,51,96,19,56,63,71,46,59,1,86,11,88,69,91,73,62,55,23,52,82,47,10,70,100,84,104,90,50,25,92,79,26,77,60,97,89,16,65,98,85,28,83,106,42,103,34,72,102,45,39,57,38,43,18,64,54,37,14,67,31,87,49,99,22,0,15,2,21,80,33,17,74,7,32,12,6 4608.0 90.01599999999999 26.0
3,85,94,83,20,36,4,25,58,91,81,71,74,40,56,29,14,5,15,99,35,100,107,104,77,93,98,66,10,30,17,28,27,13,106,103,105,37,51,22,88,23,62,44,12,75,61,46,31,8,86,19,42,63,21,96,18,16,73,26,49,11,0,54,79,90,87,68,38,59,97,80,92,2,55,89,60,101,24,43,50,6,39,7,57,48,95,67,70,76,72,64,41,102,34,32,53,78,9,47,84,52,65,1,69,108,33,82,45 4860.0 76.93000000000002 19.0
3,85,29,83,58,59,52,6,80,102,66,95,78,37,105,34,82,10,75,96,81,25,45,8,93,73,5,94,76,71,15,86,84,101,53,61,51,87,0,44,36,1,43,23,21,16,104,70,62,40,18,11,108,69,46,65,90,14,103,41,31,92,30,106,79,26,77,22,28,38,12,97,98,57,2,54,33,60,67,24,100,49,35,74,107,56,19,55,68,39,13,32,72,91,48,20,7,27,9,4,63,64,50,47,42,17,89,99,88 4880.0 76.08000000000001 23.0
75,96,10,44,40,71,69,85,56,83,37,64,59,42,104,70,28,35,6,25,90,107,53,23,93,61,8,68,86,4,57,72,47,1,98,12,48,87,65,108,100,5,105,102,3,29,15,63,17,34,94,55,41,26,24,33,77,31,36,2,16,19,58,52,9,22,11,30,21,49,84,95,27,54,50,81,67,0,38,14,51,20,97,89,74,76,80,39,101,13,32,60,66,82,62,45,73,99,106,103,43,7,88,78,92,18,91,46,79 4748.0 108.94 19.0
3,85,29,83,43,36,52,6,65,102,66,95,78,37,105,34,108,10,96,44,71,69,31,47,32,80,94,40,30,53,4,58,51,84,19,56,63,8,46,59,1,86,11,42,107,91,73,62,87,23,64,82,16,75,70,72,13,104,90,50,48,106,92,79,26,77,22,28,38,12,97,98,17,2,54,33,60,67,24,100,49,35,39,25,57,81,55,68,74,14,93,41,103,76,20,7,27,9,15,101,18,45,89,21,61,0,5,99,88 4881.0 73.172 21.0
3,85,29,83,58,59,52,6,80,102,34,32,36,72,95,55,14,5,15,99,35,100,107,104,77,93,98,66,10,30,17,28,27,13,106,103,105,37,51,22,88,23,62,44,12,75,61,46,31,8,86,19,42,63,21,96,18,16,90,76,48,82,92,81,26,50,74,20,38,70,97,94,4,2,54,89,60,101,24,53,49,87,39,7,57,25,1,43,64,79,33,56,47,78,0,108,65,9,67,45,73,11,40,69,91,84,41,71,68 4622.0 73.64 25.0
68,3,13,48,40,36,41,108,27,91,94,76,78,5,0,29,81,35,9,44,71,69,34,4,96,95,107,51,10,105,49,25,20,86,106,83,37,60,77,87,85,57,16,47,66,73,75,31,72,8,63,14,42,22,65,101,28,59,50,26,64,99,79,98,93,24,38,97,104,82,70,92,17,2,54,89,12,80,58,100,52,74,55,45,39,18,62,43,15,103,11,46,23,88,67,56,61,53,6,33,21,102,84,1,90,7,32,19,30 4762.0 88.356 19.0
3,42,14,36,66,9,34,108,59,97,94,30,64,75,73,40,55,7,81,89,15,16,53,99,95,93,102,98,60,21,4,58,51,84,19,29,106,22,50,13,8,56,88,104,77,65,90,33,87,23,52,48,44,10,70,72,101,18,80,26,82,11,68,86,76,27,17,105,38,12,83,67,25,79,54,62,63,41,37,1,49,35,39,47,103,71,61,5,74,92,32,46,91,107,24,45,6,2,96,100,43,85,0,57,31,78,20,28,69 4723.0 72.74999999999999 25.0
68,3,108,59,86,89,61,0,82,64,76,27,1,5,105,29,91,75,9,44,25,69,106,93,32,73,94,22,42,96,37,83,45,34,98,78,63,38,50,13,8,56,88,104,77,107,81,80,62,28,23,52,48,99,4,70,72,101,10,90,26,18,11,79,19,95,67,17,51,12,97,20,40,2,54,33,30,41,58,100,49,74,39,47,57,84,6,24,35,92,65,46,102,43,85,7,55,36,15,103,21,31,16,60,87,71,66,53,14 4591.0 94.244 24.0
68,3,96,99,50,1,107,85,56,83,46,40,59,42,104,41,48,47,15,91,63,69,84,26,36,98,66,21,81,16,28,64,0,106,55,105,30,53,22,88,73,62,35,12,75,61,32,102,8,95,93,87,70,72,58,18,77,23,4,74,37,86,76,27,17,89,38,78,97,13,65,2,51,54,45,11,60,101,24,100,49,44,39,7,57,9,6,108,20,92,29,10,33,90,5,43,34,25,82,103,19,94,67,79,80,71,31,52,14 4767.0 82.908 21.0
68,3,108,105,86,89,22,36,64,95,20,81,6,80,29,27,2,76,82,61,9,87,106,25,73,96,1,42,74,37,83,45,34,98,78,63,50,13,8,56,88,104,77,91,65,90,33,62,23,41,48,7,46,5,107,101,32,59,26,18,99,35,19,67,24,60,4,11,12,70,92,85,28,58,54,47,52,53,72,102,51,39,57,38,43,71,103,31,97,55,79,14,100,49,30,40,0,44,15,84,21,93,66,75,17,94,16,10,69 4675.0 88.16199999999999 20.0
3,85,29,83,43,36,52,6,65,102,66,95,78,37,105,34,108,10,96,44,71,69,31,47,32,80,94,40,30,53,4,58,51,84,19,56,63,8,46,59,1,86,11,42,107,73,62,87,23,64,82,16,75,70,72,13,104,90,50,48,106,92,79,26,77,22,28,38,12,97,98,91,17,2,54,33,0,67,24,100,49,35,39,25,57,81,55,68,74,14,93,41,103,76,20,7,27,9,15,101,18,45,89,21,61,60,5,99,88 4768.0 76.384 22.0
3,85,29,83,58,59,49,6,80,102,34,32,36,72,95,57,14,5,64,99,35,53,107,104,77,93,98,66,10,30,17,28,27,13,106,81,105,37,51,87,88,47,1,44,12,75,61,56,31,8,86,26,42,63,21,96,25,16,90,50,48,82,11,79,19,76,22,20,38,70,97,94,4,2,54,89,60,101,24,100,52,74,55,45,39,18,62,43,15,103,92,46,23,78,0,108,65,9,67,7,73,33,40,69,91,84,41,71,68 4692.0 70.148 27.0
68,3,108,59,86,89,61,0,82,64,76,27,1,5,105,29,91,75,9,74,25,69,106,93,32,73,94,22,42,96,37,83,45,34,98,78,63,38,50,13,8,56,88,104,41,107,81,80,62,28,23,52,48,99,4,70,72,101,10,90,26,18,11,79,19,95,67,17,51,12,97,20,40,2,54,33,30,77,24,100,49,44,39,7,57,84,6,58,35,92,65,46,102,43,85,47,55,36,15,103,21,31,16,60,87,71,66,53,14 4615.0 88.00399999999999 23.0
68,3,108,59,86,89,61,0,82,64,76,27,1,5,105,29,91,75,9,74,25,69,106,93,32,73,94,22,42,96,37,83,45,34,98,78,63,38,50,13,8,56,88,104,41,107,81,80,62,28,23,52,48,99,4,70,72,101,10,90,26,18,11,79,19,95,67,17,51,35,65,2,97,54,85,21,60,77,24,100,49,44,39,7,57,30,46,53,16,36,102,15,43,31,87,14,66,33,47,20,84,92,103,6,55,40,12,58,71 4632.0 76.48 22.0
#
97,23,32,88,35,59,80,79,39,58,12,49,106,69,82,15,42,73,5,95,41,13,31,84,70,2,66,90,54,28,8,51,44,89,20,7,52,27,63,60,77,53,56,19,4,17,33,72,21,64,81,25,100,68,103,38,18,74,78,29,93,48,99,3,67,92,108,26,47,65,61,55,30,107,16,50,24,45,83,43,105,75,86,11,46,102,87,91,98,96,101,34,76,94,1,10,57,14,9,0,71,36,104,37,22,62,40,6,85 4697.0 77.52000000000002 26.0
61,69,62,107,68,20,3,56,90,87,101,7,9,41,103,10,48,98,43,6,37,2,38,57,13,71,66,36,99,58,93,33,102,72,30,15,95,50,23,51,83,92,52,73,44,0,5,18,26,85,63,74,86,108,4,47,84,77,22,91,54,42,1,46,16,88,17,105,96,28,29,75,31,94,104,78,64,11,79,49,19,55,97,82,39,32,14,12,45,81,53,25,100,60,70,59,65,40,67,24,89,27,106,21,8,76,80,35,34 4641.0 90.60000000000001 25.0
27,8,65,45,25,59,61,97,53,34,90,20,100,101,103,10,60,98,43,6,37,2,21,11,13,71,66,56,99,58,79,102,9,30,15,95,50,23,76,83,92,93,52,73,44,0,5,18,26,85,19,74,3,108,4,47,84,77,22,14,12,42,1,46,16,88,17,105,96,28,29,32,80,94,104,78,72,57,33,31,63,62,51,91,36,69,68,55,64,70,86,48,41,89,49,82,54,75,7,24,67,35,87,107,81,39,106,40,38 4707.0 76.09 19.0
61,69,62,107,68,20,3,56,90,87,101,7,9,41,103,10,48,98,75,6,37,2,38,57,13,71,66,36,99,29,93,33,77,72,30,108,78,50,23,51,83,92,31,47,44,0,5,18,26,85,63,74,86,15,4,73,84,102,22,14,54,42,1,46,16,21,17,105,96,28,58,43,52,94,104,95,64,11,79,49,19,55,65,53,97,67,82,81,89,91,45,27,60,59,76,80,12,32,100,24,8,35,34,70,25,39,106,40,88 4732.0 72.52800000000002 28.0
38,4,57,67,102,30,23,7,86,50,85,28,107,103,71,60,12,101,46,75,80,3,48,54,32,90,59,8,41,66,29,93,83,69,97,108,78,39,35,6,27,65,36,45,16,74,73,10,2,40,53,19,68,106,0,91,24,43,95,42,52,94,89,49,56,17,84,76,5,1,20,61,21,81,14,37,79,13,72,15,82,105,47,77,63,98,33,70,87,44,58,104,100,25,55,88,51,96,99,31,18,9,92,62,22,64,34,11,26 4701.0 73.12400000000001 23.0
62,40,31,96,50,72,102,39,55,54,101,7,48,16,0,28,18,19,52,86,83,76,66,22,84,71,34,33,106,29,94,36,70,43,41,59,35,6,27,100,10,51,47,44,45,82,99,37,64,5,92,23,12,79,38,88,73,75,74,69,60,46,17,87,91,42,57,2,14,78,103,89,30,68,105,32,20,81,65,25,15,85,53,107,97,104,1,4,108,58,56,67,11,9,61,26,49,3,93,13,95,8,98,63,80,21,24,77,90 4889.0 103.00399999999999 18.0
3,94,50,9,35,86,104,99,89,87,46,59,100,68,2,42,95,67,76,34,101,26,31,83,98,73,38,71,72,45,66,29,93,77,25,97,108,78,13,6,27,85,10,51,47,44,30,14,84,40,4,19,37,63,106,15,74,24,55,0,52,20,82,107,28,57,21,58,36,62,91,17,81,39,65,70,32,12,23,11,33,41,5,22,88,16,8,64,48,61,43,96,49,1,7,53,18,54,60,69,102,75,79,56,103,92,105,90,80 4649.0 84.66600000000001 23.0
51,20,66,7,105,19,46,68,22,3,94,85,83,15,50,11,62,79,21,10,43,4,36,1,9,6,76,72,0,65,48,96,99,35,95,82,93,100,86,75,106,57,59,58,63,101,108,45,81,30,78,41,16,25,23,39,54,107,61,42,70,69,52,49,31,74,12,67,89,40,80,8,56,104,92,103,33,88,97,18,91,5,34,90,55,77,28,53,17,44,64,27,13,60,14,47,29,26,84,32,38,102,2,71,87,98,24,73,37 4691.0 92.55600000000001 21.0
75,101,2,99,5,64,91,50,40,58,48,98,19,78,13,55,59,107,6,83,108,81,61,25,71,34,57,106,29,35,67,88,43,60,72,94,38,18,16,46,1,90,103,104,45,102,14,15,56,28,27,52,97,51,24,63,20,84,54,95,53,42,26,80,36,100,30,85,96,4,68,65,77,22,39,31,70,32,12,23,11,33,92,62,9,37,69,76,44,17,7,93,82,79,41,89,86,49,3,74,0,66,8,47,87,105,21,10,73 4631.0 111.37200000000001 19.0
38,43,47,8,18,30,23,13,104,78,85,28,105,103,71,60,12,101,46,73,17,59,75,80,64,34,33,106,29,94,44,19,90,50,77,88,69,70,20,10,95,1,41,92,45,0,61,74,3,42,97,84,52,67,7,96,22,37,35,54,93,2,98,6,107,14,49,5,100,55,15,91,27,24,58,39,25,56,66,87,108,83,31,79,99,53,4,21,81,62,65,48,51,76,16,57,72,63,68,102,9,36,86,32,40,82,89,11,26 4771.0 70.38000000000001 21.0
38,43,17,91,65,81,92,104,50,85,80,73,10,64,58,0,12,83,1,59,107,90,62,26,88,32,37,75,2,45,70,29,77,69,97,108,78,96,35,6,30,100,14,71,16,74,41,31,66,40,4,99,25,63,106,15,44,24,55,42,52,82,49,56,79,84,23,5,46,20,27,87,61,13,102,9,95,21,60,8,28,39,47,105,19,86,53,72,94,48,18,34,51,76,103,57,7,67,68,98,101,36,33,22,54,3,89,11,93 5030.0 102.27400000000002 17.0
4,37,66,23,29,30,84,68,11,16,85,28,73,36,46,58,82,51,74,100,59,107,97,42,25,49,71,8,33,75,72,103,38,95,108,90,14,56,24,43,55,87,13,98,45,5,10,106,2,40,53,19,88,61,6,91,35,27,102,50,104,63,48,99,3,67,105,0,26,47,65,77,22,39,31,70,32,12,62,89,44,78,41,54,18,86,17,96,69,1,21,20,34,94,76,64,57,7,15,81,9,101,79,80,93,60,52,92,83 5051.0 85.10600000000001 18.0
75,101,2,99,5,64,91,50,40,58,48,98,19,78,13,55,59,107,6,83,108,81,61,25,71,34,57,106,29,35,67,88,43,60,72,22,38,18,16,46,1,90,103,39,45,102,14,15,56,28,27,52,97,51,24,63,20,84,54,95,53,42,26,80,36,100,30,85,96,4,68,65,31,94,104,77,70,32,12,23,11,33,92,62,9,37,69,76,44,17,7,93,82,79,41,89,86,49,3,74,0,66,8,47,87,105,21,10,73 4561.0 103.97200000000001 21.0
38,43,17,91,65,81,92,104,50,85,80,73,10,64,58,0,12,83,1,59,107,90,62,26,88,32,37,75,2,45,70,29,77,69,97,108,78,96,35,6,30,100,14,71,16,74,41,31,66,40,4,99,25,63,106,15,44,24,55,42,52,82,49,56,79,84,23,5,46,20,27,60,11,87,9,57,76,67,13,18,68,3,61,53,36,95,86,39,98,21,94,34,19,28,7,101,93,54,51,22,102,72,8,89,103,48,105,33,47 4898.0 89.56 18.0
#
88,27,108,74,22,79,30,28,29,70,73,50,40,89,43,25,16,15,97,102,53,14,78,76,86,8,11,19,45,60,68,56,57,90,7,58,104,61,81,85,5,33,12,62,49,59,41,83,82,36,99,64,34,26,18,32,71,0,39,65,1,4,105,13,51,69,3,96,31,6,10,101,42,80,106,24,21,47,44,54,63,91,17,100,35,23,55,103,95,87,77,67,2,92,72,38,94,46,48,52,75,93,84,98,107,9,20,37,66 4741.0 81.23 22.0
38,104,93,71,64,82,12,31,106,56,78,94,97,15,68,10,28,24,48,46,16,7,22,11,43,0,88,40,79,74,19,4,95,8,87,75,9,37,61,32,59,5,55,33,14,85,29,50,2,39,83,84,86,57,58,13,1,41,54,81,60,107,101,77,80,102,35,89,45,18,42,105,73,76,69,67,21,25,23,17,91,47,99,90,103,3,51,65,27,34,72,53,36,6,66,98,108,62,26,30,44,100,92,96,49,20,70,63,52 4942.0 81.36800000000001 20.0
68,50,16,79,48,81,87,23,51,15,86,108,18,75,28,95,62,53,36,102,45,42,104,52,26,103,2,10,64,60,55,97,65,69,0,29,57,96,83,70,32,91,3,78,61,17,105,13,20,58,76,41,35,106,40,14,6,77,89,92,31,101,22,46,44,54,9,72,67,80,4,33,71,90,66,63,107,85,39,47,49,59,12,34,38,56,21,84,5,99,98,37,73,19,27,94,100,88,43,25,24,1,11,30,74,93,82,7,8 4595.0 90.10199999999999 23.0
19,106,70,0,12,86,80,29,64,84,56,78,94,97,23,15,68,89,28,24,48,46,16,7,22,43,11,27,88,40,79,61,2,35,104,108,54,4,17,3,102,58,91,103,37,32,38,83,60,44,66,33,98,36,93,14,9,13,67,49,71,57,21,90,72,52,59,87,95,31,63,75,34,53,51,6,69,62,5,81,73,1,20,8,39,47,96,65,10,45,41,107,92,105,42,26,30,99,18,74,55,85,50,82,101,25,100,77,76 4683.0 84.25999999999999 25.0
88,24,25,104,69,21,70,65,8,63,74,49,26,6,55,11,93,76,4,30,106,53,37,50,12,40,48,28,57,27,13,17,82,45,56,54,89,61,78,87,105,58,91,22,5,32,100,60,108,64,44,81,33,42,36,2,14,38,9,80,51,83,94,86,79,96,23,68,16,85,39,97,66,34,35,59,47,72,46,90,29,31,102,71,101,20,99,43,18,19,103,41,77,0,95,62,10,1,7,67,52,73,98,107,3,84,75,15,92 5004.0 91.61600000000001 18.0
38,104,93,13,64,82,12,31,84,56,78,94,97,15,68,10,28,24,48,46,16,7,22,33,11,27,88,40,79,74,19,85,95,8,87,105,9,37,86,32,59,5,30,43,107,4,26,52,0,41,29,106,61,98,90,71,36,39,54,81,60,14,101,77,80,102,35,89,45,18,63,75,34,53,69,67,21,25,23,17,91,47,99,58,103,3,51,65,2,73,72,76,1,6,66,57,108,62,83,55,44,100,92,96,49,20,70,42,50 4729.0 73.94999999999999 27.0
79,104,93,71,64,82,12,31,39,56,78,94,97,15,32,61,28,59,48,46,16,7,87,29,11,27,88,40,55,74,19,3,96,54,22,58,103,100,10,68,24,98,14,73,38,34,43,90,63,106,5,84,86,57,107,75,13,1,41,8,81,60,101,77,80,102,35,89,45,18,42,105,33,76,69,67,21,25,23,17,91,99,47,50,9,4,51,65,0,85,72,53,36,6,66,83,108,62,26,30,44,37,92,95,49,20,70,2,52 4718.0 79.318 27.0
19,106,70,0,12,86,80,29,64,84,56,78,92,97,23,15,68,89,28,24,48,46,16,7,22,43,11,27,88,40,79,61,2,35,104,108,54,4,17,3,102,58,91,103,37,32,38,83,60,44,66,33,98,36,93,14,9,13,67,49,71,57,21,90,72,52,59,87,95,31,63,75,34,53,51,6,69,62,5,81,73,1,20,8,39,47,96,65,10,45,41,107,94,105,42,26,30,99,18,74,55,85,50,82,101,25,100,77,76 4734.0 77.744 24.0
103,99,26,65,70,83,86,78,107,8,105,53,17,97,23,15,68,89,28,24,48,46,16,7,22,43,11,27,88,40,79,74,37,96,32,55,35,45,30,54,14,36,93,84,47,67,33,44,13,58,76,4,38,42,77,85,95,60,104,50,71,57,21,90,72,52,59,87,102,31,63,75,12,34,80,51,6,69,62,5,81,100,20,41,9,29,2,39,92,106,19,101,82,0,66,98,108,56,49,94,1,18,3,73,61,10,25,91,64 4668.0 83.89600000000002 27.0
68,88,6,71,48,7,79,85,78,0,52,11,97,47,76,49,1,18,72,40,23,55,50,16,100,43,105,25,34,29,74,61,2,20,51,108,62,4,86,64,102,58,91,22,5,32,38,90,53,44,81,33,98,36,93,14,9,89,67,17,63,103,31,83,87,94,95,13,75,30,70,59,10,60,84,46,69,26,37,66,73,106,12,77,57,28,96,65,24,45,41,107,56,15,42,54,21,92,104,3,35,99,80,19,82,27,8,39,101 4793.0 105.47200000000001 16.0
68,50,16,79,48,81,87,23,51,15,86,108,18,75,28,95,62,53,36,102,45,42,104,52,26,103,2,10,64,60,55,97,65,69,0,29,57,96,83,70,32,91,3,78,61,17,105,13,20,58,76,41,35,106,40,14,6,77,89,92,73,101,22,46,44,54,9,72,67,80,4,33,71,90,66,63,107,85,39,47,49,59,37,34,38,56,21,84,5,99,98,12,31,19,27,94,100,88,43,25,24,1,11,30,74,93,82,7,8 4623.0 86.99600000000001 25.0
38,104,93,71,64,82,12,31,106,56,78,94,97,15,68,10,28,24,48,46,16,7,22,11,43,0,88,40,79,74,19,4,95,8,87,75,9,45,37,61,32,59,5,55,33,14,85,29,50,2,39,83,84,86,57,58,1,41,54,81,60,107,101,77,80,102,35,89,18,42,105,73,76,69,67,21,62,91,23,34,44,20,52,6,51,49,65,96,108,90,92,66,47,103,53,26,98,27,70,25,72,63,30,3,13,99,100,17,36 4956.0 67.50999999999999 23.0
38,104,93,71,64,82,12,31,106,56,78,94,97,15,68,10,28,24,48,46,16,7,22,72,43,41,88,40,79,74,19,4,60,8,86,75,9,37,61,32,59,5,58,33,14,85,99,50,2,39,83,84,34,26,80,107,81,0,36,65,1,52,98,13,51,69,3,96,44,6,103,101,42,18,62,91,21,47,92,29,63,53,17,100,35,23,55,25,95,87,11,27,54,76,66,105,108,102,57,30,45,90,73,89,49,20,70,67,77 4898.0 83.774 19.0
38,104,93,71,64,82,12,31,106,56,78,94,97,15,68,10,28,24,48,46,16,7,22,11,43,0,88,40,79,74,19,4,95,8,87,75,32,45,37,61,9,59,5,55,33,14,85,29,50,2,39,83,84,86,57,58,13,1,41,54,81,60,107,101,77,80,102,35,89,18,42,105,73,76,69,66,21,25,23,17,91,47,99,90,103,3,51,65,27,34,72,53,36,6,67,98,108,62,26,30,44,100,92,96,49,20,70,63,52 4832.0 68.74799999999999 21.0
68,88,6,71,48,7,79,85,78,0,52,11,97,47,76,49,1,18,72,40,23,55,50,16,100,43,105,25,8,29,74,61,2,20,51,108,73,62,70,86,3,102,58,91,22,15,42,57,60,53,44,81,99,41,36,93,14,95,89,67,17,82,103,31,83,87,94,9,13,75,30,4,59,10,90,84,63,69,26,37,66,33,12,34,38,28,96,65,24,45,98,107,56,5,32,54,21,92,104,64,35,106,80,19,46,27,77,39,101 4993.0 98.056 17.0
19,106,70,0,12,86,80,64,84,56,78,94,97,23,15,68,89,28,24,48,46,16,7,22,43,11,27,88,40,79,61,2,35,29,104,108,54,4,17,3,102,58,91,103,37,32,38,83,60,33,44,66,98,36,93,14,9,13,67,49,71,57,21,90,72,52,59,87,95,31,63,75,34,53,51,6,69,62,5,81,73,1,20,8,39,47,96,65,10,45,41,107,92,105,42,26,30,99,18,74,55,85,50,82,101,25,100,77,76 4683.0 86.05 20.0
68,50,16,79,48,81,44,23,51,15,86,108,18,34,56,9,62,53,36,102,45,42,104,52,85,101,2,71,64,90,55,97,47,107,0,29,38,21,22,4,32,91,3,78,61,92,105,72,20,58,76,41,35,33,40,14,6,89,67,17,63,103,31,83,87,94,95,13,75,30,70,59,10,60,84,46,69,26,37,66,73,106,12,77,57,28,96,65,24,99,98,39,49,19,27,54,100,88,43,25,5,1,11,80,74,93,82,7,8 4811.0 85.14800000000001 21.0
68,88,6,71,48,7,79,85,78,0,52,11,97,47,76,1,49,18,72,40,23,55,50,16,100,43,105,25,34,29,74,61,2,12,51,108,54,4,86,3,75,102,58,91,22,5,38,90,60,44,66,33,98,36,93,14,9,89,67,17,63,103,31,83,87,94,95,13,30,70,59,39,53,84,106,92,69,62,32,81,73,35,20,8,57,28,96,65,24,45,41,107,56,15,42,26,37,99,19,46,77,82,10,80,101,104,21,27,64 4824.0 92.89599999999999 18.0
38,104,57,71,64,82,12,31,106,56,78,94,97,15,68,10,28,48,24,46,16,7,22,11,43,0,88,40,79,74,19,4,95,8,87,75,9,45,37,61,32,59,5,55,83,14,85,29,50,2,39,33,98,36,93,58,13,1,41,54,81,60,107,101,77,80,102,35,89,18,42,105,73,76,69,67,21,25,23,17,91,47,99,90,103,3,51,65,27,34,72,53,86,6,66,84,108,62,26,30,44,100,92,96,49,20,70,63,52 4747.0 69.652 22.0
68,88,6,71,48,7,79,85,78,0,52,11,97,47,76,49,1,18,72,40,23,55,50,16,100,43,105,25,77,29,74,61,2,20,51,108,62,70,86,64,102,58,46,22,15,42,57,60,53,44,81,106,41,36,93,14,95,89,104,17,91,35,31,83,87,94,9,13,75,30,4,59,10,90,84,63,69,26,37,66,73,33,8,34,38,28,96,65,24,45,98,107,56,5,32,54,21,92,67,3,103,99,80,19,82,27,39,12,101 4714.0 120.056 19.0
68,50,16,79,48,81,56,78,51,91,86,108,18,54,28,82,62,53,36,102,69,70,104,52,26,103,2,10,64,60,19,4,95,8,87,75,9,45,37,61,83,15,47,23,74,97,105,55,20,58,13,40,29,96,41,14,6,77,57,92,31,101,22,21,44,35,89,72,32,80,17,33,71,90,66,63,107,85,39,3,49,59,12,34,38,0,46,84,5,99,98,67,73,76,27,94,100,88,43,25,24,1,11,30,106,93,65,7,42 4666.0 104.666 21.0
38,104,93,71,64,82,12,31,106,56,78,94,97,15,68,10,48,24,28,46,16,7,22,11,43,0,88,40,79,74,19,4,95,8,87,75,9,45,37,61,32,59,5,55,33,14,85,67,50,2,39,83,84,86,57,58,13,1,41,54,81,60,107,101,77,80,102,35,89,18,42,105,73,76,69,29,21,25,23,17,91,47,99,90,103,3,51,65,27,34,72,53,36,6,66,98,108,62,26,30,44,100,92,96,49,20,70,63,52 4828.0 78.548 21.0
103,99,26,65,70,83,86,78,107,8,105,53,17,97,23,15,68,89,28,24,48,46,16,7,22,43,11,27,88,40,79,74,37,96,32,55,35,45,30,54,14,36,93,84,47,67,33,44,13,58,76,4,5,38,42,77,85,95,60,104,50,71,57,21,90,72,52,59,87,102,31,63,75,12,34,80,51,6,69,62,81,100,20,41,9,29,2,39,92,106,19,101,82,0,66,98,108,56,49,3,1,61,10,64,94,25,73,91,18 4686.0 79.81600000000002 26.0
68,88,6,71,48,7,79,85,78,0,52,11,97,47,76,49,1,74,18,72,40,23,55,50,16,100,43,105,25,34,29,61,2,12,51,108,54,4,86,64,102,58,91,22,5,32,38,90,53,44,81,33,98,36,93,14,9,89,67,106,63,35,31,83,87,94,95,13,75,30,39,59,10,60,84,70,69,26,37,66,73,17,20,8,57,28,96,65,24,45,41,107,56,92,15,62,42,99,19,46,77,82,103,80,101,104,21,27,3 4959.0 124.51599999999999 15.0
68,88,6,71,48,7,79,85,78,0,52,11,97,47,76,49,1,18,72,40,23,55,50,16,100,8,43,105,25,34,29,74,61,2,12,51,108,66,4,86,3,102,58,99,22,5,32,38,90,82,37,81,33,98,36,93,14,9,89,67,20,73,103,31,83,87,94,95,13,75,30,70,59,91,60,62,21,53,46,44,54,63,10,17,104,35,28,96,65,24,45,41,107,56,15,42,84,101,92,69,106,57,77,39,80,26,27,19,64 4726.0 110.53599999999999 18.0
68,88,6,71,48,7,79,85,78,0,52,11,97,47,76,49,1,18,72,40,23,55,50,16,100,43,105,25,8,29,74,61,2,20,51,108,54,39,86,64,102,58,92,22,5,32,57,60,53,44,81,106,41,36,93,14,95,89,104,17,91,35,31,83,87,94,9,13,75,30,4,59,10,90,84,63,69,26,37,66,73,33,12,34,38,28,96,65,24,45,98,107,56,15,42,62,70,99,19,46,77,82,103,80,101,67,21,27,3 4891.0 101.54 17.0
68,88,6,71,48,7,79,85,78,0,52,11,97,47,76,1,49,18,72,40,23,55,50,16,100,43,105,25,34,29,61,2,12,51,108,54,4,86,3,102,58,91,22,5,32,38,90,53,44,81,33,98,36,93,14,74,9,89,67,17,63,103,31,83,87,94,95,13,75,30,70,59,10,60,84,82,69,92,62,27,66,73,35,20,8,57,28,96,65,24,45,41,56,15,42,26,37,99,19,46,77,107,39,80,101,104,21,106,64 4757.0 118.53199999999997 17.0
68,88,6,71,48,7,79,85,78,0,52,11,97,47,76,49,1,18,72,40,23,55,50,16,100,43,105,25,34,29,74,61,2,12,51,108,54,4,86,3,27,58,91,107,22,5,32,38,82,53,44,81,33,98,36,93,14,9,89,67,17,63,103,31,83,87,94,95,13,30,70,59,39,60,84,106,92,69,62,102,66,73,35,20,8,57,28,96,65,24,45,41,56,15,42,26,37,99,19,46,77,90,10,80,101,21,75,104,64 4786.0 112.80799999999998 17.0
68,88,6,71,48,7,79,85,78,0,52,11,97,47,76,49,1,18,72,40,23,55,50,16,100,43,105,25,34,29,74,61,2,12,51,108,54,4,86,3,102,58,91,22,5,32,38,90,53,44,81,33,98,36,93,14,9,89,67,17,63,103,31,83,87,94,82,13,75,30,70,59,10,60,84,46,69,26,37,66,73,106,20,77,57,28,96,65,24,45,41,107,56,15,42,62,21,92,104,64,35,99,80,19,95,27,8,39,101 4726.0 119.67599999999997 16.0
68,88,6,71,48,7,79,85,78,0,52,11,97,47,76,49,1,18,72,40,23,55,50,16,100,43,105,25,34,29,74,61,2,20,51,108,62,4,86,3,102,58,91,22,5,32,38,90,53,44,81,33,98,36,93,14,9,89,67,17,63,103,31,83,87,94,82,95,13,30,70,59,39,60,84,106,92,69,54,27,66,73,35,12,8,57,28,96,65,24,45,41,56,15,42,26,37,99,19,46,77,107,10,80,101,21,75,104,64 4736.0 107.49599999999998 18.0
#
1,103,78,18,80,86,39,45,94,73,0,23,27,11,54,92,3,77,71,83,62,108,64,8,22,16,15,42,98,93,96,52,17,34,90,53,81,35,29,95,51,43,47,26,89,66,36,61,74,84,76,68,107,85,24,19,4,101,25,5,10,37,31,38,82,72,28,20,30,104,55,100,7,88,32,91,70,59,9,105,67,46,97,99,58,40,49,13,69,21,41,79,2,87,56,60,33,65,14,44,63,57,102,50,48,6,75,106,12 4727.0 99.57 21.0
3,101,64,23,58,103,63,97,69,24,45,5,1,105,13,30,38,56,16,61,10,94,78,8,39,92,74,104,88,11,60,25,19,81,71,67,84,102,85,26,21,66,108,48,106,7,41,51,93,50,28,65,90,35,57,62,4,52,54,72,12,20,91,34,29,15,37,55,22,59,96,107,43,82,79,0,73,36,87,53,49,44,68,18,46,70,42,83,31,95,27,77,80,9,33,17,2,100,98,89,76,47,40,32,99,6,75,14,86 4885.0 79.30799999999999 20.0
3,72,98,22,38,43,31,95,54,91,17,58,87,59,82,46,32,103,41,83,27,28,33,85,99,8,15,80,92,18,107,47,37,51,44,36,60,69,20,7,89,21,39,63,16,2,24,66,50,29,96,100,13,105,25,45,88,65,62,79,49,40,9,67,64,61,12,106,68,76,23,90,5,34,77,84,104,102,52,97,4,56,19,53,108,26,86,48,93,73,1,11,10,6,42,74,14,78,70,94,30,81,71,55,0,57,75,101,35 4658.0 104.884 23.0
85,103,78,88,53,86,38,95,10,73,68,9,27,84,96,7,3,30,71,83,90,108,43,57,14,19,64,87,98,29,54,2,77,31,66,101,22,47,49,102,48,44,97,81,82,46,75,51,93,50,28,35,52,42,0,62,91,100,92,70,4,79,59,36,33,1,99,56,94,5,25,89,15,40,11,80,74,34,69,60,32,13,107,17,37,16,72,12,21,58,63,105,76,106,39,20,18,61,23,26,8,6,45,24,55,41,67,65,104 4591.0 81.48599999999999 24.0
1,103,78,88,53,86,38,95,10,73,68,9,27,11,96,7,3,30,71,83,90,108,43,57,14,19,15,42,98,29,54,2,77,31,66,101,22,47,49,102,50,44,97,81,82,46,75,51,5,48,35,72,93,21,70,16,13,36,105,89,40,94,99,84,69,6,87,0,37,32,100,107,25,17,92,61,58,24,104,74,33,65,26,45,8,80,52,62,34,55,76,106,23,79,39,41,60,18,63,12,59,4,85,28,56,67,91,20,64 4727.0 98.276 23.0
59,64,23,101,58,103,63,97,69,24,45,5,1,105,13,30,38,56,16,61,10,94,78,8,39,92,74,104,88,11,60,25,19,81,71,67,84,102,85,26,21,66,108,48,106,7,41,51,93,50,28,35,52,42,0,62,91,80,98,14,54,37,31,55,82,72,12,83,90,3,75,100,77,86,32,68,76,79,9,15,43,47,73,18,107,22,53,4,36,2,57,44,27,46,17,65,89,33,34,95,70,29,40,20,99,6,87,96,49 5198.0 85.74200000000002 18.0
3,101,64,23,58,103,63,97,69,24,45,5,1,105,13,30,38,91,54,61,10,72,78,8,39,92,74,104,88,11,60,25,81,71,57,84,102,85,26,21,66,108,48,106,7,29,51,12,50,4,65,90,35,67,44,28,31,16,94,93,82,56,34,41,15,37,55,22,59,96,107,43,20,79,0,73,36,87,53,49,62,68,18,46,70,42,83,52,95,27,77,80,9,33,17,2,100,98,89,76,47,32,14,99,6,75,19,40,86 4830.0 71.08000000000001 22.0
85,92,65,41,31,106,95,50,4,83,14,87,43,26,94,3,18,1,20,108,24,98,46,80,21,67,68,27,82,16,90,57,61,51,22,75,13,29,38,72,56,70,84,102,103,8,44,53,81,5,77,2,63,88,28,42,23,76,79,36,40,32,58,45,59,55,93,33,19,71,25,89,15,91,11,10,74,34,66,37,107,9,97,60,49,6,0,30,47,78,12,86,52,17,62,73,96,64,101,69,105,7,35,54,100,39,48,99,104 5013.0 95.94599999999998 17.0
3,94,98,93,38,84,31,95,54,91,17,58,87,59,82,46,75,103,41,83,27,28,33,85,99,8,35,80,92,66,90,13,37,51,44,55,60,69,14,7,89,21,39,63,71,10,24,26,50,29,96,25,78,105,104,45,88,65,62,72,49,40,5,67,64,23,108,0,61,81,19,100,77,86,32,68,76,79,9,15,43,47,73,18,107,22,53,4,36,2,57,74,12,1,20,34,48,6,101,42,30,16,70,106,56,97,102,11,52 5037.0 89.55799999999999 19.0
1,103,78,24,53,86,38,95,10,73,72,9,27,11,96,7,3,30,71,83,90,108,43,57,35,19,15,42,98,29,54,2,77,31,46,101,22,47,49,88,50,44,97,81,82,66,36,61,74,60,76,68,21,70,16,13,14,105,102,40,94,99,84,69,6,0,37,89,32,100,48,25,17,92,51,58,93,104,5,65,80,12,79,52,63,34,41,56,39,67,55,106,75,64,62,33,107,18,91,4,20,28,87,59,8,45,23,85,26 4890.0 107.78800000000001 19.0
1,103,78,88,53,86,38,95,10,73,68,9,27,11,96,7,3,30,71,83,90,108,43,57,14,19,15,42,98,29,54,2,77,31,66,101,22,47,49,102,50,44,97,81,82,46,75,51,5,48,35,72,21,70,16,13,93,105,45,40,94,99,84,69,6,0,37,32,100,107,25,17,92,18,58,24,104,62,39,87,4,41,52,12,63,80,56,8,23,28,33,20,55,76,64,26,60,85,74,79,106,61,91,89,36,65,34,59,67 4734.0 87.01200000000001 21.0
85,103,78,88,53,86,38,95,10,73,68,16,27,84,96,7,3,30,71,83,90,108,43,57,14,19,64,42,98,29,54,76,77,31,66,101,22,47,12,102,50,44,97,81,37,46,75,51,5,48,35,72,93,106,24,4,28,100,92,70,105,59,36,33,1,99,39,94,52,25,89,15,91,80,74,34,58,20,32,62,107,17,11,82,9,40,49,13,69,21,41,79,2,87,56,60,18,61,23,26,8,6,45,0,55,63,67,65,104 4581.0 117.42999999999998 23.0
85,103,78,88,53,86,38,95,10,73,68,9,27,11,96,7,3,30,71,83,90,108,43,57,14,19,64,42,98,29,54,76,77,31,66,101,22,47,12,102,50,44,97,81,37,46,75,51,5,48,35,72,93,106,24,4,28,100,92,70,105,59,36,33,1,99,39,94,52,25,89,15,91,80,74,34,58,20,32,62,107,17,84,82,16,40,49,13,69,21,41,79,2,87,56,60,18,61,23,26,8,6,45,0,55,63,67,65,104 4714.0 81.08 25.0
85,103,78,88,53,86,38,95,10,73,68,16,27,84,96,7,3,30,54,83,90,108,43,57,14,19,64,42,98,29,71,76,77,31,66,101,22,47,12,102,50,44,97,81,37,46,75,51,5,48,35,72,93,106,24,4,28,100,92,70,105,59,36,33,1,99,39,94,52,25,89,15,91,80,74,34,58,20,32,62,107,17,11,82,9,40,49,13,69,21,41,79,2,87,56,60,18,61,23,26,8,6,45,0,55,63,67,65,104 4588.0 89.73 25.0
59,101,64,23,58,103,63,97,69,24,45,5,1,13,30,105,38,56,16,61,10,94,78,8,39,92,74,104,88,11,60,25,19,81,71,67,84,102,85,26,21,66,108,48,106,7,41,51,93,50,28,35,52,42,0,15,91,80,98,14,54,37,31,55,82,72,12,83,90,3,75,100,77,86,9,68,76,20,32,62,107,17,73,18,43,22,53,4,36,2,57,44,27,46,47,65,89,33,34,95,70,29,40,79,99,6,87,96,49 5073.0 82.444 19.0
37,67,45,23,58,103,63,61,10,73,68,9,27,11,96,7,3,30,71,83,90,108,43,57,14,19,15,42,98,29,54,2,77,31,66,101,22,47,49,102,50,44,97,81,82,46,75,51,5,48,35,72,93,87,24,13,40,100,92,70,79,59,36,33,1,99,56,94,52,25,89,60,91,84,80,74,34,69,64,32,62,26,0,18,107,78,53,4,21,38,8,16,106,105,17,65,104,55,76,95,39,86,88,20,28,6,41,12,85 4741.0 73.08 24.0
85,103,78,4,53,86,38,95,10,73,68,9,27,11,96,7,3,30,71,83,90,108,43,57,14,19,15,42,98,29,54,2,77,31,66,101,22,47,49,102,50,44,97,81,82,46,75,51,5,48,36,72,93,21,24,88,105,35,13,16,89,94,99,84,69,6,0,59,52,25,28,64,91,80,74,34,58,20,32,62,107,17,33,37,70,40,12,92,1,106,63,65,67,87,60,61,79,55,56,45,23,18,76,41,100,39,8,26,104 4755.0 77.528 21.0
85,92,65,41,31,106,95,50,4,83,14,87,43,26,94,3,18,1,20,108,24,98,46,80,21,67,68,27,82,16,90,57,61,51,22,75,13,29,38,72,56,70,84,102,103,8,44,53,81,5,77,2,63,88,28,42,23,76,79,36,40,32,58,45,59,55,93,33,19,71,25,89,15,91,11,10,74,34,66,37,107,9,97,60,49,6,0,30,47,78,54,96,35,17,101,62,7,73,105,99,48,100,69,39,64,12,52,86,104 5017.0 90.94599999999998 18.0
1,103,78,24,53,86,38,95,10,73,72,9,27,11,96,7,3,30,71,83,90,108,43,57,35,19,15,42,98,29,54,2,77,31,46,101,22,47,49,88,50,44,97,81,82,66,36,61,74,60,76,68,21,70,16,13,14,105,102,40,94,99,84,69,6,0,37,89,32,100,48,25,17,92,51,58,93,104,5,65,80,12,79,52,63,34,41,56,45,55,75,106,4,26,23,39,107,18,8,64,59,20,85,28,62,67,91,87,33 4863.0 110.388 19.0
85,67,45,23,58,103,63,61,10,73,68,9,27,84,7,3,30,71,83,90,108,43,57,14,19,64,42,60,29,54,2,77,31,66,101,22,47,49,102,50,44,96,97,81,82,46,75,51,5,48,35,72,93,87,24,13,40,100,92,70,79,59,36,33,1,20,99,56,94,52,25,89,15,91,11,80,74,34,69,98,32,62,26,17,0,18,107,78,53,55,104,105,76,88,39,28,41,38,21,95,8,12,37,106,86,4,6,65,16 5003.0 100.412 19.0
37,67,45,23,58,103,66,61,10,101,68,9,27,84,7,3,93,30,71,83,90,108,43,57,14,19,64,42,60,11,96,13,54,24,63,73,56,47,49,102,50,44,77,97,81,82,46,75,51,5,48,35,72,87,31,2,40,100,92,70,79,59,36,33,1,99,22,94,52,25,89,15,91,29,80,74,34,69,98,32,62,26,0,18,107,78,53,4,21,38,8,16,106,105,17,65,104,55,76,95,39,86,88,20,28,6,41,12,85 4767.0 70.12800000000001 24.0
59,100,67,52,33,43,92,26,12,103,83,7,10,108,106,63,1,56,20,18,21,53,38,4,99,94,17,42,98,6,54,2,77,102,46,101,47,39,49,84,50,44,87,81,82,62,31,61,24,5,48,68,88,28,16,23,76,79,36,40,32,58,45,85,55,93,22,19,71,25,89,15,91,11,80,74,34,66,37,107,57,97,60,29,75,0,30,90,78,104,105,51,70,72,96,64,41,73,3,95,8,27,69,9,86,14,13,65,35 4817.0 120.06200000000001 18.0
3,104,92,60,38,33,51,95,107,91,17,58,87,59,82,46,32,103,41,83,90,108,43,57,14,19,64,42,98,29,54,76,77,31,66,101,22,47,12,102,89,21,39,63,16,2,24,44,50,18,96,100,13,105,25,45,88,65,62,79,49,40,9,67,15,61,20,106,4,6,28,72,56,23,93,75,97,94,74,80,78,84,36,73,5,69,70,71,26,27,99,10,53,1,85,34,48,81,55,35,30,86,8,37,0,68,7,11,52 4754.0 70.17 25.0
85,103,78,88,12,86,38,95,10,39,74,60,23,84,96,7,3,30,71,83,90,108,62,63,14,19,64,42,98,29,54,58,77,31,66,101,28,16,49,102,50,105,97,82,106,75,51,5,48,35,72,93,81,87,24,13,40,100,92,70,69,59,21,61,1,99,56,94,52,25,37,80,91,11,32,68,76,79,9,15,43,47,73,18,107,22,53,4,36,2,57,44,27,46,17,65,89,33,41,26,8,6,45,0,55,34,104,20,67 4657.0 66.57000000000001 26.0
85,103,78,88,53,86,38,95,10,73,68,9,27,84,96,7,3,30,71,83,90,108,43,57,14,19,64,87,98,29,54,2,77,31,66,101,22,47,49,102,48,44,97,81,82,46,75,51,93,50,28,35,52,42,0,62,91,100,92,70,4,79,59,36,40,1,99,94,5,25,89,15,72,80,74,34,58,20,32,105,107,17,11,37,16,33,12,13,69,21,41,39,76,106,56,60,18,61,23,26,8,6,45,24,55,63,67,65,104 4586.0 111.36 25.0
1,103,78,88,53,86,38,95,10,73,68,9,27,11,96,7,3,30,71,83,90,108,43,57,14,19,15,42,98,29,54,2,77,31,66,101,22,47,49,102,50,44,97,81,82,46,75,51,5,48,35,72,93,21,70,16,13,36,105,89,40,94,84,69,85,0,37,32,100,107,25,17,92,18,58,24,104,62,39,4,41,52,12,63,80,56,8,23,28,33,20,55,76,64,26,87,60,6,74,79,106,61,91,99,45,65,34,59,67 4726.0 116.41000000000003 22.0
1,103,78,105,53,86,38,95,10,73,68,9,27,11,96,7,3,30,71,83,90,108,43,57,14,88,15,42,98,29,54,2,77,31,66,101,22,47,49,102,50,44,97,81,82,46,75,51,5,48,36,72,107,65,24,19,40,35,13,16,89,94,99,84,69,6,0,37,32,100,93,25,17,92,61,58,70,104,74,21,80,12,79,52,63,34,41,56,45,55,76,106,4,26,23,39,60,18,8,64,59,20,85,28,62,67,91,87,33 4812.0 103.62400000000001 20.0
1,103,78,88,53,86,38,95,10,73,68,9,27,11,96,7,3,30,71,83,90,108,43,57,14,19,15,98,29,54,2,77,31,66,101,22,93,49,102,50,44,107,81,82,46,75,51,5,48,79,84,47,87,42,24,13,40,100,92,70,97,59,36,33,85,99,56,94,52,25,89,64,91,35,80,74,34,69,60,32,62,72,17,37,16,28,12,4,21,58,63,105,76,106,39,20,18,61,23,26,8,6,45,0,55,41,104,65,67 4730.0 113.10000000000001 19.0
3,72,98,22,38,43,31,95,54,91,17,58,1,59,82,46,32,103,14,83,27,28,48,85,99,8,15,80,92,18,107,47,37,51,106,36,34,26,20,7,89,90,39,63,16,53,24,50,29,96,100,71,105,25,45,88,81,62,10,70,76,9,67,64,61,12,44,4,6,108,104,57,23,93,75,97,94,74,42,78,84,101,73,5,40,49,13,69,21,41,79,2,87,56,60,33,66,65,55,35,30,86,19,77,0,68,102,11,52 5000.0 100.94400000000002 18.0
#
44,3,55,27,95,2,25,85,100,103,47,80,60,43,58,94,7,34,87,40,98,4,16,52,97,83,76,14,49,48,6,17,66,54,86,93,20,50,73,101,74,99,26,105,51,82,30,24,53,61,15,22,39,13,23,62,77,18,56,63,69,11,91,41,104,32,57,35,10,42,107,31,70,59,0,5,64,68,65,92,1,29,45,8,79,12,38,28,9,72,46,67,36,88,19,102,21,33,78,90,96,108,71,106,81,89,84,37,75 4705.0 74.35199999999999 23.0
85,92,63,50,93,67,42,15,89,87,101,69,99,9,68,38,40,13,36,48,57,11,55,61,51,37,3,2,72,18,105,98,49,59,96,29,83,108,88,95,6,47,91,86,65,82,54,90,53,79,58,14,22,12,10,20,45,77,52,97,66,16,71,5,24,44,7,73,76,62,27,4,23,46,104,84,106,34,74,102,25,80,1,56,100,70,26,103,30,41,64,28,21,39,81,17,94,0,31,43,32,19,75,107,8,33,60,35,78 4866.0 73.75 25.0
39,74,16,4,73,34,13,96,84,99,50,47,60,10,107,68,26,21,38,43,87,56,30,88,0,12,76,29,78,94,82,70,101,98,28,3,86,95,31,2,91,79,40,102,83,37,59,52,103,80,5,90,81,9,108,63,1,89,75,33,14,20,55,97,72,25,48,23,104,7,105,62,42,71,35,65,54,46,6,11,106,67,22,100,51,61,24,17,41,49,8,92,32,45,69,15,18,85,36,93,53,58,64,66,44,77,27,19,57 4846.0 78.52000000000001 22.0
44,84,88,20,57,102,42,64,27,31,34,55,51,40,81,75,60,85,59,1,18,4,16,9,33,83,78,39,10,68,6,92,2,45,86,65,38,67,73,69,28,21,89,22,94,61,54,35,0,90,46,50,91,19,103,77,5,95,56,63,32,25,24,82,36,23,96,71,8,62,100,80,13,47,53,74,37,76,79,107,3,108,12,29,106,104,93,30,26,105,72,14,7,101,66,98,99,15,87,52,41,43,70,17,97,58,49,48,11 4583.0 117.97000000000003 23.0
44,18,8,84,101,12,42,82,98,103,34,77,28,32,39,0,60,38,64,56,74,81,9,72,79,100,20,27,85,73,93,75,105,51,14,47,66,7,104,57,96,65,26,25,19,91,46,1,78,11,55,86,68,88,31,41,16,107,35,92,40,3,61,59,45,63,69,2,30,71,54,106,6,50,4,48,67,23,102,99,10,5,33,49,90,62,37,21,53,13,87,80,76,24,83,108,89,15,29,52,36,94,70,17,97,58,95,43,22 4858.0 112.35000000000001 15.0
44,69,8,84,101,106,42,82,27,4,34,77,28,32,39,100,60,18,99,6,74,81,9,83,78,64,20,26,0,73,93,75,105,51,62,47,90,86,104,11,45,65,98,103,108,91,46,72,1,25,5,10,22,48,31,41,16,107,35,92,40,3,61,59,76,63,102,2,38,71,23,87,56,55,68,88,30,7,79,54,67,57,33,19,66,14,37,21,53,13,12,80,85,24,50,49,89,15,29,52,36,43,70,17,97,58,95,94,96 4596.0 83.818 23.0
44,18,8,71,101,12,73,82,27,31,1,77,28,32,39,87,60,67,64,56,103,81,9,72,99,33,102,26,7,48,70,75,61,51,14,105,47,66,46,104,57,91,19,95,21,65,45,85,34,6,84,108,96,37,42,74,40,20,41,76,88,3,11,25,52,23,16,79,69,93,55,83,98,15,92,30,107,5,13,100,24,10,0,90,62,68,59,53,2,36,80,86,38,50,49,89,4,54,29,35,106,97,78,63,58,94,17,43,22 4993.0 76.026 19.0
44,67,82,92,17,37,55,39,7,71,12,83,89,68,69,63,51,42,31,28,30,91,99,6,98,33,62,84,47,29,86,45,4,20,74,1,59,90,5,48,76,64,22,46,78,95,72,11,75,61,85,15,40,18,66,9,108,87,81,100,88,3,101,105,25,52,23,16,79,54,93,13,14,36,24,10,19,102,57,8,56,26,103,73,41,35,97,21,53,2,106,80,96,38,50,49,0,27,43,32,34,60,107,58,77,70,94,65,104 4817.0 86.84 17.0
44,18,84,101,12,3,82,27,31,34,55,51,40,81,39,45,105,95,49,43,9,66,32,0,15,21,29,10,68,6,92,2,60,86,65,38,67,73,69,28,47,83,76,19,91,46,1,78,61,13,14,48,104,71,41,16,107,35,75,62,42,7,85,56,52,103,77,24,102,23,87,64,89,26,88,30,54,8,5,79,100,57,11,99,90,72,37,20,53,59,106,80,96,108,50,25,98,4,33,63,36,74,70,17,97,58,93,94,22 4923.0 78.07200000000002 22.0
44,18,84,51,47,42,82,14,103,34,9,73,30,32,60,108,76,20,64,8,33,86,101,97,81,65,15,46,56,13,1,68,72,6,95,28,77,48,104,27,12,83,25,19,91,7,75,78,11,55,85,105,74,31,16,107,35,92,40,3,61,59,39,63,102,94,24,71,23,87,67,58,98,26,88,99,54,41,5,79,100,69,10,0,90,62,37,21,53,2,106,80,96,38,50,49,89,4,29,52,36,43,70,17,66,57,45,93,22 4755.0 110.40800000000002 17.0
44,18,8,84,101,12,42,82,98,103,34,77,28,32,39,0,60,38,64,56,74,81,9,72,79,33,20,26,7,73,93,75,105,51,14,47,66,85,104,57,96,65,27,25,19,91,46,1,78,11,55,86,68,88,31,41,16,107,35,92,40,3,61,59,45,63,69,2,30,71,54,106,6,50,4,48,67,23,102,99,10,5,100,49,90,62,37,21,53,13,87,80,76,24,83,108,89,15,29,52,36,94,70,17,97,58,95,43,22 4710.0 86.92800000000001 20.0
44,18,8,84,101,12,42,82,27,48,34,77,28,32,39,108,60,67,64,56,74,81,9,63,54,33,20,26,7,73,93,75,105,51,14,47,83,66,76,104,57,45,65,40,91,99,19,46,1,78,11,55,86,68,88,31,41,16,107,35,92,102,2,100,85,59,72,25,17,13,23,87,95,98,15,71,30,103,10,79,61,69,5,0,90,62,37,21,53,3,106,80,96,38,50,49,89,4,29,52,36,43,70,24,97,58,6,94,22 4896.0 78.132 20.0
44,18,8,71,101,12,73,82,27,31,1,77,28,32,39,87,60,67,64,56,103,81,9,72,99,33,102,26,7,48,70,75,61,51,14,105,47,66,46,104,57,91,19,95,21,65,45,85,34,6,84,108,96,37,42,74,40,20,41,76,88,3,11,25,52,23,16,79,69,54,93,55,83,98,15,92,30,107,5,13,100,24,10,0,90,62,68,59,53,2,106,80,86,38,50,49,89,4,29,35,36,43,63,17,97,58,78,94,22 5012.0 83.28200000000001 18.0
44,18,8,71,101,12,73,82,27,31,1,77,28,32,39,87,60,67,64,56,103,81,9,72,99,33,102,26,7,48,70,75,61,51,14,105,47,66,46,104,57,91,19,95,21,65,45,85,34,6,84,108,96,37,42,74,40,20,41,76,88,3,11,25,52,23,16,79,69,93,55,83,98,15,92,30,107,5,13,100,24,10,0,54,90,62,68,59,53,2,36,80,86,38,50,49,89,4,29,35,106,94,78,63,58,97,17,43,22 5015.0 77.346 18.0
44,72,84,101,8,3,82,27,31,59,24,51,28,75,39,47,105,30,77,52,43,9,41,32,0,79,20,29,56,48,57,91,2,60,26,7,89,67,54,104,61,45,40,83,92,19,34,1,78,11,38,71,68,23,58,66,53,108,87,81,100,62,42,10,49,95,103,55,12,25,22,15,13,86,65,85,73,102,6,64,88,5,76,107,90,18,37,21,16,46,106,80,96,99,50,69,98,4,33,63,36,74,70,17,97,14,93,94,35 4823.0 86.63 21.0
44,88,48,84,57,102,42,64,27,31,34,55,51,40,81,39,45,105,95,49,43,9,66,32,0,15,21,29,10,68,6,107,2,60,86,65,38,67,73,69,28,78,89,22,94,61,54,35,33,90,46,50,91,19,103,77,5,59,56,63,4,25,24,82,36,23,96,71,8,62,100,80,13,47,53,74,37,76,79,92,3,108,12,75,106,104,93,30,26,85,72,14,7,101,16,98,99,83,87,52,41,18,70,17,97,58,1,11,20 4691.0 124.688 20.0
44,18,57,84,101,69,42,90,46,31,34,77,28,40,39,92,60,67,64,56,74,81,9,72,99,33,20,15,7,48,88,75,105,51,14,98,66,85,54,61,45,65,83,10,19,91,27,1,78,21,55,86,68,73,41,95,16,5,35,59,63,32,25,24,82,36,23,96,71,8,62,100,80,13,47,53,37,76,79,107,3,108,12,29,106,104,93,30,26,2,0,87,102,38,50,49,89,4,103,52,11,43,70,17,97,58,6,94,22 4554.0 105.56 24.0
44,18,8,84,101,29,42,82,6,103,34,9,102,32,60,50,39,86,48,57,97,77,58,30,38,47,26,21,7,56,93,75,105,51,36,54,66,85,104,69,45,65,52,106,72,91,46,1,78,11,55,17,68,43,31,33,16,107,35,92,40,3,61,59,95,63,73,94,79,71,23,25,70,108,2,15,88,81,41,99,10,5,100,49,90,62,37,19,53,13,87,80,76,24,83,67,89,14,12,74,4,96,64,0,28,20,27,98,22 4718.0 91.96000000000001 18.0
44,18,8,84,101,12,42,82,27,31,34,77,28,32,39,108,60,67,64,56,74,81,9,72,99,33,20,26,7,48,93,75,105,51,14,47,66,85,104,10,45,65,83,25,19,91,46,1,78,30,55,86,68,73,41,62,16,107,35,63,40,3,61,59,76,92,102,2,24,71,23,87,13,95,98,15,88,11,103,5,79,100,69,90,0,54,37,21,53,57,106,80,96,38,50,49,89,4,29,52,36,43,70,17,97,58,6,94,22 4734.0 88.42800000000001 19.0
#
97,70,35,82,27,31,51,19,30,15,107,94,25,32,86,41,4,71,91,7,96,36,99,39,89,61,12,75,37,101,72,88,68,20,106,98,43,44,77,57,56,38,21,80,78,6,62,33,47,104,79,1,76,84,17,10,34,87,74,73,22,69,93,18,54,14,45,26,5,64,60,29,65,83,58,8,11,52,67,42,0,81,40,50,85,2,53,63,59,23,55,108,92,24,28,48,66,46,102,49,103,16,105,90,13,100,9,3,95 4738.0 75.784 25.0
62,30,84,28,73,82,51,50,11,40,35,17,48,32,61,39,44,15,1,83,36,7,23,69,93,101,33,79,68,8,91,52,86,10,97,57,14,92,21,4,29,47,54,81,26,71,19,0,94,89,66,90,3,37,5,34,98,16,13,63,104,80,95,27,25,88,74,45,49,102,20,87,99,72,22,41,100,78,59,53,12,2,18,106,96,107,31,85,42,43,6,56,67,105,75,60,24,76,64,58,77,55,38,108,70,9,46,65,103 4831.0 70.22 24.0
59,70,107,24,45,47,92,12,52,4,67,50,57,3,5,46,20,7,85,98,35,72,48,40,28,58,33,11,71,66,42,89,51,95,53,37,44,15,96,108,34,1,31,101,17,69,29,80,39,38,25,62,55,65,27,79,23,61,82,83,41,8,32,73,54,10,6,26,16,9,75,103,87,0,49,68,2,105,21,102,60,22,14,36,74,93,97,18,56,99,76,78,94,104,77,63,91,84,88,43,86,64,30,90,13,100,19,81,106 4813.0 73.52 23.0
39,50,101,24,75,8,65,12,36,30,77,85,9,74,32,19,10,33,58,104,11,46,4,71,82,52,88,5,78,76,86,99,67,61,49,66,28,84,93,48,92,14,15,20,37,87,43,35,55,47,62,59,69,108,73,79,23,13,91,83,44,80,97,68,7,63,102,41,0,64,72,1,56,3,106,17,95,96,34,6,100,98,60,53,105,29,54,42,94,70,22,16,2,103,26,27,89,51,25,107,90,31,18,38,57,21,45,40,81 4903.0 69.316 23.0
85,94,16,29,2,88,89,47,14,11,46,77,12,105,61,57,18,65,45,68,41,17,100,62,9,49,86,19,20,74,50,33,102,40,69,10,38,53,106,0,60,81,22,96,70,34,1,66,108,90,44,72,101,31,79,3,84,59,13,78,21,91,75,36,30,26,107,5,4,71,76,23,87,35,58,8,64,7,32,6,51,82,37,55,48,63,56,98,39,104,103,42,97,83,93,80,28,24,27,67,52,99,15,25,73,95,54,92,43 4755.0 77.72000000000001 21.0
85,94,16,29,2,88,89,47,14,11,46,77,12,6,61,57,18,65,45,83,41,17,100,62,9,49,86,19,20,74,50,33,102,55,48,10,103,53,106,0,81,22,96,56,97,60,107,93,108,90,44,72,101,31,79,98,84,59,13,78,21,91,75,82,30,26,1,5,4,71,76,23,87,35,58,8,64,7,32,105,51,36,37,40,69,63,34,3,39,104,38,42,70,68,66,80,28,24,27,67,52,99,15,25,73,95,54,92,43 5044.0 76.95599999999999 21.0
85,94,16,29,2,88,89,47,14,11,46,77,12,105,61,57,18,65,45,68,41,17,100,62,9,49,86,19,20,74,50,33,102,40,69,10,38,53,106,0,60,81,22,96,70,34,1,66,108,90,44,72,101,31,79,3,84,59,13,78,21,91,75,36,30,26,107,5,39,71,76,23,87,35,58,8,64,37,32,6,80,82,7,55,104,98,97,63,4,48,103,83,56,42,93,51,28,24,27,67,52,99,15,25,73,95,54,92,43 4837.0 77.57600000000001 22.0
68,42,54,99,62,91,3,65,93,25,92,48,89,51,39,83,31,28,82,5,12,57,38,75,84,90,9,61,86,19,20,8,50,17,102,40,69,10,14,53,106,108,81,22,96,70,34,1,60,79,66,76,46,24,94,16,23,43,6,72,98,95,73,78,36,13,18,107,33,7,59,44,0,101,2,49,74,4,63,103,30,77,32,11,37,85,56,80,71,45,41,35,15,87,47,27,67,104,88,21,100,58,29,105,52,97,64,26,55 5151.0 141.84400000000002 17.0
85,34,16,76,35,88,60,47,14,40,46,77,71,105,102,49,18,65,45,66,41,17,100,69,62,58,36,25,12,43,93,70,61,1,9,22,98,72,73,79,19,42,54,28,87,55,63,83,90,81,51,44,53,101,31,0,3,84,32,13,6,21,91,75,86,30,26,5,64,20,29,33,94,2,57,74,4,89,59,78,68,82,37,11,48,107,56,38,39,104,103,10,97,7,50,80,23,24,27,67,52,99,15,108,106,95,96,92,8 4707.0 79.00000000000001 26.0
39,69,106,24,75,8,2,37,58,94,43,40,72,4,22,92,0,99,86,84,80,85,49,104,105,34,68,20,35,107,26,53,13,60,65,88,48,41,89,59,91,54,70,28,1,19,52,14,46,15,29,108,6,11,32,102,31,7,5,42,64,27,95,36,47,44,77,100,61,90,101,45,96,38,62,3,9,71,82,66,50,74,16,51,12,63,10,97,81,76,67,55,103,78,98,93,23,25,21,33,17,18,87,57,73,56,79,30,83 4979.0 79.10000000000001 20.0
61,55,7,44,72,33,59,88,17,100,77,85,9,36,32,23,70,8,58,35,47,46,68,71,56,52,2,28,78,76,48,105,86,10,97,57,14,92,21,4,29,31,54,37,26,91,19,0,40,89,66,90,3,81,53,34,98,16,13,63,104,80,95,27,25,41,67,69,5,64,60,6,65,83,102,20,94,43,42,22,50,103,49,107,75,39,84,82,30,73,74,93,79,45,108,51,15,101,106,12,62,99,11,38,1,87,24,96,18 4719.0 79.42800000000001 23.0
3,8,73,2,69,40,61,9,14,26,103,84,49,72,93,19,70,33,58,35,47,46,68,71,56,52,91,94,78,76,86,99,80,104,11,95,100,105,75,57,21,31,82,22,96,20,97,0,32,29,108,6,65,89,102,77,34,5,42,45,90,88,36,13,18,107,64,60,85,44,15,101,24,53,74,4,63,59,79,51,41,37,55,66,7,39,38,16,43,17,98,48,54,106,83,50,27,23,1,25,67,87,10,28,81,12,62,92,30 4685.0 80.378 18.0
3,8,73,4,59,71,61,44,86,101,84,74,72,93,97,90,64,41,28,94,47,104,40,11,89,53,32,22,27,51,100,80,68,39,95,85,99,63,91,57,69,77,58,1,19,52,14,46,15,29,108,33,65,20,79,31,96,34,38,42,45,70,88,36,13,54,10,6,26,16,9,75,103,87,0,49,2,105,21,102,60,82,37,55,66,7,56,5,43,17,98,48,18,106,83,50,76,23,78,25,67,24,107,35,81,12,62,92,30 4756.0 72.306 24.0
61,55,7,44,72,33,63,88,60,100,77,85,9,36,32,104,70,8,58,35,47,46,68,71,56,52,91,28,78,16,86,26,14,83,102,40,69,10,73,38,53,21,31,82,22,96,20,19,0,94,89,66,90,5,37,13,34,92,76,3,57,23,64,6,43,65,59,98,49,4,2,17,80,74,48,105,108,97,95,42,30,50,79,25,41,99,39,84,93,81,107,67,54,103,27,51,15,101,106,12,62,75,11,29,1,87,24,45,18 4653.0 108.27 21.0
85,34,16,76,88,60,47,14,40,46,77,71,105,102,49,18,65,45,66,41,17,100,69,62,58,36,25,12,43,93,70,61,1,9,22,98,72,73,79,19,42,54,28,87,11,89,7,68,108,35,90,44,53,101,31,0,3,84,32,13,6,21,91,75,86,30,26,5,64,20,29,33,94,2,57,74,4,63,59,78,51,82,37,55,48,107,56,38,39,104,103,10,97,83,50,80,23,24,27,67,52,99,15,81,106,95,96,92,8 4597.0 85.07000000000001 25.0
85,34,16,76,35,88,60,47,14,40,46,77,71,105,102,49,18,65,45,66,41,17,100,69,62,58,36,25,12,43,93,70,61,1,9,22,98,72,73,79,19,42,54,28,87,11,89,7,68,108,90,44,53,101,31,0,3,84,32,13,6,21,91,75,86,30,26,5,64,20,29,33,94,2,57,74,4,63,59,51,82,37,55,48,107,56,38,39,104,103,10,97,83,52,80,23,24,78,27,67,50,99,15,81,106,95,96,92,8 4530.0 113.56600000000002 28.0
61,55,7,44,72,33,104,88,60,100,77,85,37,36,32,63,70,8,58,35,47,46,68,71,56,52,91,41,78,16,86,14,83,102,40,69,10,73,38,53,21,31,82,22,96,20,19,0,94,34,5,89,66,9,24,28,92,76,3,57,23,64,6,43,65,59,98,49,4,2,17,80,74,48,105,108,97,95,42,30,50,79,25,90,99,39,84,93,81,107,67,54,103,26,27,51,15,101,106,12,62,75,11,29,1,87,13,45,18 4648.0 129.626 22.0
85,34,16,76,35,88,60,47,14,40,46,77,71,105,102,49,18,65,45,66,41,17,100,69,62,58,36,25,12,43,93,70,61,28,9,22,98,72,73,79,87,42,54,1,19,11,89,7,90,108,68,44,53,101,31,0,3,84,32,13,6,21,91,75,86,30,26,5,64,20,29,33,94,2,57,74,4,63,59,78,51,82,37,55,48,107,56,38,39,104,103,10,97,83,50,80,23,24,27,67,52,99,15,81,106,95,96,92,8 4536.0 101.686 26.0
85,34,16,76,35,88,60,47,14,40,46,77,71,105,102,49,18,65,45,66,41,17,100,69,62,58,36,25,12,43,93,70,61,1,9,22,98,72,73,79,19,42,54,28,87,11,63,7,68,108,90,44,53,101,31,0,3,84,32,13,6,21,91,75,86,30,26,5,64,20,29,33,94,2,57,74,4,89,59,51,82,37,55,48,107,56,38,39,104,103,10,97,83,52,80,23,24,78,27,67,50,99,15,81,106,95,96,92,8 4603.0 79.916 23.0
85,34,16,76,35,88,60,47,14,40,46,77,71,105,102,49,18,65,45,66,41,17,100,69,62,58,36,25,12,73,93,70,61,1,9,22,98,72,43,79,19,42,54,28,87,55,89,83,90,81,51,44,53,101,31,0,3,84,32,13,6,21,91,75,86,30,26,5,64,20,29,33,94,2,57,74,4,63,59,78,68,82,37,11,48,107,56,38,39,104,103,10,97,7,50,80,23,24,27,67,52,99,15,108,106,95,96,92,8 4584.0 99.61000000000001 24.0
#
108,1,11,33,49,43,30,0,34,70,15,37,107,79,32,62,102,89,21,69,13,91,3,81,97,93,67,10,88,57,84,4,77,64,42,53,38,19,56,96,18,36,83,6,9,52,27,71,39,45,78,101,104,8,86,76,47,14,75,29,16,105,87,58,80,5,7,66,92,106,95,94,25,22,20,46,55,50,90,31,82,17,41,40,85,12,61,72,2,24,23,54,26,59,51,35,103,98,60,99,44,28,100,48,68,74,73,65,63 4669.0 72.67399999999999 24.0
63,0,22,81,94,28,77,47,56,45,60,97,61,98,20,43,36,50,84,85,40,27,37,58,107,96,48,49,108,35,3,66,78,30,41,86,14,106,26,4,46,7,31,83,80,13,72,105,74,90,29,5,64,57,69,62,88,71,42,68,59,51,9,99,32,15,103,1,23,73,44,91,16,52,38,100,21,17,54,82,8,92,33,39,67,2,75,101,53,95,65,89,93,70,18,6,10,55,102,34,25,24,11,104,12,76,87,19,79 4576.0 100.51600000000002 28.0
44,62,105,33,84,47,88,102,89,95,14,79,66,50,77,36,43,22,11,85,71,91,18,30,15,8,17,42,31,52,5,46,35,69,80,20,4,96,34,58,7,0,86,53,59,19,98,21,1,41,101,55,92,108,51,97,9,70,49,106,103,75,81,10,87,63,76,83,107,78,57,45,94,13,39,73,74,6,90,65,82,37,93,40,25,60,2,16,104,12,24,23,54,26,100,32,29,27,72,64,56,28,38,48,99,3,67,61,68 4585.0 100.55800000000002 23.0
13,12,4,32,40,57,85,37,39,38,48,33,50,92,30,59,54,53,69,79,14,1,95,94,88,65,25,24,49,108,107,3,91,27,41,46,103,78,86,58,19,51,34,98,67,26,8,68,99,100,15,93,102,105,0,104,22,70,11,106,17,75,81,10,82,63,20,60,66,28,80,29,16,101,7,73,74,96,18,52,47,84,23,42,5,21,83,89,72,6,55,9,44,71,61,62,31,36,87,56,77,76,64,35,45,43,2,90,97 4921.0 72.184 23.0
63,0,9,22,30,94,28,77,47,56,45,60,61,98,20,43,36,50,84,85,40,27,37,58,107,96,48,8,29,42,57,66,5,81,41,86,14,55,26,4,46,7,23,83,80,15,72,105,74,90,108,78,12,3,35,62,88,71,69,68,51,10,82,13,54,106,31,73,44,91,16,52,38,97,100,21,17,103,32,49,92,33,39,67,2,75,101,53,95,65,89,93,59,70,18,6,99,1,87,34,25,24,11,104,64,76,102,19,79 4561.0 113.88 25.0
44,45,105,33,84,47,88,102,89,95,14,26,66,56,23,36,57,22,4,52,58,91,18,30,80,8,17,42,31,85,43,38,96,29,79,15,72,87,55,71,7,1,86,35,50,19,98,64,60,41,69,34,92,2,78,90,97,9,70,49,106,27,75,11,10,82,63,76,83,107,20,5,62,94,13,39,40,77,6,24,65,61,37,32,100,93,46,81,21,3,74,54,108,59,51,101,103,0,53,48,73,28,12,104,99,25,67,16,68 4605.0 87.528 27.0
44,62,105,39,84,47,88,41,89,95,14,20,37,56,23,36,43,22,4,94,11,18,30,7,65,17,8,103,58,68,55,26,21,60,42,53,96,34,85,15,0,86,91,50,19,32,73,80,102,101,46,48,108,13,6,9,70,49,106,31,75,10,82,63,54,83,107,78,57,45,52,51,81,33,69,12,97,100,59,92,66,98,35,2,5,38,72,64,79,25,77,76,93,24,90,29,27,1,87,61,40,28,74,104,99,3,67,16,71 4686.0 103.61 18.0
44,62,105,39,84,47,88,101,89,95,14,91,37,56,73,36,13,22,4,94,96,18,30,15,65,17,8,103,58,68,48,26,32,60,80,20,11,2,34,104,52,0,86,53,59,19,23,21,1,41,79,55,43,108,51,97,9,70,49,31,75,10,82,63,54,83,107,78,57,45,50,6,81,33,69,12,106,100,42,92,66,98,35,85,5,38,72,64,46,25,77,74,93,24,90,29,27,102,87,61,40,28,76,7,99,3,67,16,71 4935.0 114.75 15.0
44,62,105,39,84,47,65,102,23,48,14,12,93,56,50,36,91,22,4,38,71,61,18,30,15,8,17,42,31,85,5,46,35,69,80,20,11,96,34,58,7,0,86,53,59,19,98,21,1,41,101,55,92,108,51,97,9,70,49,106,103,75,81,10,87,63,76,83,107,78,57,45,94,13,52,6,37,100,66,25,40,68,28,2,32,72,82,77,89,24,26,88,64,79,90,29,27,60,54,95,43,33,73,104,99,3,67,16,74 4780.0 79.97600000000001 19.0
44,62,105,39,57,47,88,102,89,79,14,61,91,64,90,21,13,85,101,38,71,48,87,24,29,65,17,42,22,25,46,35,69,80,20,11,96,34,58,52,0,86,53,59,19,104,60,32,41,55,54,43,108,51,97,9,70,49,107,81,10,99,45,15,37,73,1,27,63,16,50,33,31,7,12,106,100,18,8,92,66,98,26,2,75,77,83,95,30,72,93,3,78,40,23,67,84,68,28,5,82,4,56,94,74,76,6,103,36 4769.0 84.67999999999999 18.0
44,62,105,39,84,47,18,102,89,15,14,32,56,23,36,3,50,37,7,13,30,66,91,95,8,17,42,31,22,5,46,35,69,80,20,11,96,58,52,0,86,53,34,59,19,98,21,1,28,101,55,43,108,51,9,70,49,106,64,75,81,10,82,4,63,54,83,107,78,57,45,60,67,33,94,12,97,100,65,92,85,73,68,2,38,72,103,76,25,77,79,93,24,71,90,29,6,41,87,61,40,48,74,104,99,88,27,16,26 4707.0 104.74000000000002 16.0
44,62,105,39,84,47,26,102,89,18,14,32,4,56,23,36,3,50,37,7,13,30,66,91,95,8,17,42,31,22,5,46,35,69,80,20,11,96,58,52,0,86,53,34,59,19,98,21,1,28,101,55,43,108,51,9,70,49,106,103,75,81,10,82,63,54,83,107,78,57,45,60,67,33,94,12,97,100,65,92,85,73,68,2,38,72,64,76,25,77,79,93,24,71,90,29,6,41,87,61,88,40,74,104,99,27,48,16,15 4806.0 75.284 20.0
44,62,105,39,84,88,102,89,76,14,61,37,56,23,21,51,22,4,38,71,26,77,30,15,93,17,42,31,40,33,13,94,35,55,80,20,11,96,34,12,69,0,86,53,8,32,19,98,64,60,41,79,48,43,2,78,100,97,9,70,49,106,5,75,66,72,54,83,28,6,57,45,50,92,73,36,58,81,65,107,52,82,103,91,68,1,63,18,7,74,24,16,95,47,101,90,29,27,59,46,87,10,85,108,99,3,67,104,25 4611.0 76.56200000000001 20.0
44,62,105,39,84,47,79,102,73,18,14,38,4,56,23,36,3,50,76,7,13,65,66,91,95,8,17,42,31,22,5,46,35,69,80,20,11,96,58,52,0,86,53,34,59,19,98,21,1,28,101,55,43,108,51,9,70,49,106,103,75,81,10,82,63,54,83,107,78,57,45,60,67,33,94,12,37,100,30,25,40,68,92,2,32,72,97,77,89,24,26,88,64,71,90,29,6,41,87,61,93,85,74,104,99,27,48,16,15 4745.0 97.36399999999999 17.0
44,62,105,39,84,47,65,102,96,20,14,55,15,8,107,36,101,22,4,83,38,71,61,77,30,93,17,42,31,40,33,46,35,48,59,89,5,74,23,28,13,11,0,86,53,50,19,98,64,60,41,69,34,92,2,78,90,97,9,70,49,106,27,75,82,63,54,26,12,95,57,45,52,51,58,91,21,6,100,66,24,88,85,32,94,18,7,72,108,73,1,79,68,76,29,67,10,104,16,80,25,43,87,99,103,37,3,56,81 4725.0 83.35 19.0
44,62,105,39,84,47,65,102,58,20,14,55,6,56,107,36,101,22,4,38,71,61,77,30,93,17,42,31,40,33,46,35,48,59,89,5,74,23,28,13,11,0,86,53,50,19,98,64,60,41,34,92,2,78,90,97,9,70,49,106,27,75,82,63,54,26,12,95,57,45,52,51,96,91,21,15,100,66,24,88,85,83,32,94,18,7,72,69,108,73,1,79,68,76,29,67,10,104,16,80,25,43,87,99,103,37,81,3,8 4729.0 101.07000000000002 17.0
44,62,105,39,84,47,65,102,58,20,14,55,6,56,107,36,101,22,4,38,16,61,77,30,93,17,42,31,40,33,46,35,48,80,89,67,29,10,28,13,11,0,86,53,50,19,98,1,60,41,69,34,92,2,78,87,97,9,70,49,106,27,75,82,63,54,26,95,57,45,52,51,96,12,91,21,15,68,66,104,88,25,83,32,79,18,7,72,108,73,64,76,100,94,74,5,23,24,71,59,85,8,90,99,103,37,81,3,43 4747.0 88.16000000000001 18.0
44,62,105,39,84,47,91,102,89,95,14,20,37,56,23,36,43,22,4,94,2,18,30,15,65,16,8,103,58,68,55,26,7,60,59,3,0,33,57,66,21,34,73,53,50,19,32,86,80,41,101,46,48,108,13,6,9,70,49,106,31,71,81,10,82,63,54,83,107,78,45,52,51,96,69,12,97,100,42,92,85,98,35,11,38,72,64,76,25,77,79,93,24,75,90,29,27,1,87,61,40,28,74,104,99,88,67,17,5 4792.0 75.9 18.0
44,62,105,39,84,47,65,102,58,74,14,55,6,56,107,36,101,22,4,38,71,61,77,30,93,17,42,31,40,33,46,35,48,59,89,5,20,11,2,12,23,0,86,53,50,19,98,64,60,41,69,34,92,28,78,90,97,9,70,49,106,27,75,82,63,54,26,13,95,57,45,52,51,96,91,21,15,100,66,24,88,85,83,32,94,18,7,72,108,73,1,79,68,76,29,67,10,104,16,80,25,43,87,99,103,37,81,3,8 4796.0 83.67 16.0
44,62,105,39,84,47,65,102,58,20,14,55,6,56,107,36,101,22,4,38,71,61,77,30,93,17,42,31,40,33,46,67,48,76,89,5,74,1,28,13,11,0,86,53,50,19,104,64,16,41,34,92,2,78,90,97,9,70,49,106,27,75,82,63,79,68,12,95,57,45,52,29,96,91,21,15,100,66,73,88,85,83,32,94,18,7,72,69,108,24,23,54,26,59,51,35,103,98,60,80,25,43,87,99,10,37,81,3,8 4667.0 99.32000000000001 19.0
44,33,105,45,84,47,88,102,89,95,14,26,66,56,23,36,57,22,4,52,58,91,18,30,80,8,17,42,31,85,43,38,96,29,79,15,81,87,55,94,7,0,86,53,50,19,98,64,60,41,69,34,92,2,78,90,97,9,70,49,106,27,75,11,10,82,63,76,62,107,20,5,83,71,13,39,40,77,6,24,65,61,37,32,100,93,46,72,21,3,74,54,108,59,51,101,103,73,68,35,12,28,1,104,99,48,67,16,25 4590.0 94.68000000000002 29.0
44,62,105,101,39,84,47,65,68,58,52,14,26,6,56,107,36,74,22,4,38,71,61,77,0,30,93,17,5,31,40,33,46,35,89,57,48,42,108,73,50,10,106,8,63,21,18,16,64,60,41,69,34,92,2,51,97,9,70,49,79,75,23,82,53,54,43,12,95,59,45,102,90,96,91,80,15,100,66,24,88,85,83,28,94,19,11,72,78,13,1,7,55,76,29,67,27,104,98,20,25,32,87,99,103,37,81,3,86 4814.0 80.456 16.0
44,62,105,39,84,47,65,102,58,74,14,55,6,56,107,36,101,22,4,38,71,61,77,30,59,93,17,42,31,40,33,46,35,48,89,5,20,11,2,12,23,0,86,53,50,19,98,64,60,41,69,34,92,28,78,90,97,9,70,49,106,27,75,82,63,54,26,13,95,57,45,52,51,96,91,21,15,100,66,24,108,85,83,32,94,18,7,72,88,73,1,79,68,76,29,67,10,104,16,80,25,43,87,99,103,37,81,3,8 4782.0 87.67000000000002 16.0
44,62,105,39,84,47,79,102,89,18,14,32,4,17,56,23,36,3,50,37,7,13,30,66,91,95,8,42,31,22,5,46,35,69,80,20,11,96,58,52,0,86,53,34,59,15,98,21,1,28,101,55,43,108,51,9,70,49,106,103,75,81,10,82,63,54,83,107,78,57,45,60,67,33,94,12,76,100,65,25,40,68,92,2,38,72,97,77,73,24,26,88,64,71,90,29,6,41,87,61,93,85,74,104,99,27,48,16,19 4785.0 84.63 18.0
44,62,105,39,84,47,26,102,73,18,14,38,4,56,23,36,3,50,64,7,13,65,66,91,95,8,17,42,31,22,5,46,35,69,80,20,11,96,58,52,0,86,53,34,59,19,98,21,1,28,101,55,43,108,51,9,70,49,106,103,75,81,72,82,63,54,83,107,78,57,45,60,67,33,94,12,37,100,30,25,40,68,92,2,32,10,97,77,89,24,79,93,76,71,90,29,6,41,87,61,88,85,74,104,99,27,48,16,15 4692.0 92.13200000000002 18.0
44,62,105,39,84,47,65,102,58,20,14,55,6,56,107,36,101,22,4,72,71,61,77,30,93,17,42,31,40,33,46,67,48,76,89,7,74,1,28,13,11,0,86,53,50,19,104,64,16,41,34,92,18,78,90,97,9,70,49,106,27,75,82,63,79,68,12,95,57,45,52,29,96,91,21,15,100,66,73,88,85,83,32,94,2,5,38,69,108,24,23,54,26,59,51,35,103,98,60,80,25,43,87,99,10,37,81,3,8 4697.0 116.99000000000001 17.0
#
77,27,62,28,54,14,103,66,97,80,90,71,45,73,39,104,89,59,47,107,93,61,9,42,7,82,34,17,0,10,3,79,69,44,72,70,99,6,13,51,36,35,108,52,78,40,101,20,8,81,29,15,26,18,12,24,25,19,53,65,84,31,75,96,38,33,94,48,1,4,41,63,46,22,55,30,32,16,11,43,64,86,74,21,50,88,85,91,67,102,37,57,23,98,105,49,56,2,5,83,76,58,60,106,87,95,68,100,92 5149.0 108.01400000000001 18.0
26,23,22,36,34,66,54,86,18,11,72,17,96,27,50,70,6,47,63,89,58,74,48,44,3,31,29,93,83,88,78,62,35,108,69,76,21,46,105,73,75,90,52,60,5,91,65,106,19,4,43,59,85,45,97,1,98,40,84,32,61,77,33,55,103,82,25,41,49,9,16,12,51,53,37,7,28,8,38,64,10,20,13,30,39,104,14,80,102,2,0,56,100,92,101,94,15,24,71,81,68,107,42,67,95,99,79,57,87 4846.0 79.444 21.0
68,87,22,36,34,66,54,86,18,11,44,17,96,27,50,70,6,47,63,89,58,74,57,56,15,31,29,93,83,88,78,62,35,108,69,76,21,46,16,28,72,30,52,60,5,91,65,106,19,4,43,59,85,45,97,1,98,40,84,32,61,77,33,55,103,82,25,41,49,9,105,12,71,53,37,7,73,8,38,64,10,20,13,90,39,104,14,80,102,2,0,48,92,26,51,94,95,81,42,75,100,107,3,101,24,23,99,67,79 4719.0 93.058 20.0
38,1,87,23,49,7,80,100,10,68,106,81,6,94,92,60,12,39,107,8,53,99,51,62,71,64,95,83,50,104,90,37,3,5,17,0,46,63,20,16,28,72,30,70,52,31,48,102,45,54,43,59,89,42,103,77,32,86,44,75,41,40,88,33,101,58,55,19,84,29,35,76,24,2,97,4,21,22,79,25,66,108,15,93,73,26,105,67,47,61,65,13,18,69,27,34,36,85,96,56,14,82,11,74,57,78,91,9,98 4990.0 76.26 20.0
72,48,24,55,53,9,26,77,61,74,78,70,47,102,67,51,80,68,50,17,71,6,49,90,82,52,100,57,79,81,25,56,31,89,85,14,97,58,101,38,98,63,65,96,15,46,107,62,40,12,22,4,37,103,1,8,44,42,105,39,2,43,83,69,59,23,76,32,64,5,29,88,54,19,7,33,16,99,27,18,91,60,66,75,3,21,87,35,30,95,20,92,13,36,86,106,45,41,0,93,73,11,34,94,84,10,104,28,108 4964.0 79.45 20.0
26,23,22,36,34,66,54,86,18,11,10,72,17,96,27,50,70,6,47,63,89,58,74,48,44,3,31,29,93,83,88,78,62,35,108,69,76,21,46,105,28,75,30,52,60,5,91,43,106,19,4,65,82,85,45,97,1,98,40,84,32,61,77,33,55,103,59,25,41,49,9,16,12,51,53,37,7,73,8,38,64,20,13,90,39,104,14,80,102,2,0,56,100,92,101,94,15,24,71,81,68,107,42,67,95,99,79,57,87 4808.0 71.924 30.0
3,107,70,20,103,64,106,88,12,84,81,68,17,97,31,38,51,63,94,33,41,47,69,58,4,27,53,60,16,101,8,46,83,42,26,90,78,59,2,49,55,23,9,28,61,100,11,67,29,45,1,77,0,6,62,34,18,85,52,91,72,5,43,75,104,71,89,13,30,50,7,105,40,99,48,96,21,22,79,25,66,108,15,93,56,65,92,87,35,37,95,102,39,36,86,82,80,57,54,76,73,32,24,14,74,10,44,98,19 4987.0 111.93000000000002 18.0
3,107,70,20,104,64,106,88,12,0,81,68,17,62,31,38,51,63,94,34,13,47,69,58,4,27,53,60,7,101,8,46,83,42,26,90,78,5,2,30,75,23,50,28,72,100,11,67,29,6,43,59,85,45,97,1,98,84,40,32,61,77,33,55,103,82,25,41,49,9,16,105,52,99,48,96,21,22,79,89,66,108,15,93,56,65,92,87,35,37,95,102,39,36,86,71,80,57,54,76,73,91,24,14,74,10,44,18,19 4822.0 70.798 22.0
68,25,65,35,92,80,42,98,34,53,32,103,97,10,81,33,101,61,51,83,75,107,64,36,9,18,100,57,23,71,38,60,3,5,17,0,46,63,20,16,28,72,30,70,52,85,48,102,45,54,69,43,59,14,62,44,39,15,24,91,13,49,77,55,106,94,89,95,8,50,7,105,40,99,79,21,96,26,67,31,73,19,47,56,12,88,74,37,82,41,104,93,66,108,1,76,22,87,27,11,2,4,6,90,86,29,78,58,84 4782.0 119.25000000000001 18.0
50,8,13,104,37,9,74,26,83,7,78,96,47,62,67,51,80,33,14,85,81,6,49,90,82,18,100,57,23,71,38,60,3,5,17,0,46,63,20,16,28,72,30,70,52,31,48,102,45,54,69,27,59,89,42,103,77,32,86,44,75,41,40,88,101,58,55,19,84,29,35,94,24,2,97,4,21,22,79,25,66,108,15,93,56,65,92,87,64,99,106,39,68,91,43,10,76,61,98,11,107,73,53,36,1,12,105,95,34 5035.0 108.68200000000002 18.0
68,3,65,35,92,39,42,98,95,53,30,103,97,10,81,33,101,38,51,100,75,60,64,36,70,59,83,107,61,31,94,57,25,4,63,80,69,58,2,66,74,13,32,102,24,15,79,9,73,90,77,0,14,62,44,18,85,52,91,72,49,43,55,16,71,89,23,8,50,7,105,34,40,99,48,21,96,26,67,106,45,19,47,56,12,88,28,37,82,41,104,93,46,108,1,76,22,87,27,11,20,5,6,54,86,29,78,17,84 4792.0 85.956 19.0
77,27,62,28,54,14,103,66,97,80,90,71,45,73,39,104,89,59,47,107,93,61,9,42,7,82,34,17,0,10,3,79,69,44,72,70,99,13,51,36,35,108,52,78,40,101,20,8,81,29,15,26,18,12,24,25,19,53,65,84,31,75,96,38,33,94,48,1,4,41,63,46,22,55,30,6,32,16,11,43,64,86,74,21,50,88,85,91,67,102,37,57,23,98,105,49,56,2,5,83,76,58,60,106,87,95,68,100,92 5196.0 96.59400000000001 18.0
26,23,22,36,34,66,54,86,18,11,72,17,96,27,50,70,6,47,63,89,58,74,48,44,3,31,29,93,83,88,78,62,35,108,69,76,21,46,71,60,5,68,13,99,102,24,15,79,9,65,16,90,95,85,97,1,98,40,84,32,61,4,33,55,103,82,25,41,77,19,73,12,51,53,37,7,28,81,38,10,30,52,91,39,104,45,14,80,59,2,0,56,100,92,101,94,105,20,8,43,49,107,42,67,106,75,64,57,87 4528.0 74.55999999999999 22.0
26,23,22,36,34,66,54,86,18,11,77,72,17,96,27,50,70,6,47,63,89,58,74,9,44,2,31,29,93,83,88,24,62,35,108,80,76,21,46,105,73,75,90,52,60,15,91,43,106,102,4,65,42,85,45,97,1,98,84,40,32,61,68,33,55,103,82,25,49,92,16,12,51,53,37,7,28,39,38,14,10,101,56,104,107,30,64,69,19,3,99,13,71,48,20,5,78,57,81,59,8,41,67,95,0,79,100,94,87 4833.0 69.72800000000001 22.0
26,23,22,36,34,66,54,86,18,11,72,17,96,27,50,70,6,47,63,89,58,74,48,44,3,31,29,93,83,88,78,62,35,108,69,76,21,46,105,73,75,90,52,60,5,91,65,106,19,4,43,59,85,45,97,1,98,40,84,32,61,77,33,55,103,82,25,41,49,9,16,12,51,53,37,7,28,8,38,64,10,20,13,30,39,104,14,80,102,2,0,56,100,92,101,94,15,24,71,81,68,107,42,57,87,67,99,79,95 4845.0 81.818 21.0
27,64,66,40,1,32,52,16,5,76,34,54,61,97,8,53,6,47,63,89,46,74,57,56,15,31,19,93,83,88,78,62,35,58,100,72,30,92,2,24,103,23,94,43,55,84,79,10,65,104,105,99,25,80,73,9,86,41,28,44,70,50,87,11,85,101,48,42,77,98,106,29,38,60,26,59,91,37,108,0,96,75,13,36,67,90,18,33,51,81,4,68,21,95,3,69,7,102,39,45,14,20,82,22,49,12,107,17,71 5080.0 85.244 19.0
#
87,71,37,21,63,82,22,99,77,74,100,50,72,52,57,33,28,94,106,27,55,7,5,48,8,46,12,0,9,61,59,68,69,91,65,36,104,92,75,98,49,30,10,62,102,17,80,83,53,81,42,11,40,16,79,93,35,78,45,26,3,34,39,90,43,23,95,24,38,51,89,6,4,96,13,76,25,15,101,56,19,54,31,67,14,60,41,108,97,20,44,103,1,70,32,86,88,47,84,29,85,58,66,64,105,107,73,2,18 4706.0 83.43999999999998 22.0
16,74,33,84,102,38,1,70,61,63,12,40,29,90,89,104,18,46,68,34,23,17,32,41,83,9,56,57,87,15,25,97,86,107,54,66,10,106,52,81,0,42,80,59,26,88,27,103,101,77,13,98,14,96,78,44,19,4,71,65,51,6,5,43,55,99,30,82,49,91,37,93,8,24,72,58,31,100,35,47,67,75,85,76,36,53,20,39,69,3,92,11,73,64,22,60,21,45,108,7,105,95,79,62,50,2,94,48,28 4889.0 104.73400000000001 18.0
38,33,102,65,85,1,34,58,78,99,90,40,76,17,82,93,105,84,47,13,16,66,62,94,69,63,7,22,4,15,25,97,86,107,54,91,10,106,52,81,0,42,80,59,26,88,27,103,101,77,100,98,14,24,36,92,18,21,50,74,8,64,60,5,70,96,67,53,9,72,51,20,41,75,23,19,49,44,95,73,30,46,32,48,6,3,71,31,57,87,61,11,68,43,39,104,35,12,79,55,56,45,89,108,29,28,37,83,2 4893.0 75.776 20.0
38,32,74,61,92,94,73,97,99,65,58,23,8,46,69,67,39,24,57,11,4,90,47,85,89,91,106,60,86,45,96,68,105,20,66,15,104,102,34,76,81,0,42,80,59,26,88,27,103,101,77,12,63,10,17,5,70,2,75,16,51,6,78,43,55,29,71,9,36,44,52,25,13,18,22,54,62,40,93,14,50,72,7,87,95,1,33,84,49,64,19,98,41,53,48,31,3,100,79,21,56,30,107,108,82,28,37,83,35 5085.0 79.108 19.0
38,98,102,30,62,1,25,53,42,101,19,11,106,41,81,3,10,65,13,34,94,91,20,67,49,56,73,55,74,14,80,47,108,92,24,70,15,64,75,59,2,32,99,104,45,97,23,63,52,0,58,27,84,79,76,88,43,22,86,105,5,68,77,66,100,87,60,26,95,21,18,85,36,29,31,103,6,78,9,89,44,51,37,4,107,69,96,17,57,8,61,90,40,46,39,93,35,12,54,48,16,33,72,50,71,28,82,83,7 4648.0 77.77199999999999 25.0
38,69,102,65,43,1,18,50,67,66,19,40,61,87,99,36,105,9,47,29,25,107,100,79,78,3,104,56,46,60,80,106,59,31,62,101,76,0,13,20,58,6,33,2,35,42,108,44,11,26,94,75,52,49,97,95,45,86,5,14,89,63,84,54,51,98,83,103,90,71,10,64,53,93,4,72,37,85,17,12,24,55,28,68,8,57,41,77,73,21,48,91,74,16,30,82,23,96,32,88,70,15,22,7,39,81,34,92,27 4849.0 70.828 24.0
38,68,106,55,97,76,72,89,25,93,75,37,96,17,50,91,105,84,47,13,82,66,64,94,69,63,7,22,35,12,90,20,88,44,83,87,14,67,54,104,77,26,102,73,11,29,49,15,71,86,103,27,99,4,51,24,5,70,2,43,16,56,32,81,41,95,40,62,34,78,1,19,31,108,101,52,30,42,8,80,0,21,65,33,45,85,10,53,61,23,48,60,107,100,92,3,57,39,59,36,74,58,6,9,18,28,98,46,79 4798.0 77.974 20.0
38,68,73,55,104,71,82,77,48,14,11,17,66,3,22,46,37,108,34,72,23,85,95,41,83,9,56,57,87,15,25,97,86,107,54,91,10,106,52,81,0,42,80,59,26,88,27,39,6,84,45,43,90,24,36,92,18,21,62,74,8,64,60,5,70,29,67,53,103,20,51,33,30,75,105,19,76,98,69,44,31,102,1,100,16,78,50,35,4,96,99,32,7,13,40,94,93,65,47,89,61,79,58,101,2,49,28,12,63 4656.0 93.34400000000001 23.0
38,4,94,60,82,73,100,89,52,40,43,53,96,25,63,19,37,108,99,36,55,7,5,48,8,46,12,0,1,17,61,47,103,83,87,14,67,54,104,77,26,102,106,13,16,22,23,76,98,11,56,24,74,72,107,10,30,62,101,15,64,45,70,33,49,39,81,3,29,2,69,88,84,79,6,93,35,18,66,20,21,9,28,51,41,57,31,32,105,50,91,86,78,75,44,27,97,85,65,95,68,58,59,34,80,71,42,90,92 4843.0 68.74 26.0
87,69,89,74,1,15,92,65,45,99,90,4,76,17,82,100,105,84,47,13,16,66,96,40,5,63,7,79,62,60,80,106,59,31,46,101,34,0,29,20,58,6,33,2,35,42,108,44,11,26,94,75,52,49,97,95,53,86,78,14,3,56,54,51,98,83,103,36,71,91,81,64,25,22,30,27,104,57,70,9,88,24,19,39,28,85,67,50,55,18,93,21,102,68,73,43,12,48,61,37,77,32,41,8,23,10,38,72,107 4607.0 100.49799999999999 22.0
38,33,102,65,88,106,34,58,36,99,90,40,52,17,50,91,105,84,47,13,16,66,64,94,69,63,7,22,35,12,49,18,54,31,4,42,15,1,76,73,20,92,83,56,37,85,27,103,101,77,100,98,14,24,78,93,8,60,3,82,96,97,62,21,5,70,74,67,53,9,72,51,0,41,75,23,19,29,80,95,57,55,68,11,25,107,108,86,61,30,48,71,87,10,44,43,104,39,59,2,81,89,6,45,32,28,26,46,79 4663.0 84.90799999999999 23.0
38,33,102,65,85,1,34,22,78,99,90,4,76,17,82,100,105,84,47,13,16,66,96,40,5,63,7,79,62,15,25,97,86,107,58,91,103,106,52,81,0,42,80,59,26,88,35,27,8,12,77,10,98,14,24,36,92,18,21,50,70,93,64,60,69,74,30,71,49,6,20,41,101,23,72,54,31,94,75,28,67,43,32,48,44,3,53,9,57,87,61,11,68,46,39,104,95,51,19,55,56,45,89,108,29,73,37,83,2 5045.0 92.078 17.0
38,68,94,55,15,57,82,3,39,74,33,24,89,95,46,9,79,47,34,72,23,19,80,41,6,106,18,30,59,98,85,13,22,107,58,91,67,54,104,77,26,53,73,11,29,49,66,81,103,86,12,63,10,17,5,70,69,2,75,16,56,32,105,62,60,44,71,0,108,1,51,88,83,102,25,65,35,7,43,84,48,21,28,64,8,42,31,45,40,50,93,20,78,101,52,27,97,61,14,96,100,99,90,87,76,36,37,92,4 4719.0 73.63600000000001 23.0
38,33,102,65,85,1,34,58,78,99,90,40,76,17,82,93,105,84,47,13,16,66,62,94,69,63,7,22,4,15,25,97,86,107,54,91,10,106,52,81,0,42,80,59,26,88,27,103,101,77,100,98,14,24,36,92,18,21,50,74,8,64,60,5,70,96,67,53,9,72,51,20,41,75,23,19,49,44,95,73,30,46,32,48,6,3,71,31,57,87,61,11,68,28,2,83,43,108,104,56,12,89,39,29,79,55,37,35,45 4905.0 83.46800000000002 18.0
38,4,94,60,82,73,100,89,52,40,43,53,96,25,63,19,37,108,99,36,55,7,5,48,8,46,12,0,18,1,17,61,47,103,20,81,102,9,76,42,77,26,14,106,13,16,22,23,54,98,11,56,24,74,72,107,10,30,62,101,15,64,45,70,33,49,39,87,3,29,2,69,88,84,79,6,93,35,66,83,21,67,28,51,41,57,31,32,105,50,91,86,78,75,44,27,97,85,65,95,68,58,59,34,80,71,104,90,92 4723.0 78.836 22.0
38,68,94,55,69,76,72,89,17,93,75,105,96,20,63,51,37,108,99,36,60,47,95,41,83,9,56,57,87,15,25,97,42,107,54,91,10,106,52,77,26,53,73,11,29,49,24,71,86,103,12,13,4,19,90,22,70,2,43,16,50,32,81,66,27,40,62,34,78,31,14,84,64,101,35,30,44,8,80,0,21,65,67,7,85,1,33,102,61,23,48,88,5,100,92,3,104,39,59,82,74,58,6,45,18,28,98,46,79 4525.0 76.226 26.0
38,68,73,55,104,71,82,77,48,14,11,17,66,3,22,46,37,108,34,72,23,85,95,41,83,9,56,57,87,15,25,97,86,107,54,91,10,106,52,81,0,42,80,59,26,88,27,39,6,84,32,43,90,24,36,92,18,21,50,99,8,64,60,5,70,29,67,53,103,20,51,33,30,75,105,19,76,98,69,44,31,102,1,100,16,78,62,35,4,96,74,45,7,13,40,94,101,65,58,89,47,63,12,28,2,61,93,49,79 4595.0 96.492 24.0
38,68,73,55,104,71,82,77,48,14,11,17,66,3,22,46,37,108,34,72,23,85,95,41,83,9,56,57,87,15,25,97,86,107,54,91,10,106,52,81,0,42,80,59,26,88,27,39,6,84,32,43,90,24,36,92,18,21,50,74,8,64,60,5,70,29,67,53,103,20,51,30,75,105,19,76,98,69,44,35,31,102,1,100,16,78,62,33,4,96,99,45,7,13,40,94,101,65,58,89,47,63,12,28,2,61,93,49,79 4555.0 100.254 25.0
38,4,102,30,62,1,96,53,42,101,19,11,106,41,81,3,10,103,13,34,94,91,20,67,49,56,73,55,74,29,80,47,108,92,46,15,9,76,39,79,23,18,24,93,22,60,68,77,72,86,12,63,58,17,5,70,69,2,75,16,89,32,105,66,6,44,71,0,98,82,51,88,83,14,25,65,35,7,43,84,48,21,28,64,8,104,31,45,40,50,26,33,78,59,52,27,97,61,107,57,100,99,90,87,54,36,37,85,95 4749.0 82.54 19.0
38,83,18,65,88,102,34,55,36,99,90,40,52,17,50,62,105,84,47,15,16,66,64,94,69,63,7,22,46,60,80,106,107,54,91,101,76,0,13,20,58,6,33,2,35,42,108,44,11,77,100,98,14,24,78,93,8,12,3,82,96,97,4,21,5,70,74,67,53,9,72,51,1,41,75,23,19,25,103,95,81,30,37,32,48,92,71,59,57,87,61,85,68,43,39,104,86,10,79,73,31,45,89,27,29,28,26,49,56 4686.0 80.16 24.0
38,33,102,65,85,1,34,58,61,3,90,39,76,17,50,92,105,84,47,43,16,66,64,94,69,63,7,22,4,15,25,97,86,107,54,91,10,106,52,81,0,42,80,59,26,88,27,103,101,77,100,98,14,24,78,93,8,60,82,57,18,71,21,5,70,74,67,53,9,72,51,20,104,75,23,19,49,44,95,73,30,46,32,48,6,99,62,35,87,96,36,45,56,13,40,41,31,12,79,55,68,11,89,108,29,28,37,83,2 4788.0 78.11 22.0
38,68,94,55,69,10,22,89,17,28,75,87,97,64,63,51,37,1,36,47,41,99,106,96,49,50,79,52,27,90,20,91,12,83,73,60,93,14,104,77,53,101,11,29,5,15,26,71,105,103,86,72,40,19,62,67,70,2,43,16,56,32,81,66,4,95,98,34,78,108,24,25,13,18,35,30,44,8,80,0,21,65,33,7,85,31,76,102,61,23,48,88,107,100,92,3,57,39,59,82,74,58,6,9,42,84,46,45,54 4688.0 80.53999999999999 23.0
38,68,94,55,25,104,65,89,100,44,75,8,97,32,63,67,51,37,90,36,43,41,99,108,96,85,50,12,0,18,1,17,61,47,103,20,81,102,9,76,42,77,26,14,106,13,16,22,23,54,98,11,56,24,74,72,107,10,30,62,101,15,64,45,70,33,49,39,87,3,29,2,69,88,84,79,6,93,35,66,83,21,28,34,95,92,40,58,53,82,80,60,91,73,31,59,71,19,48,5,78,52,4,7,86,27,105,57,46 4753.0 79.426 19.0
38,72,102,65,85,1,34,58,78,99,90,40,49,17,82,93,23,84,47,13,16,66,62,94,95,63,7,22,4,15,25,97,86,107,54,91,10,106,52,81,0,42,80,59,26,88,27,103,101,77,100,44,14,24,36,92,18,21,50,74,8,64,60,5,70,96,67,53,9,20,51,33,30,75,105,19,76,98,69,73,41,46,32,48,6,3,71,31,57,87,61,11,39,43,68,104,35,12,79,55,56,45,89,108,29,28,37,83,2 4693.0 91.22 21.0
#
93,3,46,39,78,79,33,82,16,35,40,55,11,14,94,25,69,31,77,84,13,100,23,66,2,29,67,97,70,36,5,9,44,86,4,89,0,107,80,6,83,53,34,81,72,41,19,15,75,18,106,85,20,56,102,37,71,63,59,65,48,76,42,64,28,1,51,88,104,12,38,98,30,52,62,61,21,27,47,101,57,103,58,10,68,7,54,32,43,26,8,24,96,45,87,73,91,108,90,50,99,95,22,60,105,74,92,49,17 4631.0 80.22000000000001 22.0
38,47,8,102,0,58,32,24,54,56,13,44,84,95,30,80,28,91,77,76,55,78,85,82,71,21,12,3,10,1,53,69,16,17,23,7,90,37,81,43,51,61,68,29,36,66,62,60,99,11,98,45,65,52,79,96,19,22,42,25,105,5,92,9,50,40,67,74,57,6,26,94,33,83,108,106,59,101,4,107,93,97,89,73,48,75,49,31,104,15,103,14,20,39,88,18,41,87,2,100,63,35,27,72,86,64,34,70,46 4978.0 77.06 21.0
14,52,44,6,34,13,4,95,81,54,49,48,58,91,3,53,19,47,77,51,101,90,82,11,87,68,30,66,40,32,76,45,33,41,67,39,96,35,28,60,94,69,88,15,106,29,0,71,97,99,92,25,73,74,42,50,27,98,46,57,89,104,55,26,107,65,100,63,37,108,16,21,86,56,103,31,62,8,12,9,10,43,61,80,5,70,36,85,17,7,59,93,84,72,78,23,1,79,18,24,75,105,22,2,64,83,20,38,102 4760.0 75.58 28.0
108,79,31,50,37,103,77,13,7,24,57,56,18,42,86,22,66,29,5,95,71,104,72,3,81,64,101,49,20,60,53,62,34,46,21,107,14,54,47,44,32,92,89,10,35,105,8,82,4,97,23,15,58,69,83,106,91,33,11,59,65,25,48,93,99,38,0,70,19,68,51,40,96,12,16,85,84,67,6,90,76,39,45,41,80,61,100,52,43,78,28,9,2,55,27,94,36,74,87,1,73,63,30,88,102,75,17,98,26 4605.0 87.94000000000001 26.0
108,79,31,50,37,103,8,77,13,7,24,57,56,18,42,86,22,66,29,60,21,71,104,72,3,64,101,83,102,5,53,62,34,15,100,107,97,54,45,44,32,92,89,10,35,105,82,4,14,23,46,69,49,99,91,33,11,59,65,48,26,70,25,38,58,0,106,19,68,51,40,96,12,16,85,84,67,95,6,90,76,39,47,41,80,98,52,43,78,81,28,9,2,55,27,94,36,74,87,1,73,63,30,88,20,75,17,61,93 4616.0 92.492 23.0
17,3,81,39,103,66,79,71,82,16,41,13,77,90,0,27,85,86,36,14,97,40,56,59,87,63,29,67,65,70,31,72,23,44,45,8,15,10,55,43,48,22,75,106,11,34,60,83,12,2,20,46,69,24,94,80,38,98,73,74,21,57,101,49,76,26,61,91,28,64,9,95,52,62,102,104,37,47,25,58,107,19,96,50,92,68,4,53,78,105,35,51,108,32,33,5,54,42,1,18,100,30,88,6,89,93,7,84,99 5067.0 103.86000000000001 16.0
39,13,35,31,0,77,41,100,99,69,28,64,78,55,37,84,29,97,82,40,23,9,89,102,76,3,33,7,16,68,96,92,85,79,4,10,45,71,50,67,104,53,19,75,46,11,34,60,83,12,2,20,106,108,24,6,94,80,38,98,15,74,8,57,42,47,66,51,88,1,18,22,63,52,93,61,21,58,95,56,27,17,48,62,44,25,70,14,49,105,54,87,36,101,32,90,26,86,59,65,81,91,43,103,73,5,30,107,72 4943.0 82.76 19.0
17,3,105,39,103,49,79,71,82,16,62,13,77,90,0,27,85,50,36,14,97,40,56,59,78,63,35,37,9,70,31,72,23,44,45,8,15,102,55,58,48,22,57,92,11,24,60,83,51,107,104,106,74,34,2,20,66,86,19,38,108,6,75,53,54,65,61,91,28,64,26,98,4,41,96,94,67,80,5,43,21,95,10,73,46,1,101,89,47,87,81,29,12,100,32,33,25,76,42,68,18,69,30,88,52,93,7,84,99 4991.0 89.38000000000001 17.0
17,3,81,39,66,79,28,108,16,41,13,77,90,0,76,85,86,36,14,97,40,100,59,78,9,29,67,65,70,53,103,46,34,69,72,8,15,102,33,88,48,22,75,101,5,44,60,83,71,2,20,30,10,57,6,94,80,18,98,73,35,21,24,23,92,27,7,82,42,12,38,4,107,52,62,61,104,37,47,25,58,106,19,93,50,105,68,63,31,87,49,74,54,45,55,32,11,51,95,96,89,56,91,43,84,1,26,64,99 4817.0 73.77 22.0
44,101,16,4,57,98,8,0,79,36,28,80,74,84,82,90,47,45,77,73,3,5,105,96,40,91,70,107,11,43,39,7,9,54,14,13,31,24,99,6,83,53,34,81,72,41,19,15,75,55,106,25,20,56,102,37,71,30,23,97,38,76,42,64,35,104,51,88,1,12,18,22,63,52,62,61,21,94,65,108,58,10,60,93,50,92,68,103,59,87,17,29,27,100,89,46,78,49,2,69,67,48,95,33,66,26,85,32,86 4601.0 126.74000000000001 22.0
39,13,41,31,0,77,32,80,14,56,18,57,55,2,102,29,76,78,82,40,94,9,85,23,66,3,97,7,16,86,70,53,71,79,4,15,100,107,33,88,48,22,101,46,5,34,60,83,11,17,30,72,50,69,84,21,6,103,59,65,45,25,42,64,28,104,51,54,1,12,38,98,106,52,62,61,37,27,47,108,58,10,105,93,20,81,68,63,44,87,49,74,67,99,75,35,90,26,95,96,8,24,91,43,19,73,89,36,92 5099.0 103.76 16.0
17,3,91,39,103,53,107,0,16,36,62,13,90,71,27,85,86,82,14,97,56,59,78,63,35,37,108,70,31,72,23,44,106,8,15,49,102,55,58,48,76,75,57,11,34,60,83,51,2,98,45,65,52,79,96,29,19,22,42,25,105,5,92,101,88,38,26,61,21,28,64,9,95,24,41,10,104,77,47,73,43,6,80,94,50,46,68,4,66,40,74,87,12,69,93,20,18,84,99,33,81,100,67,54,1,32,7,89,30 4713.0 133.84 21.0
38,4,99,17,0,93,32,50,54,56,13,66,26,95,81,89,28,91,14,97,40,100,59,78,9,29,67,65,70,53,103,62,34,69,72,8,15,10,33,88,48,22,75,101,5,44,60,83,12,2,20,106,52,57,16,6,94,80,18,98,73,35,21,24,23,92,27,7,82,68,71,84,63,30,102,46,108,104,37,47,25,58,107,19,76,51,3,49,31,85,90,1,77,42,39,43,61,41,87,11,74,96,105,55,79,86,64,36,45 4802.0 81.76800000000001 20.0
108,79,31,50,37,103,8,77,13,7,24,57,56,18,42,86,22,66,29,5,21,71,104,72,3,81,64,101,49,20,60,53,62,34,15,100,107,97,54,45,32,92,89,10,35,105,82,4,14,23,46,69,83,99,91,33,11,59,65,48,26,70,25,44,38,58,0,106,19,68,51,40,96,12,16,85,84,67,6,90,76,39,47,41,80,98,95,52,43,78,28,9,2,55,27,94,74,17,87,1,73,63,75,88,102,93,30,61,36 4565.0 95.98400000000001 25.0
17,3,16,39,78,79,33,106,62,48,59,101,90,18,2,68,14,85,77,51,13,100,61,66,103,29,7,97,12,60,21,23,44,84,71,86,35,15,63,36,83,53,34,81,72,102,1,10,75,27,88,38,52,57,6,94,19,22,42,25,105,5,92,9,50,40,67,74,28,64,26,89,20,4,41,104,108,46,37,47,73,58,107,80,93,24,98,30,31,87,49,82,54,45,55,32,11,76,95,69,8,70,91,43,96,56,0,65,99 4747.0 86.20000000000002 19.0
108,76,50,33,67,64,77,13,58,12,28,56,84,97,16,43,66,100,96,21,71,40,23,8,62,14,22,102,32,25,60,18,86,20,83,15,98,91,92,37,4,31,42,72,11,104,107,57,35,44,105,65,29,49,103,10,59,17,79,34,26,3,48,93,7,38,0,70,19,68,51,46,30,24,45,39,5,52,87,88,69,82,47,41,80,89,95,54,101,6,99,74,2,55,27,53,36,9,78,1,73,63,106,81,85,75,90,61,94 4763.0 79.408 25.0
17,3,105,39,103,53,79,71,82,16,62,13,90,0,27,85,86,36,14,97,25,40,56,59,42,63,35,37,65,70,31,72,23,44,45,8,15,102,100,58,48,22,75,92,11,34,60,83,51,12,20,106,108,24,107,104,10,52,19,73,54,21,57,49,76,29,67,91,81,64,26,68,4,38,96,33,61,46,5,66,6,101,47,41,80,98,95,50,43,78,28,9,2,55,77,94,32,74,87,1,18,69,30,88,89,93,7,84,99 4971.0 81.25000000000001 19.0
3,79,31,94,25,66,84,80,82,16,34,13,77,90,0,38,85,86,14,97,40,24,59,6,27,29,67,103,70,39,11,23,44,61,91,83,10,55,43,74,53,87,68,72,41,19,15,75,18,106,54,57,56,102,50,71,63,26,65,48,76,42,64,28,1,51,88,104,12,22,99,30,81,73,49,47,62,8,36,37,58,107,60,96,5,92,46,4,101,78,105,35,98,69,93,108,2,17,9,33,52,100,45,20,21,32,7,89,95 4953.0 73.73400000000001 28.0
108,79,31,14,37,4,8,77,13,7,24,57,56,18,42,86,22,66,29,5,91,71,68,104,46,3,10,64,85,49,20,19,38,62,34,15,100,107,51,0,45,44,32,92,52,35,105,17,11,83,30,72,50,69,84,21,25,103,59,74,48,6,75,53,54,65,40,28,60,81,97,99,58,95,70,12,36,67,33,90,76,39,43,41,80,98,101,89,47,87,106,9,2,55,27,94,26,96,78,1,73,63,23,88,102,93,82,61,16 4541.0 121.88600000000002 26.0
17,3,105,39,103,49,79,71,82,16,62,13,77,90,0,27,85,50,36,14,97,40,56,59,87,63,35,37,9,70,31,72,23,44,45,8,15,102,55,58,48,22,57,92,11,24,60,83,51,107,104,106,74,34,2,20,66,86,19,38,108,6,75,53,54,65,61,91,28,64,26,98,4,41,96,94,67,80,5,47,21,101,10,73,46,1,95,52,43,78,81,29,12,100,32,33,25,76,42,68,18,69,30,88,89,93,7,84,99 4824.0 105.50000000000001 17.0
17,3,81,39,66,79,28,61,16,41,13,77,90,0,76,85,86,36,14,97,40,100,88,78,9,29,67,65,70,31,72,101,69,44,45,8,15,10,55,43,48,22,75,62,5,34,60,83,12,2,20,106,52,57,6,94,80,18,98,73,35,21,24,23,92,27,7,82,68,71,84,63,30,102,46,108,104,37,47,25,58,107,19,93,50,105,42,4,53,87,49,74,54,103,33,32,11,51,95,96,89,56,91,59,38,1,26,64,99 4884.0 85.54000000000002 18.0
108,79,31,50,37,103,8,77,13,7,24,57,56,18,42,86,5,66,29,22,21,71,104,72,3,81,64,101,49,20,60,53,62,34,15,100,107,97,54,45,32,92,89,10,35,105,82,4,14,23,46,69,83,99,91,33,11,59,65,48,26,70,25,44,38,58,0,106,19,68,51,40,96,12,16,85,84,67,6,90,76,39,47,41,80,98,95,52,43,78,28,9,2,55,27,94,36,74,87,1,73,63,30,88,102,75,17,61,93 4546.0 101.98400000000001 25.0
17,3,81,39,66,55,103,73,7,53,101,47,28,90,71,27,85,86,82,14,97,56,59,78,63,35,37,108,70,31,72,23,44,106,8,15,49,102,43,58,48,76,75,57,11,34,60,83,51,2,98,45,65,52,79,96,19,22,42,25,105,5,92,9,50,40,26,18,46,100,41,88,67,12,16,94,89,99,61,74,91,104,38,69,30,6,21,68,4,87,107,20,54,62,32,0,77,84,95,29,93,33,13,10,24,1,36,64,80 4928.0 83.05 19.0
108,76,50,33,67,64,77,13,58,12,28,56,84,18,42,86,22,66,29,5,21,71,104,72,62,14,100,102,32,25,60,97,43,20,83,15,98,91,92,37,4,31,16,8,11,23,107,57,35,44,105,65,96,49,103,10,59,17,79,34,26,3,48,93,7,38,0,70,19,68,51,46,30,24,45,39,40,52,87,88,69,82,47,41,80,89,95,54,101,6,99,74,2,55,27,53,36,9,78,1,73,63,106,81,85,75,90,61,94 4768.0 73.78999999999999 23.0
108,79,31,50,37,103,8,77,13,7,24,57,56,18,42,86,22,66,29,5,21,71,104,72,3,81,64,101,49,20,60,53,62,34,15,100,107,97,54,45,32,92,89,10,35,105,82,4,14,23,46,69,83,99,91,33,11,59,65,48,26,70,25,44,38,58,0,106,19,68,51,40,96,12,16,85,84,67,6,90,76,39,47,41,80,98,95,43,27,87,93,74,2,55,52,94,9,17,78,1,73,63,75,88,102,28,30,61,36 4592.0 90.67200000000001 24.0
38,6,106,34,85,23,96,77,18,86,42,58,97,69,100,17,93,29,5,21,71,104,105,78,9,91,67,65,70,53,103,62,89,95,72,8,15,10,33,88,40,22,75,101,14,44,60,83,12,2,20,99,52,57,16,4,94,80,54,98,73,35,26,24,28,92,27,7,82,68,48,84,63,30,102,46,108,81,37,47,25,66,107,19,76,51,3,49,31,0,90,1,50,13,39,43,61,41,87,11,74,32,59,55,79,56,64,36,45 4967.0 77.62599999999999 21.0
108,76,50,33,67,64,77,13,58,26,28,56,84,17,42,86,22,66,29,5,3,71,104,72,62,14,100,102,32,25,60,97,43,105,83,8,79,91,0,37,4,31,88,15,106,93,107,49,2,20,11,52,57,6,94,80,18,98,73,35,21,24,23,92,27,7,12,70,19,68,51,46,30,48,45,39,40,96,87,16,69,82,47,41,59,89,95,54,101,103,99,74,44,55,38,53,36,9,78,1,34,63,65,81,85,75,90,61,10 4642.0 79.67 27.0
17,3,81,39,66,79,28,61,16,41,13,77,90,0,76,85,86,36,14,97,40,100,59,78,9,29,67,65,70,31,72,101,69,44,45,8,15,10,55,43,48,22,75,62,5,24,60,83,12,2,20,106,52,57,6,94,80,18,98,73,35,21,34,23,92,27,7,82,68,71,84,63,30,102,46,108,104,37,47,25,58,107,19,93,50,105,42,4,53,87,49,74,54,103,33,32,11,51,95,96,89,56,64,38,26,91,1,99,88 4979.0 74.11800000000001 19.0
44,101,62,4,57,92,8,0,79,36,17,50,74,21,82,108,60,45,77,73,3,5,105,63,22,91,70,107,11,59,10,7,29,54,14,13,31,24,99,65,83,53,34,81,72,93,19,15,75,55,106,25,20,56,102,37,71,30,23,97,38,58,42,64,35,104,51,88,1,12,18,40,96,68,16,85,84,67,6,90,76,39,47,41,80,98,95,52,43,78,28,9,2,100,89,46,87,49,27,69,94,48,103,33,66,26,61,32,86 4728.0 120.056 20.0
17,3,105,39,103,49,79,64,91,16,62,13,77,90,0,65,85,50,36,14,97,40,56,59,87,98,108,37,9,70,31,72,53,44,45,8,15,102,55,58,48,22,57,54,11,75,60,83,51,107,104,106,74,34,2,20,66,86,19,38,35,21,24,23,92,27,7,82,68,71,84,63,4,41,96,94,67,80,5,47,6,101,10,73,46,1,95,52,43,78,81,29,12,100,32,33,25,76,42,28,18,69,30,88,89,93,61,26,99 4760.0 129.95000000000005 16.0
17,3,101,39,103,53,81,64,1,10,73,47,28,90,71,27,85,86,82,14,97,56,59,78,63,35,37,108,70,31,72,23,44,106,8,15,49,102,43,58,48,76,75,57,11,34,60,83,51,2,98,45,65,52,79,96,19,22,42,25,105,5,92,9,50,40,26,18,46,100,41,88,67,12,16,94,89,99,61,74,91,104,38,69,30,6,21,68,4,87,107,20,54,62,32,0,77,84,95,29,93,33,13,24,55,36,66,7,80 4844.0 91.03000000000003 18.0
17,3,81,39,66,79,28,77,18,48,13,61,90,0,76,85,86,36,14,97,40,100,88,78,9,29,67,65,70,31,72,101,69,44,45,8,15,10,55,43,41,22,75,62,5,34,60,83,12,2,20,106,52,57,6,94,80,16,98,73,35,21,24,23,92,27,7,82,68,71,84,63,30,102,46,108,104,37,47,25,58,107,19,93,50,105,42,4,53,87,49,74,54,103,33,32,11,51,95,96,89,56,64,38,26,91,1,99,59 4783.0 83.11600000000001 20.0
17,3,105,39,103,49,79,64,2,16,62,13,77,90,0,19,85,50,36,14,97,40,56,86,87,98,108,37,9,21,31,72,53,23,45,8,15,102,55,58,38,22,57,54,66,75,60,74,51,107,46,69,83,99,91,33,11,59,65,48,26,70,25,44,92,27,7,82,68,71,84,63,4,41,96,94,67,80,5,47,6,101,10,73,104,1,95,52,43,78,81,29,12,100,32,20,24,76,42,28,18,106,30,88,89,93,61,35,34 4854.0 92.99999999999999 17.0
17,3,105,39,103,49,79,64,91,16,62,13,77,90,0,65,85,50,36,14,97,40,56,59,87,98,108,37,9,70,31,72,53,44,45,8,15,102,55,58,48,22,57,54,11,75,60,83,51,107,104,106,74,34,2,20,66,86,19,38,35,21,24,23,92,27,7,82,68,71,84,63,4,41,96,94,67,80,5,47,6,101,10,73,46,1,95,52,43,78,28,29,12,100,32,33,25,76,42,81,18,69,30,88,89,93,61,26,99 4761.0 126.55000000000003 15.0
14,52,44,6,34,13,4,95,81,54,49,48,58,91,3,53,19,47,77,51,101,90,82,11,87,68,30,66,40,32,76,45,33,41,67,39,86,35,28,60,94,69,88,15,106,29,0,71,97,99,92,25,73,74,42,50,27,98,46,57,89,104,55,26,107,65,100,63,37,108,103,21,96,12,16,85,84,8,56,9,10,43,61,80,5,70,36,31,17,7,59,93,62,72,78,23,1,79,18,24,75,105,22,2,64,83,20,38,102 4726.0 76.724 27.0
108,79,31,50,37,8,77,7,24,57,103,13,56,18,42,86,22,29,5,21,71,104,105,3,81,64,101,49,20,60,53,62,34,15,100,107,97,54,45,44,32,92,66,89,10,35,72,17,11,83,23,46,76,14,99,91,33,4,59,65,48,26,70,25,38,58,0,106,19,68,51,40,96,12,16,85,84,67,6,90,69,39,47,41,80,98,95,52,43,78,28,9,2,55,27,94,36,74,87,1,73,63,30,88,102,75,82,61,93 4579.0 113.684 24.0
108,79,31,50,37,103,8,77,13,7,24,57,56,18,42,86,22,66,29,5,21,71,104,72,3,81,64,101,49,20,60,53,62,34,15,100,107,97,54,45,32,92,89,10,35,105,82,4,14,23,46,69,83,99,91,33,11,59,65,48,26,70,25,44,38,58,0,106,19,68,51,40,96,12,16,85,84,67,6,90,76,39,47,41,80,98,95,52,43,78,28,9,2,55,27,94,36,74,87,1,73,63,30,88,102,93,75,61,17 4557.0 97.32800000000002 25.0
17,3,81,39,66,79,28,61,16,41,13,77,90,0,76,85,86,36,14,97,40,100,59,78,9,29,67,65,70,31,72,101,69,44,45,8,15,10,55,43,48,22,75,62,5,24,60,83,12,2,20,106,52,57,6,94,80,18,98,73,35,21,34,23,92,27,7,82,68,71,84,63,64,102,46,108,104,37,47,25,58,107,19,93,50,105,42,4,53,87,49,74,54,103,33,32,11,51,95,96,89,56,30,88,26,91,1,99,38 4979.0 80.412 18.0
17,3,91,39,103,53,107,0,16,36,62,13,29,90,71,27,85,86,82,14,97,56,59,78,63,35,37,108,70,31,72,23,44,106,8,15,49,102,55,58,48,76,43,57,11,34,60,83,51,2,98,45,65,52,19,96,79,22,42,25,66,5,92,9,50,40,67,74,28,64,26,89,20,4,41,104,88,95,10,68,93,100,94,77,99,81,54,80,87,6,12,84,69,33,61,24,21,1,101,18,75,105,47,38,46,73,30,32,7 4733.0 91.14000000000001 20.0
#
