# Problem = StaticVNFPlacementProblem
# Variables = 1
# Objectives = 6
11,19,27,20,6,26,12,4,24,2,16,8,9,17,1,13,18,10,29,14,28,5,25,3,15,7,0,22,23,21 1031.0 39.73 10.0 39100.0 0.7568225303514086 22.494999999999997
21,11,19,27,20,16,5,6,12,24,3,18,8,1,9,10,13,14,29,25,28,17,26,15,4,7,0,22,23,2 1187.0 28.68 9.0 58400.0 0.7740837464330025 22.924999999999997
11,19,26,23,16,3,27,24,8,17,28,5,25,18,1,12,9,13,4,14,0,20,2,29,6,7,10,22,15,21 1090.0 34.95 7.0 44000.0 0.8075535271493213 23.284999999999997
11,19,27,20,6,4,24,2,26,8,9,12,17,1,10,16,18,13,29,14,25,5,0,28,3,15,7,22,23,21 1041.0 39.730000000000004 10.0 39700.0 0.7547853428514085 22.644999999999996
19,27,20,26,6,16,12,11,24,2,8,17,9,10,18,13,14,29,1,25,28,5,4,3,15,7,0,22,23,21 1110.0 54.580000000000005 9.0 45600.0 0.6998556879652605 21.314999999999998
11,19,27,20,6,16,12,26,2,24,8,18,7,1,4,13,9,10,29,14,25,28,3,5,15,17,0,22,23,21 1035.0 33.879999999999995 10.0 40000.0 0.7567225303514085 22.494999999999997
#
19,20,18,3,7,2,9,4,24,22,13,21,14,27,12,25,5,1,6,16,23,28,26,29,15,10,11,8,0,17 1076.0 49.11999999999999 9.0 43500.0 0.7101988830645162 21.439999999999998
27,20,18,3,7,2,9,4,24,14,13,21,19,16,12,5,25,1,6,22,23,28,26,29,15,10,11,8,0,17 1278.0 29.8 9.0 72200.0 0.933473101013234 22.3
28,29,1,3,27,21,14,19,22,7,8,2,17,24,26,18,25,15,12,5,20,11,16,4,23,0,9,10,6,13 1175.0 52.14 6.0 52400.0 0.7366957560483871 21.29
19,20,18,3,7,2,21,9,4,24,27,13,14,16,12,5,25,1,6,22,23,28,26,29,10,15,11,8,0,17 1078.0 45.21999999999999 9.0 43400.0 0.7102488830645161 21.439999999999998
19,20,18,27,3,2,9,4,24,22,13,0,7,14,12,5,1,6,25,16,23,28,26,29,10,15,11,8,21,17 1077.0 49.12 10.0 43900.0 0.7063862237903227 21.714999999999996
19,12,18,27,24,4,9,2,3,14,7,13,21,22,20,25,5,1,6,16,23,28,26,29,15,10,11,8,0,17 1141.0 46.604000000000006 7.0 49800.0 0.7354089435483872 21.29
19,20,18,7,27,2,9,4,24,3,13,14,21,16,12,5,25,1,6,22,23,28,29,15,26,10,11,8,0,17 1086.0 45.21999999999999 10.0 44000.0 0.7065862237903227 21.714999999999996
#
3,26,22,15,2,17,0,29,21,27,8,1,5,18,24,25,10,19,14,13,11,6,16,12,9,23,4,28,20,7 1103.0 41.06 8.0 45800.0 0.7415419545595533 21.389999999999997
24,26,22,15,17,0,29,21,25,27,8,1,5,12,18,2,14,13,9,6,16,20,23,10,11,28,4,19,3,7 1335.0 32.21 9.0 78700.0 0.8198106575682383 22.73
24,9,0,1,5,14,15,23,28,20,8,17,12,6,7,11,27,16,13,25,21,4,26,29,2,19,18,22,3,10 1253.0 56.160000000000004 6.0 63500.0 0.7996104677419356 23.854999999999997
3,26,22,2,15,17,0,29,21,27,8,1,5,18,24,25,14,13,6,19,10,11,16,12,9,23,4,28,20,7 1104.0 38.8 8.0 45500.0 0.7415519545595534 21.389999999999997
3,26,22,15,2,17,0,29,21,23,27,8,1,5,18,24,25,14,13,28,19,10,16,11,4,9,12,6,20,7 1132.0 43.8 9.0 49800.0 0.7272061949441689 21.264999999999997
#
24,3,20,6,2,10,15,23,25,17,29,4,8,27,26,5,14,19,13,16,7,9,0,12,11,18,1,28,22,21 1057.0 38.8 8.0 40100.0 0.7321737171215882 23.360000000000003
17,26,4,19,24,29,20,21,2,12,13,11,23,27,10,1,14,28,3,6,5,7,25,9,0,16,18,8,15,22 1212.0 27.4 7.0 60700.0 0.8201518346774195 22.9
24,3,20,28,2,10,15,13,25,11,1,16,12,27,26,5,14,19,23,4,8,7,9,0,17,29,18,21,6,22 1142.0 37.06 7.0 50800.0 0.805806677419355 23.43
3,28,20,6,2,10,15,23,25,17,5,4,27,26,13,14,29,12,24,8,19,7,9,16,0,11,18,1,22,21 1115.0 54.58 9.0 46400.0 0.7001016879652605 21.314999999999998
17,19,18,26,0,24,4,14,6,13,11,8,15,10,12,5,20,1,27,16,25,23,29,22,2,7,9,21,28,3 1088.0 36.444 9.0 43500.0 0.7295505528846155 22.698
24,3,20,28,2,10,15,23,25,17,8,13,29,4,7,5,14,6,19,27,16,12,9,0,26,11,18,1,22,21 1069.0 34.05 10.0 43000.0 0.7784970024813895 23.060000000000002
#
19,27,6,3,11,26,24,2,28,22,16,15,7,1,8,23,18,4,12,0,17,10,25,5,14,21,29,20,9,13 1050.0 42.63999999999999 8.0 41000.0 0.7302271975806452 21.589999999999996
27,6,3,11,26,24,2,28,7,16,15,22,25,1,8,23,19,18,4,0,17,12,29,5,14,10,21,20,9,13 1210.0 21.52 8.0 62400.0 0.9675102616832093 22.464999999999996
19,27,3,11,26,16,6,21,2,28,7,15,22,10,25,8,23,18,12,0,29,17,1,4,5,24,14,20,9,13 1129.0 48.1 6.0 48300.0 0.757759483870968 21.464999999999996
19,27,6,3,11,26,24,2,16,28,7,15,22,1,8,23,18,4,0,12,17,10,9,5,14,29,21,20,25,13 1055.0 42.63999999999999 9.0 41800.0 0.7146049475806452 21.589999999999996
19,27,6,3,11,26,16,21,2,28,0,4,15,22,25,8,23,18,12,7,29,10,1,5,14,24,17,20,9,13 1111.0 44.72 9.0 48300.0 0.7181483920595534 21.449999999999996
19,27,6,3,11,26,24,2,28,7,15,22,1,8,23,29,4,0,12,17,10,25,16,5,14,18,21,20,9,13 1059.0 38.739999999999995 8.0 41600.0 0.7304071975806452 21.589999999999996
19,27,6,3,11,26,29,21,2,28,7,15,22,1,8,23,18,16,12,0,17,10,4,5,14,24,25,20,9,13 1060.0 38.74 8.0 42000.0 0.7302471975806453 21.589999999999996
19,27,6,3,11,26,29,21,2,5,7,15,22,24,8,10,18,16,12,0,17,23,1,28,14,4,25,20,13,9 1065.0 38.739999999999995 8.0 42800.0 0.7303671975806453 21.589999999999996
#
3,9,2,7,0,28,16,29,5,19,14,27,15,10,25,23,26,24,6,12,4,8,11,1,20,17,13,18,22,21 1010.0 51.199999999999996 10.0 34800.0 0.7191297766749379 22.085
28,9,14,18,27,29,16,22,26,7,0,2,19,15,10,25,23,4,24,6,8,11,1,12,20,17,13,3,21,5 1204.0 31.56 7.0 56900.0 0.7793427338709678 21.464999999999996
28,9,18,27,29,16,22,26,7,0,2,15,19,10,25,23,14,24,6,4,8,11,1,12,20,17,13,3,21,5 1188.0 39.800000000000004 7.0 54400.0 0.7780954838709677 21.464999999999996
3,9,2,7,0,28,29,16,27,26,15,5,19,10,25,23,14,24,6,4,8,11,12,20,17,13,18,22,21,1 1030.0 51.199999999999996 11.0 37300.0 0.6727683824441687 21.415
3,9,2,7,0,28,16,29,5,19,27,26,15,10,25,23,4,24,6,14,8,11,1,12,20,17,13,22,18,21 1054.0 51.199999999999996 9.0 39900.0 0.7350543225806452 22.085
3,9,2,7,0,28,29,5,19,14,27,15,10,25,23,4,24,26,6,8,11,1,12,16,20,17,13,18,22,21 1029.0 47.300000000000004 10.0 36700.0 0.719559776674938 22.085
#
11,8,15,25,13,22,16,5,29,18,0,23,24,19,6,2,12,7,17,14,26,21,4,28,9,20,1,3,10,27 1114.0 28.244 9.0 48500.0 0.8471294223197342 24.285
1,9,15,2,19,20,3,23,22,17,26,5,8,18,7,10,12,16,25,14,28,11,27,6,0,29,21,24,13,4 1154.0 37.324 7.0 54600.0 0.7769976713709679 21.449999999999996
11,8,15,7,13,22,16,2,14,18,0,23,24,19,6,4,25,28,12,29,17,26,5,21,9,20,1,3,10,27 1035.0 32.804 9.0 37400.0 0.8199224004524888 23.800000000000004
1,9,15,23,20,19,2,3,22,27,17,6,8,18,10,25,28,12,7,14,26,21,4,5,13,24,11,16,29,0 1105.0 38.24 9.0 46400.0 0.7759065705645163 21.439999999999998
11,5,13,8,15,24,22,16,23,29,2,18,6,19,0,4,28,7,12,25,17,26,14,21,9,20,1,3,10,27 1048.0 32.794 9.0 39500.0 0.8199324004524887 23.800000000000004
#
11,0,19,13,26,6,16,22,15,20,3,4,25,1,28,7,18,24,21,23,14,2,5,27,12,9,10,17,29,8 1177.0 26.28 7.0 58100.0 0.753281333236024 22.205000000000002
11,2,19,26,24,16,17,22,15,5,25,10,1,3,4,18,7,20,28,6,21,13,23,0,14,12,27,9,29,8 1122.0 37.15 6.0 48200.0 0.8339743823529412 23.950000000000003
1,11,19,26,13,6,16,22,12,15,20,3,4,25,18,7,10,24,23,21,0,5,14,28,27,2,9,17,29,8 1096.0 40.64 8.0 45900.0 0.7487096350806451 21.575
11,19,2,26,6,16,22,13,20,15,1,27,3,4,25,18,21,28,7,24,23,0,5,14,9,12,10,17,8,29 1061.0 28.05 8.0 42300.0 0.8148703262571156 22.645
11,2,19,13,26,6,16,0,20,15,1,27,3,24,25,18,21,28,7,23,29,14,5,4,12,9,17,10,22,8 1061.0 28.05 9.0 42000.0 0.7997157803514086 22.645
#
11,19,2,20,14,28,5,17,13,4,3,18,16,0,24,27,10,7,9,29,15,8,6,26,1,22,25,23,12,21 1029.0 32.45 10.0 38600.0 0.7831096553514085 22.630000000000003
11,19,2,20,28,5,17,13,14,3,18,4,16,0,24,25,10,9,29,15,8,6,26,1,22,27,7,23,12,21 1081.0 31.35 9.0 44600.0 0.7900478376331922 23.16
11,2,8,19,28,13,17,18,5,29,3,25,14,4,24,16,9,10,27,15,7,20,6,26,1,22,0,23,12,21 1190.0 42.230000000000004 6.0 55600.0 0.8582989146110056 23.525
11,19,20,2,7,28,16,17,13,4,18,3,5,0,24,14,27,10,9,29,15,8,6,26,1,22,25,23,12,21 1041.0 39.95 10.0 39000.0 0.747121369061086 22.77
19,2,20,7,28,5,17,13,4,3,18,16,0,24,14,27,11,10,9,29,15,8,6,26,1,22,25,23,12,21 1087.0 54.58 9.0 46200.0 0.7577247963709679 21.45
#
19,3,6,17,16,2,28,26,5,25,10,14,4,7,24,8,29,12,1,18,0,11,20,27,15,9,13,22,23,21 1013.0 35.14 9.0 37600.0 0.7399489379652605 21.45
27,3,21,17,13,12,15,26,5,25,10,7,4,14,24,8,29,1,18,0,11,16,20,28,9,2,22,23,19,6 1350.0 28.3 7.0 79400.0 1.046513537892887 22.935
25,3,19,5,17,26,12,13,15,16,6,21,8,29,4,14,7,2,1,18,0,20,11,24,9,28,27,10,23,22 1177.0 40.6 7.0 54000.0 0.7922684576612904 21.325
19,3,6,16,2,17,28,12,5,26,10,1,4,14,24,25,8,29,11,18,0,7,20,27,15,9,13,22,21,23 1018.0 36.544 9.0 37300.0 0.7402289379652606 21.45
19,3,6,17,16,2,12,28,26,5,13,10,1,4,14,24,8,29,11,18,0,7,20,27,15,9,25,22,23,21 1032.0 49.14000000000001 9.0 38100.0 0.714806651674938 21.589999999999996
19,27,6,17,15,13,12,16,26,4,21,18,5,22,7,8,14,9,23,11,25,2,24,29,28,1,20,0,10,3 1077.0 43.14 9.0 43500.0 0.7461110079094293 20.95
#
