# Problem = StaticVNFPlacementProblem
# Variables = 1
# Objectives = 3
75,22,83,51,26,70,49,38,72,61,43,95,29,98,25,90,68,69,8,30,21,107,50,91,53,35,79,104,81,44,47,9,78,15,59,18,89,100,60,52,56,87,103,73,99,85,108,54,82,2,80,32,3,10,28,19,7,12,97,41,24,55,1,96,58,45,33,102,23,6,77,64,37,93,17,40,4,48,65,71,31,13,39,101,20,86,11,74,42,92,66,27,63,16,5,76,46,106,62,105,14,84,57,34,36,88,67,94,0 4404.0 102.54599999999999 26.0
75,22,83,51,26,70,49,38,72,61,43,95,29,98,25,90,68,69,8,30,21,107,50,91,53,35,79,104,81,44,47,9,93,15,59,18,101,100,60,52,78,87,73,3,99,85,108,54,82,2,80,103,32,10,28,41,7,12,97,19,24,55,1,96,88,45,33,102,23,6,77,56,17,40,4,48,65,71,31,13,39,89,42,37,20,86,11,74,66,27,63,16,5,76,46,105,62,92,106,94,84,64,57,34,36,58,67,14,0 4444.0 82.06000000000002 24.0
75,22,83,51,26,70,49,38,72,61,43,95,29,98,25,90,68,69,8,30,21,107,50,91,53,35,79,104,81,44,47,9,78,10,15,59,18,101,100,60,52,93,87,3,73,99,85,108,54,82,2,80,103,32,28,41,7,12,97,19,24,55,96,71,88,45,33,102,23,6,77,64,40,17,56,4,48,65,42,31,39,86,37,20,89,11,1,5,74,92,58,27,63,16,76,13,106,62,46,105,94,84,57,0,34,36,14,67,66 4430.0 90.084 26.0
75,22,83,51,26,70,49,38,72,61,43,95,29,98,25,90,68,69,8,30,21,107,50,91,53,35,79,104,81,44,47,9,78,15,59,18,101,100,60,52,48,87,93,73,99,85,108,54,89,2,80,103,32,3,10,28,19,7,12,41,24,55,88,96,1,66,45,33,102,23,6,77,64,56,17,40,4,65,71,31,13,39,97,42,37,11,74,20,92,82,27,63,16,5,76,46,106,62,86,105,94,84,57,34,36,58,67,14,0 4461.0 75.578 25.0
75,22,83,51,26,70,49,38,72,61,43,95,29,98,25,90,68,69,8,30,21,107,50,91,53,35,79,104,81,44,47,9,78,15,59,18,101,100,60,52,2,87,3,73,99,85,108,54,82,93,80,103,32,10,28,41,7,12,97,19,24,55,1,96,88,45,33,102,23,6,77,56,17,40,4,48,65,71,31,13,39,89,42,37,20,86,11,74,66,27,63,16,5,76,46,106,62,92,105,94,84,64,57,34,36,58,67,14,0 4438.0 86.06000000000002 24.0
75,83,51,26,70,49,38,61,43,95,29,72,98,25,90,68,69,22,8,30,21,107,50,91,53,35,79,104,81,44,47,9,78,15,59,18,101,100,60,52,93,87,3,73,99,85,108,54,48,2,80,103,32,89,10,28,19,7,12,41,24,55,88,96,1,66,45,33,102,23,6,77,64,56,17,40,4,65,71,31,13,39,97,42,37,11,74,20,92,82,27,63,16,5,76,46,106,62,86,105,94,84,57,34,36,58,67,14,0 4520.0 68.03999999999999 24.0
75,22,83,51,26,70,49,38,61,43,71,29,72,98,25,90,68,69,8,30,21,107,50,91,53,35,79,104,81,44,47,9,93,15,59,18,101,100,60,52,78,87,99,85,108,54,97,2,80,103,32,73,3,10,28,19,7,12,41,24,55,96,66,1,88,45,33,102,23,6,77,64,56,17,40,4,48,65,42,46,31,13,95,89,37,20,11,74,86,92,58,27,16,82,5,76,106,62,63,105,94,84,57,34,36,39,67,14,0 4685.0 64.52000000000001 27.0
75,22,83,51,43,26,70,49,38,61,95,29,72,98,25,90,68,69,8,30,21,107,50,91,53,35,79,104,81,44,47,9,78,15,59,18,101,100,60,52,93,87,3,73,99,85,108,54,48,2,80,103,32,23,10,28,19,7,12,41,24,55,88,96,1,66,45,33,102,89,6,77,64,56,17,40,4,65,71,31,39,86,37,20,97,11,42,5,74,92,58,27,63,16,76,13,106,62,82,105,94,84,57,34,36,46,14,67,0 4496.0 119.23 21.0
75,22,83,51,43,26,70,49,38,61,95,29,72,98,25,90,68,69,8,30,21,107,50,91,53,35,79,104,81,44,47,9,78,15,59,18,101,100,60,52,93,87,3,73,99,85,108,54,82,2,80,103,32,10,28,41,7,12,97,19,24,55,96,71,88,45,33,102,23,6,77,64,40,17,56,4,48,65,42,31,39,86,37,20,89,11,1,5,74,92,58,27,63,16,76,13,106,62,66,105,94,84,57,34,36,46,14,67,0 4473.0 114.34 22.0
75,83,51,26,22,70,49,38,61,43,95,29,72,98,25,90,68,69,8,30,21,107,50,91,53,35,79,104,81,44,47,9,78,4,15,59,18,101,100,60,52,93,87,3,73,99,85,108,54,82,2,80,103,32,10,28,41,7,12,97,19,24,55,96,71,88,45,33,102,23,6,77,64,40,17,56,48,65,42,31,39,86,37,20,89,11,1,5,74,92,58,27,63,16,76,13,106,62,46,105,94,84,57,34,36,66,67,14,0 4481.0 71.29 22.0
75,22,43,83,51,26,70,49,38,61,95,29,72,98,25,90,68,69,8,30,21,107,50,91,53,35,79,104,81,44,47,9,78,15,59,18,101,100,60,52,93,87,3,73,99,85,108,54,82,2,80,103,32,10,28,41,7,12,20,19,24,55,1,96,88,45,33,102,23,6,77,64,56,17,37,40,4,48,65,71,31,13,39,89,42,97,86,11,74,92,58,27,63,16,5,76,46,66,62,105,94,84,57,34,36,106,67,14,0 4529.0 109.468 21.0
75,83,51,26,25,49,38,61,43,95,29,72,98,70,90,68,69,22,8,30,21,107,50,91,53,35,79,104,81,44,47,9,78,15,59,18,101,100,60,52,93,87,3,73,99,85,108,54,82,2,80,103,32,10,28,41,7,12,97,19,24,55,96,71,88,45,33,102,23,6,77,64,40,17,56,4,48,65,42,31,39,86,37,20,89,11,0,5,74,92,58,27,63,16,76,13,106,46,66,62,94,84,57,1,36,105,67,14,34 4623.0 96.47800000000001 21.0
75,22,83,51,43,26,70,49,38,61,95,29,72,98,25,90,68,69,8,30,21,107,50,91,53,35,79,104,81,44,47,9,78,15,59,18,101,100,60,52,93,87,3,73,99,85,108,54,82,2,80,103,32,10,28,19,7,12,97,41,24,55,1,96,58,45,33,102,6,77,64,23,56,106,40,4,86,65,37,71,31,13,39,89,20,48,42,11,92,88,66,27,16,17,76,5,46,74,62,105,94,84,57,34,36,63,67,14,0 4627.0 95.14 20.0
75,69,83,51,26,70,49,38,61,43,95,29,72,98,25,90,68,22,8,30,21,107,50,91,53,35,79,104,81,44,47,9,78,15,59,18,101,100,60,52,93,87,3,73,99,85,108,54,1,2,80,103,32,10,28,41,7,12,97,19,24,55,96,82,58,45,33,102,23,6,77,64,37,56,17,40,4,48,65,71,31,13,39,89,42,20,86,11,74,92,88,27,5,76,46,106,62,16,105,94,84,66,57,34,36,63,67,14,0 4709.0 89.82000000000001 21.0
#
68,23,62,106,75,81,47,41,24,86,2,28,49,76,87,100,8,57,48,19,4,44,91,1,65,82,59,93,101,56,92,89,22,103,37,0,9,51,32,88,33,90,18,17,69,21,50,94,79,61,26,99,38,83,7,72,66,98,102,80,96,35,71,25,5,15,6,46,73,36,10,40,30,108,97,105,39,16,70,60,55,52,95,107,14,12,45,85,29,11,77,54,64,53,42,58,27,84,104,67,3,20,74,43,13,63,34,31,78 4307.0 87.572 25.0
68,23,62,24,75,81,28,86,47,41,2,87,49,76,8,106,100,57,48,19,4,44,91,1,65,82,59,93,101,56,92,89,22,103,37,0,9,51,32,88,33,90,18,17,69,21,50,94,79,61,26,99,38,83,7,72,66,98,102,80,96,35,71,25,5,15,6,46,105,73,36,10,40,97,108,30,39,16,70,60,55,52,95,107,14,12,45,85,29,11,77,54,27,64,53,42,58,84,104,67,3,20,74,43,13,63,34,31,78 4329.0 73.532 24.0
68,23,62,75,81,47,41,24,86,2,28,49,87,48,8,106,100,57,76,19,44,91,1,65,82,59,93,101,56,92,4,89,22,103,90,72,0,9,18,32,88,33,37,51,17,69,50,94,79,61,26,99,38,83,66,21,105,98,102,80,96,35,71,25,5,15,6,46,52,7,36,10,40,97,108,70,30,39,16,60,55,73,95,107,14,12,45,85,29,11,77,54,27,64,53,42,58,84,104,67,3,20,74,43,13,63,34,31,78 4317.0 101.12800000000001 23.0
68,23,62,24,75,81,28,86,47,41,2,87,49,76,8,106,100,57,48,19,4,44,91,1,65,82,59,93,101,56,92,89,22,103,37,0,9,51,32,88,33,90,18,17,69,21,50,94,79,61,26,99,38,83,7,72,66,98,102,80,96,35,71,25,5,15,6,46,73,36,10,40,30,108,97,105,39,16,70,60,55,52,95,107,14,12,45,85,29,11,77,54,27,64,53,42,58,84,104,67,3,20,74,43,13,63,34,31,78 4342.0 76.652 23.0
68,23,62,24,75,81,28,86,47,41,2,87,49,76,8,82,48,106,100,57,19,44,91,1,65,59,93,101,37,56,92,4,89,22,103,51,0,9,18,32,33,90,66,17,69,21,50,94,79,61,26,99,38,83,7,72,105,98,102,80,96,35,71,25,5,15,6,46,52,88,10,40,36,97,108,70,30,39,16,60,55,73,95,107,14,12,45,85,53,11,77,54,27,64,29,42,58,84,104,67,3,20,74,43,13,63,34,31,78 4337.0 81.452 23.0
68,23,62,24,75,81,28,86,47,41,2,8,49,76,87,48,100,57,106,19,4,44,1,65,82,59,93,37,101,56,92,91,89,22,103,90,0,9,18,32,88,33,51,17,69,21,50,94,79,61,66,26,99,38,83,7,72,98,35,102,80,96,71,25,5,15,6,46,52,36,10,40,97,108,30,105,39,16,70,60,55,73,95,107,14,34,45,85,29,11,77,54,64,53,42,84,104,58,27,3,67,20,74,43,13,63,12,31,78 4362.0 76.492 23.0
68,23,62,14,75,36,81,76,86,47,41,2,33,49,87,48,8,106,100,57,19,44,91,1,65,82,59,93,101,56,92,4,89,22,103,37,0,21,51,18,32,90,17,69,9,66,88,50,94,79,61,26,15,99,38,83,7,105,98,102,80,96,35,71,25,5,28,6,46,10,40,97,108,30,39,72,60,70,16,55,52,73,95,107,24,34,45,85,29,11,77,54,64,53,42,58,84,104,67,27,3,20,74,43,13,63,12,31,78 4373.0 89.24 21.0
68,23,62,37,75,81,65,41,14,86,2,28,49,76,87,48,89,100,57,8,19,44,91,1,82,59,93,47,101,56,92,4,106,22,103,51,0,9,18,32,36,90,17,69,21,50,79,66,94,61,26,88,99,38,83,7,33,105,98,102,80,96,35,71,25,5,15,6,46,10,40,97,108,30,39,72,16,70,60,55,52,73,95,107,24,34,45,85,29,11,77,54,64,53,42,84,104,58,27,3,67,20,74,43,13,63,12,31,78 4374.0 78.35600000000001 21.0
68,23,62,37,75,81,47,41,24,86,2,28,49,76,87,48,8,106,100,57,19,44,91,1,65,82,59,93,101,56,92,4,89,22,103,51,0,9,18,32,88,39,90,17,69,21,50,94,79,61,26,99,38,83,7,66,72,105,98,102,80,96,71,35,25,5,15,6,46,52,36,10,40,97,108,30,33,16,70,60,55,73,95,107,14,12,45,85,29,11,77,54,27,64,53,42,58,84,104,67,3,20,74,43,13,63,34,31,78 4432.0 70.532 23.0
68,23,62,37,75,81,65,41,24,86,2,28,49,76,87,48,89,100,57,8,19,44,91,1,82,59,93,47,101,56,92,4,106,22,103,51,9,18,33,39,90,17,69,21,50,79,0,66,94,61,26,88,99,38,83,7,72,105,98,102,80,96,35,71,25,5,15,6,46,52,29,36,10,40,97,108,30,16,70,60,55,73,95,107,14,12,45,85,32,11,77,54,27,64,53,42,58,84,104,67,3,20,74,43,13,63,34,31,78 4423.0 72.97600000000001 22.0
68,23,62,37,75,81,65,41,24,86,2,28,49,76,87,48,89,100,57,8,19,44,91,1,82,59,93,47,101,56,92,4,106,22,103,51,0,9,18,32,39,90,17,69,21,50,79,66,94,61,26,88,99,38,83,7,72,105,98,102,80,96,35,71,25,5,15,6,46,52,36,10,40,97,108,30,33,70,60,55,16,104,95,78,14,12,45,85,53,11,77,54,64,29,42,58,73,84,27,3,67,20,74,43,13,63,34,31,107 4452.0 73.232 21.0
68,23,62,37,75,81,65,41,24,86,2,28,49,76,87,48,89,100,57,8,19,44,91,1,82,59,93,47,101,56,92,4,106,22,103,51,0,9,18,32,39,90,17,69,21,50,79,66,94,61,26,88,99,83,7,72,105,98,102,80,96,35,71,25,5,15,6,46,52,36,10,40,97,108,30,33,70,38,60,55,16,104,95,78,14,12,45,85,53,11,77,54,64,29,42,58,73,84,27,3,67,20,74,43,13,63,34,31,107 4445.0 94.71400000000001 19.0
68,23,62,75,22,47,41,24,9,28,49,87,48,8,106,100,27,76,19,37,44,91,1,65,82,59,89,103,93,81,101,56,92,4,51,0,18,32,88,33,90,17,69,2,21,50,94,66,86,79,61,26,99,38,83,7,72,105,98,102,80,96,35,71,25,5,15,6,46,52,36,10,40,97,108,30,39,16,70,60,55,73,95,107,14,34,45,85,29,11,77,54,64,53,42,58,84,104,57,3,67,20,74,43,13,63,12,31,78 4526.0 67.82000000000001 23.0
68,23,62,4,75,81,49,24,47,41,2,28,86,76,87,48,8,106,100,57,19,44,91,1,65,82,59,93,101,56,92,89,22,103,37,0,9,51,32,88,33,90,18,17,69,21,50,94,79,61,26,99,38,83,7,72,66,98,102,80,96,35,71,25,5,15,6,46,52,36,10,40,97,34,108,30,105,39,16,70,60,55,73,95,107,54,45,85,29,11,77,14,64,53,42,84,104,58,27,3,67,20,74,43,13,63,12,31,78 4486.0 84.152 20.0
68,23,62,0,75,81,65,41,24,86,2,28,49,76,87,48,106,100,57,8,19,44,91,1,82,59,93,47,101,56,92,4,89,22,103,90,9,18,32,88,33,37,51,17,69,21,50,94,79,61,26,99,38,83,7,72,105,98,102,80,96,35,71,25,5,15,6,46,52,36,10,40,97,108,30,39,16,70,60,55,66,104,95,78,14,12,45,85,34,11,77,54,64,29,42,58,84,73,27,3,67,20,74,43,13,63,53,31,107 4665.0 122.304 17.0
68,23,62,24,75,81,4,49,47,41,2,28,86,76,87,48,8,106,100,57,19,44,91,1,65,82,59,93,101,56,92,89,22,103,37,0,9,51,32,88,33,90,18,17,69,21,50,94,79,61,26,99,38,83,7,72,66,98,102,80,96,35,71,25,5,15,6,46,52,36,10,40,30,108,97,105,39,16,70,60,55,73,95,107,14,12,45,85,29,11,77,54,27,64,53,42,58,84,104,67,3,20,74,43,13,63,34,31,78 4525.0 79.352 20.0
68,23,62,75,81,47,41,14,86,2,76,36,49,87,48,8,106,100,57,19,44,91,1,65,82,59,93,101,37,56,92,4,89,22,103,51,0,9,18,32,39,90,66,17,69,21,50,94,79,61,26,99,15,88,38,83,7,105,98,102,80,96,35,71,25,5,28,6,46,10,40,97,108,30,33,72,60,70,16,55,52,73,95,107,24,34,45,85,29,11,77,54,64,53,42,84,104,58,27,3,67,20,74,43,13,63,12,31,78 4544.0 93.92800000000001 19.0
68,23,62,37,75,81,65,86,47,41,2,28,49,87,48,8,106,100,57,76,19,44,91,1,82,59,93,24,101,56,92,4,89,22,103,51,0,9,18,32,33,90,17,69,21,50,94,72,79,61,26,88,99,38,83,7,105,98,97,102,80,96,35,71,25,5,15,6,46,52,36,10,40,66,108,30,39,16,70,60,55,104,95,78,14,12,45,85,53,11,77,54,64,29,42,58,84,73,27,3,67,20,74,43,13,63,34,31,107 4674.0 69.89600000000002 22.0
68,23,62,37,75,81,65,86,47,41,2,28,49,87,48,8,106,100,57,76,19,44,91,1,82,59,93,14,101,56,92,4,89,22,103,51,0,9,18,32,36,90,17,21,50,94,66,79,61,69,26,88,99,38,83,7,33,105,98,102,80,96,35,71,25,5,15,6,34,10,40,97,108,30,39,72,16,70,60,55,52,73,95,107,24,46,45,85,29,11,77,54,64,53,42,84,104,58,27,3,67,20,74,43,13,63,12,31,78 4566.0 73.55600000000001 19.0
#
85,10,63,65,9,16,8,97,47,18,55,23,67,50,19,34,104,20,64,14,79,73,57,62,53,37,13,61,94,7,48,26,76,74,107,2,39,22,93,88,66,99,25,12,102,54,59,52,81,3,82,29,35,101,71,96,89,31,105,1,49,86,38,77,68,69,100,103,58,90,51,17,44,30,6,40,84,4,11,46,32,41,83,60,91,80,98,45,43,92,28,24,78,70,33,5,72,95,106,87,21,108,75,42,56,36,0,27,15 4382.0 75.334 26.0
85,10,63,65,9,16,8,97,47,18,55,23,67,50,19,34,104,20,53,64,79,62,14,73,57,37,13,61,94,7,48,26,76,74,107,2,39,22,93,88,66,99,25,12,102,54,59,52,81,3,82,29,35,101,71,96,89,31,105,1,49,86,38,77,68,69,100,103,58,90,51,17,44,30,6,40,84,4,11,46,32,41,60,83,91,80,98,45,43,92,28,24,78,70,33,5,72,95,75,106,87,0,21,42,56,36,108,27,15 4390.0 71.21000000000001 26.0
85,10,63,65,9,16,8,97,47,18,55,23,67,50,19,34,104,20,53,64,79,62,14,73,57,37,13,61,94,7,48,26,76,74,107,2,39,22,93,88,66,99,25,12,102,54,59,52,81,3,82,29,35,101,71,96,89,31,17,32,51,1,49,86,38,77,68,69,100,103,58,105,84,44,30,6,90,4,11,46,40,41,83,60,91,80,98,45,43,92,28,24,78,70,33,5,72,95,106,87,21,108,75,42,56,36,0,27,15 4433.0 68.08800000000001 25.0
85,10,63,65,9,16,8,97,47,18,55,23,67,50,19,34,104,20,53,64,79,62,14,73,57,37,13,61,48,7,26,94,76,74,107,2,39,88,93,22,66,99,25,12,86,54,59,52,81,3,82,35,101,71,96,89,31,105,1,49,102,38,77,68,69,100,103,58,29,90,51,17,44,30,6,40,84,4,11,46,32,41,60,83,91,80,98,45,43,92,28,24,78,70,33,5,72,95,75,106,87,0,21,42,56,36,108,27,15 4420.0 71.91 24.0
85,10,63,65,16,8,97,47,9,18,55,23,67,50,19,34,104,20,53,64,79,62,14,73,57,37,13,61,74,7,48,26,94,76,107,2,39,22,93,88,66,99,25,12,102,54,59,52,81,3,82,29,35,101,71,96,89,31,40,1,32,86,49,77,68,69,100,103,58,90,51,17,44,30,105,6,84,4,11,46,38,41,83,60,91,80,78,43,92,28,24,98,70,33,45,5,72,95,106,87,75,0,21,42,56,36,108,27,15 4504.0 95.36000000000001 23.0
85,10,63,65,9,16,8,97,47,18,55,23,67,50,19,34,104,20,53,64,79,62,14,73,57,37,13,61,94,7,48,26,76,74,107,2,39,22,93,88,66,99,25,12,106,54,59,52,81,3,82,29,35,101,71,96,89,31,105,1,49,86,38,77,68,69,100,103,58,90,51,17,44,30,6,40,84,4,11,46,32,41,83,60,91,80,78,43,92,28,24,98,70,33,5,45,72,95,75,102,87,0,21,42,56,36,108,27,15 4593.0 69.65 24.0
85,10,63,65,9,2,8,97,47,18,55,23,67,50,19,34,104,20,106,64,14,79,73,57,62,53,37,13,61,94,7,48,26,76,74,107,16,39,93,88,66,99,25,12,75,54,59,52,81,3,69,82,29,35,101,71,96,89,31,105,1,49,86,38,77,68,100,103,58,90,40,102,17,6,32,30,44,84,4,11,46,51,41,83,60,91,80,98,45,43,92,95,24,78,70,33,5,72,28,22,87,0,21,42,56,36,108,27,15 4623.0 61.720000000000006 26.0
85,10,63,65,9,2,8,97,47,18,55,23,67,50,19,34,104,20,64,14,79,73,57,62,53,37,13,61,94,7,48,26,76,74,107,16,39,22,93,88,66,99,25,12,102,54,59,52,81,3,82,29,35,101,71,96,89,31,17,32,51,1,49,86,38,77,68,69,100,103,58,105,84,44,30,90,6,4,11,46,40,41,83,60,91,80,98,45,43,92,28,24,78,70,33,5,72,95,106,87,21,108,75,42,56,36,0,27,15 4662.0 75.60000000000001 22.0
85,10,63,65,9,2,8,97,47,18,55,23,67,50,19,34,104,20,64,14,79,73,57,62,53,37,13,61,94,7,48,26,76,74,107,16,39,93,88,66,99,25,12,102,54,59,105,52,81,3,82,29,35,101,71,96,89,31,91,32,103,51,1,49,86,38,77,68,69,100,17,44,30,6,84,4,11,46,40,22,41,58,83,60,90,80,98,43,92,106,28,24,78,70,33,45,5,72,95,87,21,108,75,42,56,36,27,15,0 4524.0 76.35000000000001 21.0
85,10,63,65,9,2,8,97,47,18,55,23,67,50,19,34,104,20,64,14,79,73,57,62,53,37,13,61,94,7,48,26,76,74,107,16,39,93,88,66,99,25,12,75,54,59,52,81,3,69,82,29,35,101,71,96,89,31,105,1,49,86,38,77,68,100,103,58,90,40,102,17,6,32,30,44,84,4,11,46,51,41,83,60,91,80,98,45,43,92,95,24,78,70,33,5,72,28,22,106,87,0,21,56,36,42,27,15,108 4827.0 61.019999999999996 25.0
85,10,63,65,9,16,8,97,47,18,55,23,67,50,19,34,104,20,53,64,79,74,14,73,57,37,13,61,101,7,32,26,94,76,66,107,2,39,22,93,88,99,25,12,102,54,59,52,81,3,82,29,35,62,48,71,96,89,51,17,31,1,49,38,86,77,68,69,100,103,58,105,84,44,30,6,90,4,11,46,40,41,83,60,91,80,98,45,43,92,28,24,78,70,33,5,72,95,106,87,21,108,75,42,56,36,0,27,15 4653.0 66.09400000000001 24.0
85,10,63,65,9,2,8,97,47,18,55,23,67,50,19,34,104,20,64,14,79,73,57,62,53,37,13,61,94,7,48,26,76,74,107,16,39,22,93,88,66,99,25,12,102,54,59,52,81,3,82,29,35,101,71,96,89,31,17,32,51,1,49,86,38,77,68,69,100,103,58,105,84,44,30,90,6,4,11,46,40,41,83,60,91,80,98,45,43,92,28,78,70,33,5,24,72,95,75,106,87,0,21,42,56,36,108,27,15 4677.0 70.19 21.0
85,10,63,65,9,2,8,97,47,18,55,23,67,50,19,34,104,20,64,14,79,73,57,62,53,37,13,61,94,7,48,26,76,74,107,16,39,93,22,88,66,99,25,12,102,54,59,52,81,3,82,29,35,101,71,96,89,31,91,32,103,51,1,49,86,38,77,68,69,100,58,105,84,44,30,90,6,4,11,46,40,41,83,60,17,80,98,45,43,92,28,78,70,33,5,24,72,95,75,106,87,0,21,42,56,36,108,27,15 4703.0 66.306 21.0
#
107,33,14,106,19,58,82,50,68,62,73,67,36,6,84,105,1,46,3,61,7,77,101,71,97,39,83,80,48,74,88,76,9,13,29,98,38,66,91,40,34,64,8,95,37,59,56,16,44,28,15,23,47,81,55,5,54,12,0,25,70,108,31,69,27,102,24,60,86,32,52,99,96,17,87,49,2,20,26,63,89,35,30,78,72,4,90,92,103,94,43,45,41,65,57,18,42,11,93,53,100,104,21,79,85,22,51,10,75 4318.0 96.33000000000001 22.0
107,33,14,106,19,58,82,50,68,62,73,67,36,6,84,105,1,46,3,61,7,77,101,71,97,39,83,80,48,74,88,76,9,13,29,98,38,66,91,40,34,64,8,95,37,59,56,16,44,28,15,23,47,81,55,5,54,12,0,25,70,108,31,69,27,102,24,60,86,32,52,99,96,17,87,49,2,20,26,63,89,30,78,35,72,4,90,92,103,43,45,10,65,94,57,18,42,11,93,53,100,104,21,79,85,22,51,41,75 4324.0 87.686 23.0
107,33,14,106,58,82,83,50,68,98,67,13,73,76,84,105,1,46,3,61,7,77,101,71,97,88,80,48,74,19,39,6,36,9,62,29,38,66,91,40,34,64,8,95,60,37,56,16,44,28,15,23,47,5,55,81,54,12,0,25,70,108,31,69,27,102,24,59,86,32,52,99,72,96,17,87,26,89,20,49,63,2,41,30,78,35,90,94,10,43,45,65,103,92,57,18,42,11,93,53,100,104,21,79,85,22,51,4,75 4458.0 84.906 23.0
107,33,14,106,58,19,83,50,68,62,1,36,73,6,84,105,67,46,3,61,7,77,101,71,97,39,80,48,74,82,88,76,9,13,29,98,38,66,91,40,34,64,8,95,37,60,56,16,44,28,15,55,47,81,23,5,54,12,0,25,70,108,31,69,27,102,24,59,86,32,52,99,57,17,87,49,2,20,26,63,89,41,30,78,72,79,4,90,35,92,43,45,103,65,96,18,42,11,93,53,100,104,21,94,85,22,51,10,75 4442.0 88.27000000000001 22.0
107,33,65,106,58,82,83,50,68,13,67,98,73,76,84,105,1,46,3,61,7,77,101,71,97,88,80,48,74,19,39,6,36,9,62,29,38,66,91,40,34,64,8,95,60,37,56,16,44,28,15,2,47,81,55,5,54,10,12,0,25,70,108,31,69,27,102,24,86,32,52,99,96,17,87,49,23,89,20,26,63,41,30,78,72,14,90,4,35,92,103,43,45,94,57,18,42,11,93,53,100,104,21,79,85,22,51,59,75 4570.0 80.43 25.0
107,33,14,106,58,82,83,50,68,88,67,13,73,84,98,105,1,46,3,61,7,77,101,71,97,39,80,48,74,19,76,6,9,62,29,36,38,66,91,40,34,64,8,95,60,37,56,16,44,28,55,23,47,81,15,5,54,12,0,25,70,108,31,69,27,102,24,59,86,32,52,99,96,17,87,49,2,20,26,63,89,30,41,78,94,35,4,90,92,103,43,45,65,72,57,18,42,11,93,53,100,104,21,79,85,22,51,10,75 4484.0 83.44200000000001 24.0
107,33,65,106,58,82,83,50,68,13,67,98,73,76,84,105,1,46,3,61,7,77,101,71,97,88,80,48,74,19,39,6,36,9,62,29,38,66,91,40,34,64,8,95,60,37,56,16,44,28,15,2,47,81,55,5,54,10,12,0,25,70,108,31,69,27,102,24,86,32,52,99,96,17,87,49,23,89,20,26,63,41,30,78,72,79,90,4,35,92,103,43,53,57,14,18,42,11,93,45,100,104,21,94,85,22,51,59,75 4589.0 79.84800000000001 24.0
107,33,14,106,58,82,83,50,68,98,67,13,73,76,84,105,1,46,3,61,7,77,101,71,97,88,80,48,74,19,39,6,36,9,62,29,38,66,91,40,34,64,8,95,37,60,56,16,44,28,15,55,47,81,23,5,54,12,0,25,70,108,31,69,27,102,24,59,86,32,52,99,57,17,87,49,2,20,26,63,89,41,30,78,72,79,4,90,35,92,43,45,103,65,96,18,42,11,93,53,100,104,21,94,85,22,51,10,75 4527.0 83.866 22.0
107,33,14,106,58,82,83,50,68,36,19,67,62,73,6,84,105,1,46,3,61,7,77,101,71,97,39,80,48,74,88,76,9,13,29,98,38,66,91,40,34,64,8,95,60,37,56,16,44,28,15,23,47,5,55,81,54,12,0,25,70,108,31,69,27,102,24,59,86,32,52,99,96,17,87,49,2,20,26,89,41,63,30,78,43,79,4,90,35,92,103,45,65,94,57,42,11,93,10,53,100,104,21,72,85,22,51,18,75 4511.0 92.43 21.0
107,33,14,58,82,83,50,68,36,19,67,62,73,6,84,105,1,46,3,61,7,77,101,0,71,97,39,106,80,48,74,88,76,9,13,29,98,38,66,91,40,34,64,8,95,60,37,56,16,44,28,15,23,47,81,55,5,54,12,25,70,108,31,69,27,102,24,59,86,32,52,99,96,17,87,49,2,20,26,63,89,41,30,78,94,79,4,90,35,92,103,43,53,57,18,72,42,11,93,45,100,104,21,10,85,22,51,65,75 4521.0 99.23400000000001 20.0
107,33,65,106,58,82,83,50,68,13,67,98,73,76,84,105,1,46,3,61,7,77,101,71,97,88,48,74,19,39,6,36,9,62,29,38,66,91,80,40,34,64,8,95,60,37,56,16,44,28,15,23,47,81,55,5,54,12,0,25,70,108,31,69,27,102,24,59,86,32,52,99,96,17,87,49,2,20,26,63,89,41,30,78,94,79,4,90,35,92,103,43,53,57,14,18,42,11,93,45,100,104,21,72,85,22,51,10,75 4653.0 70.57600000000001 25.0
107,1,65,88,106,58,82,83,50,68,13,67,98,73,76,84,105,33,46,3,61,7,77,101,71,97,80,48,19,39,6,36,9,62,29,38,66,91,40,34,64,8,95,37,60,56,16,44,28,15,2,47,81,74,55,5,54,10,12,0,25,70,108,31,69,27,102,24,86,32,52,99,96,17,87,49,23,89,20,26,63,41,30,78,94,79,4,90,35,92,103,43,45,14,57,18,42,11,93,53,100,104,21,72,85,22,51,59,75 4611.0 77.03000000000002 24.0
107,33,14,106,19,58,82,50,68,62,73,67,36,6,84,105,1,46,3,61,7,77,76,71,97,39,83,80,48,74,88,101,9,98,29,13,38,66,91,40,34,64,8,95,60,37,56,16,44,28,15,23,54,47,81,55,5,12,0,25,70,108,31,69,27,102,24,59,86,32,52,99,96,17,87,49,2,20,26,63,89,30,78,35,72,4,90,92,103,41,43,45,65,94,57,18,42,11,93,53,100,104,21,79,85,22,51,10,75 4530.0 97.49000000000001 20.0
107,17,14,106,58,83,50,68,13,101,67,98,73,76,84,105,1,46,3,61,7,77,71,36,88,80,48,74,19,39,6,97,9,87,29,38,66,91,40,34,64,8,95,60,37,56,16,44,28,15,23,47,81,55,5,12,0,25,70,108,31,54,69,27,102,24,59,86,32,52,99,96,33,62,49,2,20,26,63,89,41,30,78,94,79,4,90,82,35,92,43,45,103,65,57,18,42,11,93,53,100,104,21,72,85,22,51,10,75 4798.0 72.54200000000002 24.0
107,33,14,106,58,82,83,50,68,88,67,36,73,6,62,105,1,46,3,61,7,77,101,71,97,39,80,48,74,19,76,9,84,29,98,38,66,13,91,40,34,64,8,95,60,37,56,16,28,15,44,23,47,81,55,5,54,12,0,25,70,108,31,69,27,102,24,59,86,32,52,99,72,96,17,87,26,89,20,49,63,30,78,35,2,4,90,41,92,103,43,45,65,94,57,18,42,11,93,53,100,104,21,79,85,22,51,10,75 4548.0 96.49000000000001 20.0
107,33,65,106,19,58,82,50,68,62,73,67,36,6,84,105,1,46,3,61,7,77,101,71,97,39,83,80,48,74,88,76,9,13,29,98,38,66,91,40,34,64,8,95,37,59,56,16,44,28,15,23,47,81,55,5,54,12,0,25,70,108,31,69,27,102,24,60,86,32,52,99,96,17,87,49,2,20,26,63,89,41,30,78,94,79,4,90,35,92,103,43,53,57,14,18,42,11,93,45,100,104,21,72,85,22,51,10,75 4659.0 75.10999999999999 22.0
107,33,14,106,58,82,88,83,50,68,62,73,67,36,6,105,1,46,3,61,7,77,101,71,97,39,80,48,74,19,76,9,84,29,98,38,66,13,91,40,34,64,8,95,60,37,56,16,28,15,44,23,47,81,55,5,54,12,0,25,70,108,31,69,27,102,24,59,86,32,52,99,72,96,17,87,26,89,20,49,63,2,41,30,78,35,4,90,92,103,79,43,45,65,57,18,42,11,93,53,100,104,21,94,85,22,51,10,75 4614.0 93.342 20.0
107,17,14,106,58,82,83,50,68,88,67,36,73,6,87,105,1,46,3,61,7,77,101,71,97,39,80,48,74,19,76,9,84,29,98,38,66,13,91,40,34,64,8,95,60,37,56,16,28,15,44,23,47,81,55,5,54,12,0,25,70,108,31,69,27,102,24,59,86,32,78,99,96,33,62,49,2,20,26,63,89,41,30,72,52,35,4,90,92,103,79,43,45,94,57,18,42,11,93,53,100,104,21,65,85,22,51,10,75 4899.0 71.822 22.0
107,33,65,106,58,82,83,50,68,34,29,62,73,6,22,84,105,1,46,3,61,67,7,77,101,71,97,39,80,48,74,88,76,9,13,19,98,38,66,91,40,36,10,64,8,95,60,16,44,28,15,23,47,81,55,5,54,12,0,25,70,108,31,69,27,57,24,59,86,32,52,99,96,17,87,49,2,20,26,63,89,41,30,78,43,79,4,90,35,92,103,45,14,94,102,42,11,93,37,53,100,104,21,72,85,56,51,18,75 4666.0 82.98599999999999 19.0
107,17,14,106,58,82,83,50,68,88,67,36,73,6,87,105,1,46,3,61,7,77,101,71,97,39,80,48,74,19,76,9,84,29,98,38,66,13,91,40,34,64,8,95,60,37,56,16,28,15,44,23,47,81,55,5,54,12,0,25,70,108,31,69,27,102,24,59,86,32,52,99,96,33,62,49,2,20,26,63,89,41,30,78,94,79,4,90,35,92,43,45,103,65,57,18,42,11,93,53,100,104,21,72,85,22,51,10,75 4840.0 71.82200000000002 21.0
107,33,65,106,58,82,19,50,68,73,67,62,36,6,84,105,1,46,3,61,7,77,101,71,97,39,83,80,48,74,88,76,9,13,29,98,38,66,91,40,34,64,8,95,37,60,56,16,44,28,15,23,47,81,55,5,54,12,0,25,70,108,31,69,10,27,102,24,86,32,52,99,96,17,87,49,2,89,20,26,63,41,30,78,94,79,4,90,35,92,103,43,53,57,14,18,42,11,93,45,100,104,21,72,85,22,51,59,75 4772.0 77.50999999999998 20.0
107,17,14,106,58,82,83,50,68,88,67,36,73,6,87,105,1,46,3,61,7,77,101,71,97,39,80,48,74,19,76,9,84,29,98,38,66,13,91,40,34,64,8,95,60,37,56,16,102,28,15,44,23,47,81,55,5,54,12,0,25,70,108,31,69,27,24,59,86,32,52,99,96,33,62,49,2,20,26,63,89,41,30,78,94,79,4,90,35,92,43,45,103,65,57,18,42,11,93,53,100,104,21,72,85,22,51,10,75 5040.0 74.1 20.0
107,33,61,106,58,83,50,68,82,62,67,36,6,84,105,1,46,3,14,7,77,101,71,97,45,19,80,0,48,74,88,76,9,13,29,98,38,66,91,40,34,64,8,95,60,37,56,16,44,28,15,23,47,81,55,5,54,73,12,25,70,108,31,69,27,102,24,59,86,32,52,99,96,17,87,49,2,20,26,63,89,30,41,78,94,35,4,90,92,103,43,39,65,72,57,18,42,11,93,53,100,104,21,79,85,22,51,10,75 4787.0 76.75000000000001 19.0
107,17,14,106,58,82,83,50,68,88,67,36,73,6,84,105,1,46,3,61,7,77,101,71,97,39,80,48,74,19,76,9,13,87,98,29,38,66,91,40,34,64,8,95,60,37,56,16,44,28,79,23,47,5,55,81,54,12,0,25,70,108,31,69,27,102,24,59,86,32,52,99,96,33,62,49,2,20,26,63,89,41,30,78,94,15,4,90,35,92,43,45,103,65,57,18,42,11,93,53,100,104,21,72,85,22,51,10,75 5115.0 74.04 19.0
#
79,31,5,92,10,45,33,100,6,4,93,46,105,17,47,44,13,65,52,26,103,60,30,91,89,56,96,86,90,43,14,20,32,3,29,67,77,84,81,83,34,22,66,62,2,11,48,49,7,16,24,78,39,51,98,64,59,58,85,73,1,68,15,80,12,61,71,21,95,40,42,101,70,108,102,25,0,38,50,36,18,23,69,107,97,94,19,53,106,28,87,54,88,27,82,72,63,55,99,76,74,57,41,75,35,104,9,8,37 4453.0 86.91000000000001 28.0
37,31,5,92,10,45,33,54,6,4,93,46,105,17,47,44,13,65,52,26,103,60,30,91,89,56,88,96,90,86,16,20,32,3,43,67,77,41,84,81,29,83,34,22,66,62,2,11,48,49,7,78,39,51,98,64,59,58,85,73,1,68,15,80,61,71,21,95,40,42,101,70,108,102,25,0,38,50,36,18,23,69,107,97,94,99,63,87,19,53,106,75,28,72,27,14,55,9,24,76,74,57,12,82,35,104,100,8,79 4486.0 73.22000000000001 26.0
79,31,5,92,10,45,33,100,6,4,93,46,105,17,47,44,13,65,52,26,103,60,30,91,89,56,96,86,90,43,14,20,32,3,29,67,77,84,81,83,34,22,66,62,2,11,48,49,7,16,24,78,39,51,98,64,59,58,85,73,1,68,15,80,12,61,71,21,95,40,101,70,108,42,102,25,0,38,97,72,50,36,18,23,94,69,19,53,106,28,87,75,88,54,107,63,55,99,9,76,74,27,82,41,8,35,104,57,37 4500.0 85.07000000000001 25.0
79,31,5,92,10,45,33,100,6,4,93,46,105,17,47,44,13,65,52,26,103,60,30,91,89,56,96,86,16,43,14,20,32,3,29,67,77,84,81,83,34,22,66,62,2,11,48,49,7,90,39,24,78,51,98,64,59,58,85,73,1,68,15,80,12,61,71,21,95,40,42,101,70,108,102,25,0,38,50,36,18,23,69,107,97,94,19,53,106,28,87,54,88,27,82,72,63,55,99,76,74,57,41,75,35,104,9,8,37 4483.0 89.41000000000001 27.0
37,31,5,92,10,45,33,54,6,4,93,46,105,17,47,44,13,65,52,26,103,60,30,91,89,56,88,96,90,86,16,20,32,3,43,67,77,41,84,81,34,22,66,83,29,62,2,11,48,49,7,78,39,51,98,64,59,58,85,19,1,68,15,80,61,71,21,95,40,42,101,70,108,102,25,0,38,50,36,18,23,69,12,107,97,94,99,63,87,73,53,106,75,28,72,27,14,55,9,24,76,74,57,82,35,104,100,8,79 4567.0 69.45 22.0
79,31,5,92,10,45,33,100,6,4,93,46,105,17,47,44,13,65,52,26,103,60,30,91,89,56,96,86,39,43,14,20,32,3,29,67,77,84,81,83,34,22,66,62,2,11,48,49,7,90,16,24,78,51,98,64,59,58,85,73,1,68,15,80,12,61,71,21,95,40,101,70,108,42,102,25,0,38,97,72,50,36,18,23,94,69,19,53,106,28,87,75,88,54,107,63,55,99,9,76,74,27,82,41,8,35,104,57,37 4521.0 84.57000000000001 24.0
79,31,5,92,10,45,33,100,6,4,47,46,105,17,93,44,13,65,52,26,103,60,30,91,89,56,96,86,16,43,14,20,32,3,42,67,77,84,81,83,34,22,66,62,2,11,48,49,7,90,39,24,78,51,29,75,64,59,73,85,1,58,19,80,12,71,21,95,40,88,15,101,70,108,102,25,0,38,50,36,18,23,69,107,97,94,99,63,87,61,53,98,68,27,54,72,55,9,106,76,74,57,41,82,35,8,104,28,37 4687.0 96.77600000000001 20.0
79,31,5,92,10,45,33,100,6,4,93,46,105,17,47,44,13,65,52,26,103,60,30,91,89,56,96,86,16,43,14,20,32,3,42,67,77,84,81,83,34,22,66,62,2,11,48,49,7,90,39,24,78,51,29,75,64,59,73,85,1,58,19,80,12,71,21,95,40,88,15,101,70,108,102,25,0,38,50,36,18,23,69,107,97,94,99,63,87,61,53,98,68,27,54,72,55,9,106,76,74,57,41,82,35,28,104,8,37 4614.0 96.77600000000001 21.0
79,31,5,92,10,45,33,100,6,4,47,46,105,17,93,44,13,65,52,26,103,60,30,91,89,56,96,86,16,43,14,20,32,3,42,67,77,84,81,83,34,22,66,62,2,11,48,49,7,90,39,24,78,51,29,75,64,59,73,85,1,58,19,80,12,71,21,95,40,88,15,101,70,108,102,25,0,38,50,36,18,23,69,107,97,94,99,63,87,61,53,98,68,72,106,41,55,76,9,28,74,57,54,82,8,35,104,27,37 4669.0 97.81600000000002 20.0
37,31,5,92,10,45,33,100,6,4,93,46,105,17,47,44,13,65,52,26,103,60,30,91,89,56,75,96,98,86,16,20,32,3,42,67,77,41,84,81,0,83,34,22,66,62,2,11,48,49,7,90,39,24,78,51,29,43,64,59,73,85,1,58,80,61,71,101,12,21,95,40,15,70,108,97,25,99,63,38,72,50,36,18,23,69,102,94,87,88,53,106,28,107,54,14,55,9,68,76,74,57,19,82,35,104,27,8,79 4795.0 76.44000000000001 20.0
37,31,5,92,10,45,33,100,6,4,93,46,105,17,48,47,44,13,65,52,26,103,60,30,91,89,56,54,96,98,86,16,20,38,3,49,67,77,41,84,81,0,83,34,22,66,62,2,11,90,39,24,78,51,29,75,64,59,73,85,1,58,19,80,12,71,21,95,40,88,15,101,70,108,43,97,25,99,14,32,107,50,36,18,23,69,102,94,106,28,42,53,61,72,87,63,55,76,9,68,74,57,7,82,35,104,27,8,79 4735.0 83.57000000000002 19.0
#
81,0,12,107,82,29,102,61,72,66,9,86,89,92,14,23,69,5,40,1,55,35,11,56,6,104,28,41,97,34,15,18,64,8,93,37,2,79,94,30,17,33,70,80,4,65,54,52,108,58,101,95,48,75,39,62,26,68,50,47,49,31,21,36,78,85,105,53,16,74,44,99,88,20,77,100,38,22,91,57,83,10,103,27,63,13,25,59,106,51,60,46,67,76,45,96,3,87,24,98,32,19,42,90,71,73,84,7,43 4375.0 108.95000000000002 21.0
81,5,12,107,82,29,102,0,72,66,61,9,86,89,92,14,23,69,40,1,55,35,70,56,104,28,41,97,15,54,18,64,8,93,37,34,2,79,94,30,17,91,33,11,80,4,65,108,58,101,95,52,48,75,39,62,26,68,50,47,49,31,21,36,78,85,105,53,16,74,44,99,88,20,77,100,38,22,6,57,83,10,103,27,63,13,25,59,106,51,46,67,76,45,73,96,60,87,98,3,32,19,24,42,90,71,84,7,43 4431.0 83.67999999999999 25.0
81,94,5,12,107,82,29,102,0,72,66,61,9,86,89,92,14,23,69,40,1,55,35,70,56,104,28,41,97,15,54,18,64,8,93,37,34,2,79,30,17,91,33,11,80,4,65,108,58,101,95,52,48,75,39,62,26,68,50,47,49,31,21,36,78,85,105,53,16,74,44,99,88,20,77,100,38,22,6,57,83,10,103,27,63,13,25,59,106,51,46,67,76,45,96,60,87,24,98,3,32,19,73,42,90,71,84,7,43 4423.0 85.99999999999999 25.0
81,0,12,107,82,29,102,61,72,66,9,86,89,92,14,23,69,40,1,55,35,70,56,6,104,28,41,97,34,15,2,18,64,8,93,37,79,94,30,17,4,33,11,80,65,54,52,108,58,101,95,48,75,39,62,26,68,50,47,49,31,21,36,78,5,85,105,53,16,74,44,99,20,10,91,57,77,100,38,22,88,83,103,27,63,25,59,106,13,51,46,67,76,45,96,60,3,87,24,98,32,19,42,90,71,73,84,7,43 4430.0 102.88999999999999 21.0
81,5,12,107,82,29,102,0,72,66,61,9,86,89,92,14,23,69,40,1,55,35,70,56,6,104,28,41,97,34,15,18,64,8,54,93,37,2,79,94,30,33,11,80,4,65,17,52,108,58,101,95,75,39,62,71,26,68,91,47,73,31,21,36,78,85,50,105,99,16,74,44,53,20,57,77,100,38,22,88,83,10,103,27,63,13,25,59,106,51,46,67,76,45,96,60,3,87,24,98,32,19,42,90,48,49,84,7,43 4432.0 86.41000000000001 21.0
81,5,12,107,82,29,102,0,72,66,61,9,86,89,92,14,23,69,40,1,55,35,70,54,56,104,28,41,97,34,15,18,64,8,93,37,2,79,94,30,17,33,11,80,4,91,65,108,58,101,48,95,75,39,62,26,68,52,50,47,49,31,21,85,36,78,105,53,16,74,44,99,88,20,77,100,38,22,6,57,83,10,103,27,63,13,25,59,106,46,67,76,45,42,51,96,87,24,73,98,3,32,60,90,71,19,84,7,43 4486.0 80.47999999999999 25.0
81,5,12,107,82,29,102,0,72,66,61,9,86,89,92,14,23,69,40,1,55,35,70,54,56,104,28,41,97,34,15,18,64,8,93,37,2,79,94,30,17,33,11,80,4,91,65,108,58,48,95,75,39,62,26,68,52,50,47,49,31,21,85,36,78,105,99,16,74,44,53,20,88,77,100,38,22,6,57,83,101,10,103,27,63,13,25,59,106,51,46,67,76,45,73,96,60,87,98,3,32,19,24,42,90,71,84,7,43 4493.0 76.672 25.0
81,5,12,107,82,29,102,0,72,66,61,9,86,89,92,14,23,69,40,1,55,35,70,56,104,18,28,41,97,34,65,15,54,64,8,93,37,2,79,94,30,17,91,33,11,80,4,108,58,101,95,48,75,39,62,26,68,52,47,49,50,31,21,36,78,85,105,53,16,74,44,99,88,20,77,100,38,22,6,57,83,10,103,27,63,13,25,59,106,51,46,67,76,45,96,60,87,24,98,3,32,19,73,42,90,71,84,7,43 4557.0 77.99000000000001 20.0
81,5,12,107,82,29,102,0,72,66,61,9,86,89,92,14,23,69,40,1,55,35,70,56,6,104,28,41,97,34,15,18,64,8,54,93,37,2,79,94,30,33,11,80,4,65,17,52,108,58,101,95,75,39,62,71,26,68,91,47,87,31,21,36,78,85,50,105,99,16,74,44,53,20,57,77,100,38,22,88,10,103,27,13,25,59,83,3,106,42,51,46,67,45,96,60,48,24,73,98,76,32,19,49,90,63,84,7,43 4493.0 80.21 20.0
81,5,12,107,82,29,102,0,72,66,61,9,86,89,92,14,23,69,40,1,55,35,70,56,104,18,28,41,97,34,65,15,54,64,8,93,37,2,79,94,30,17,91,33,11,80,4,108,58,101,95,48,75,39,62,26,68,52,47,49,6,31,21,36,78,85,105,53,16,74,44,99,88,20,77,100,38,22,50,57,83,10,103,27,63,13,25,59,106,51,46,67,76,45,96,60,87,24,98,3,32,19,42,90,71,73,84,7,43 4512.0 69.86000000000001 21.0
81,5,12,107,82,29,102,89,72,66,61,9,86,0,92,14,23,69,40,55,1,35,70,104,56,18,28,41,97,34,65,15,54,64,8,93,37,2,79,94,30,17,91,33,11,80,4,108,58,101,95,48,75,39,62,26,68,52,47,49,50,31,21,36,78,85,105,53,16,74,44,99,88,20,77,100,38,22,6,57,83,10,103,27,3,13,25,59,106,51,46,67,76,45,96,60,87,24,73,98,63,32,19,42,90,71,84,7,43 4534.0 78.49000000000001 20.0
81,5,12,107,82,29,102,0,72,66,61,9,86,89,92,14,23,69,40,1,55,35,70,56,104,18,28,41,97,34,65,15,54,64,8,93,37,2,79,94,30,17,91,33,11,80,4,108,58,101,95,48,75,39,62,26,68,52,47,49,6,31,21,36,78,85,105,53,16,74,44,99,83,20,77,57,50,100,38,22,88,10,103,27,63,13,25,59,106,51,46,67,76,45,96,60,87,24,98,3,32,19,42,90,71,73,84,7,43 4525.0 66.1 21.0
81,5,12,107,82,29,102,89,72,66,61,9,86,0,92,14,23,69,40,1,55,35,70,104,56,18,28,41,97,34,65,15,54,64,8,93,37,2,79,94,30,17,91,33,11,80,4,108,58,101,95,48,75,39,62,26,68,52,47,49,50,31,21,36,78,85,105,53,16,74,44,99,88,20,77,100,38,22,6,57,83,10,103,27,63,13,25,59,106,51,46,67,76,45,3,96,60,87,24,98,32,19,42,90,71,73,84,7,43 4561.0 73.99000000000001 20.0
81,0,12,107,82,29,102,5,72,66,61,9,86,89,92,14,23,69,40,1,55,35,70,56,104,18,28,41,97,34,65,15,54,64,8,93,37,2,79,94,30,17,91,33,11,80,4,108,58,101,95,48,75,39,62,26,68,52,88,50,49,31,21,36,78,85,105,99,16,74,44,53,20,47,77,100,38,22,6,10,83,57,103,27,63,13,25,59,106,3,46,67,76,51,45,96,60,87,24,98,32,19,42,90,71,73,84,7,43 4668.0 68.16 20.0
#
68,83,70,2,84,52,66,74,41,37,48,93,43,7,22,4,8,5,53,87,88,10,67,105,101,33,44,27,91,104,51,103,59,78,39,98,3,69,40,54,80,31,96,45,99,81,92,63,24,108,49,20,58,14,36,60,61,42,72,97,21,23,32,11,86,35,18,79,73,85,38,95,19,16,26,76,90,65,29,28,30,25,13,71,0,56,55,15,46,106,75,107,102,94,1,17,64,9,57,34,77,47,50,100,62,89,12,6,82 4407.0 86.10400000000001 26.0
68,83,70,2,67,52,66,74,41,37,48,93,43,7,22,8,5,53,87,88,10,84,105,101,33,44,27,91,104,51,103,59,78,39,98,3,69,40,54,80,4,31,96,45,99,81,92,63,24,108,49,20,58,14,36,60,61,42,72,97,21,23,32,11,86,35,18,79,73,85,38,95,19,16,26,76,90,65,29,28,30,25,0,71,75,56,55,15,46,106,64,102,94,1,107,17,13,9,57,34,77,47,50,100,62,89,12,6,82 4447.0 77.78399999999999 27.0
68,83,70,2,67,52,66,74,41,37,48,93,43,7,22,8,5,53,87,88,10,84,105,101,33,44,27,91,104,51,103,59,78,39,98,3,69,4,40,54,80,31,96,45,99,81,92,63,24,108,49,20,58,14,36,60,61,42,72,97,21,23,32,11,86,35,18,79,73,85,38,95,19,16,26,76,90,65,29,28,30,25,71,0,56,55,15,46,106,75,107,13,102,94,1,17,64,9,57,34,77,47,50,100,62,89,12,6,82 4426.0 80.184 26.0
68,83,70,2,84,52,66,74,41,37,48,93,43,7,22,67,8,5,53,87,88,10,105,101,33,44,27,91,104,51,103,59,78,39,98,3,69,40,54,80,4,31,96,45,99,81,92,63,24,108,49,20,58,14,36,60,61,42,72,97,21,23,32,11,86,35,18,79,73,85,38,95,19,16,26,76,90,65,29,28,30,25,13,71,0,56,55,15,46,106,75,107,102,94,1,17,64,9,57,34,77,47,50,100,62,89,12,6,82 4423.0 86.104 26.0
68,83,70,2,84,52,66,74,41,37,48,93,43,7,22,4,8,5,53,87,88,10,67,105,101,33,44,27,91,104,51,103,59,78,39,98,3,71,40,54,75,31,96,45,99,81,92,63,34,108,49,20,58,14,36,60,61,42,72,97,21,23,32,11,86,35,18,89,19,85,38,73,95,28,69,80,76,90,65,29,16,12,30,25,0,26,56,55,15,46,106,79,102,24,1,17,64,9,57,13,77,47,50,100,62,107,94,6,82 4434.0 110.60400000000003 22.0
68,83,70,2,84,52,66,74,41,37,48,93,43,7,22,4,8,5,53,87,3,10,67,105,101,33,44,27,91,104,51,103,59,78,39,98,88,80,40,54,69,31,96,45,99,81,92,63,24,108,49,20,58,14,36,60,61,42,72,97,21,23,32,11,86,35,18,107,73,85,38,95,19,16,26,76,90,65,29,28,30,25,0,71,75,56,55,15,46,106,79,64,102,94,1,17,13,9,57,34,77,47,50,100,62,89,12,6,82 4472.0 78.624 25.0
68,83,70,2,84,52,66,74,41,37,48,93,43,7,22,4,8,5,53,87,88,10,67,105,101,33,44,27,91,104,51,103,59,78,39,98,3,71,40,54,75,31,96,45,99,81,36,92,63,108,49,20,58,24,14,60,61,42,72,97,21,23,32,11,86,35,18,107,19,85,38,73,95,69,16,80,76,90,28,29,65,30,25,0,26,56,55,15,106,79,64,102,94,46,1,17,13,9,57,34,77,47,12,50,100,62,89,6,82 4467.0 99.644 23.0
68,83,70,2,84,52,66,74,41,37,48,93,43,7,22,4,8,5,53,87,88,10,67,105,101,33,44,27,91,104,51,103,59,78,39,98,3,71,40,54,75,31,96,45,99,81,36,92,63,24,108,49,20,58,14,60,61,42,72,97,21,23,32,11,86,35,18,107,19,85,38,73,95,69,16,80,76,90,28,29,65,30,25,0,26,56,55,15,46,106,79,64,102,94,1,17,13,9,57,34,77,47,12,50,100,62,89,6,82 4458.0 102.04400000000001 24.0
68,83,70,2,84,52,66,74,41,37,48,93,43,7,22,4,8,5,53,87,88,59,67,105,101,33,44,27,91,104,51,103,10,78,39,98,3,69,40,54,80,31,96,45,99,81,92,63,24,108,49,20,58,14,36,60,61,42,72,97,21,23,32,11,86,35,18,107,73,85,38,95,19,16,26,76,90,65,29,28,30,25,0,71,75,56,55,15,46,106,79,64,102,94,1,17,13,9,57,34,77,47,50,100,62,89,12,6,82 4532.0 74.676 29.0
68,83,70,2,84,52,66,74,41,37,48,93,43,7,22,4,8,5,53,87,88,10,67,105,101,33,44,27,36,91,104,51,103,59,78,39,98,3,69,40,54,80,31,96,45,99,81,92,63,24,108,49,20,58,14,60,61,42,72,97,21,23,32,11,86,35,18,107,73,85,38,95,19,16,26,76,90,65,29,28,30,25,0,71,75,56,55,15,46,106,79,64,102,94,1,17,13,9,57,34,77,47,50,100,62,89,12,6,82 4502.0 79.104 24.0
68,83,70,2,67,52,66,74,41,37,48,93,43,7,22,4,8,5,53,87,3,10,84,105,101,33,44,27,91,104,51,103,59,78,39,98,88,71,40,54,75,31,96,45,99,81,92,63,34,108,49,20,58,14,36,60,61,42,72,97,21,23,32,11,86,35,18,107,19,85,38,73,95,69,16,26,76,90,65,29,28,30,25,0,80,56,55,15,46,106,79,64,102,94,1,17,13,9,57,24,77,47,50,100,62,89,12,6,82 4495.0 90.96400000000001 22.0
68,83,70,2,84,52,66,74,41,37,48,93,43,7,22,4,8,5,53,87,88,59,67,105,101,33,44,27,91,104,51,103,10,78,39,98,3,69,40,54,80,31,96,45,99,81,92,63,24,108,49,20,58,14,36,60,61,42,72,97,21,23,32,11,86,35,18,107,73,85,38,95,19,16,26,76,90,65,47,28,30,25,0,71,75,56,55,15,46,106,79,94,102,34,1,17,64,9,57,13,77,29,50,100,62,89,12,6,82 4588.0 71.744 29.0
68,83,70,2,84,52,66,74,41,37,48,93,43,7,22,4,8,5,53,87,88,59,67,105,101,33,44,27,91,104,36,51,103,10,78,39,98,3,69,40,54,80,31,96,45,99,81,92,63,24,108,49,20,58,14,60,61,42,72,97,21,23,32,11,86,35,18,107,73,85,38,95,19,16,26,76,90,65,29,28,30,25,0,71,75,56,55,15,46,106,79,64,102,94,1,17,13,9,57,34,77,47,50,100,62,89,12,6,82 4542.0 76.884 24.0
68,83,70,2,67,52,66,74,41,37,48,93,43,7,22,8,5,53,87,88,10,84,105,101,33,44,27,91,104,51,103,59,78,39,98,3,69,40,54,80,4,31,96,45,99,81,92,63,24,108,49,20,58,14,36,60,61,42,72,97,21,23,32,11,86,35,18,107,73,85,38,95,19,16,26,76,90,65,47,28,30,25,0,71,75,12,56,55,15,46,106,79,64,1,94,13,9,57,29,77,50,34,102,100,62,89,17,6,82 4615.0 75.184 25.0
68,83,70,2,67,52,66,74,41,37,48,93,43,7,22,8,4,5,53,87,3,10,84,105,101,33,44,27,91,104,51,103,59,78,39,98,88,71,50,75,31,96,45,99,81,92,63,34,108,49,20,58,14,36,28,54,60,61,72,97,21,23,32,11,86,35,18,107,73,85,38,95,19,16,42,76,90,65,29,24,80,25,0,30,26,56,55,15,46,106,79,64,102,94,1,17,13,9,57,69,77,47,40,100,62,89,12,6,82 4571.0 85.592 22.0
68,83,70,2,67,52,66,74,41,37,48,93,43,7,22,8,4,5,53,87,3,10,84,105,101,33,44,27,91,104,51,103,59,78,39,98,88,71,50,75,31,96,45,99,81,92,63,54,34,108,49,20,58,14,36,60,61,42,72,97,21,23,32,11,86,35,18,89,19,85,38,73,95,28,69,80,76,90,65,29,16,12,30,0,26,56,55,15,46,106,79,64,102,94,1,17,13,9,57,24,77,47,40,100,62,107,25,6,82 4564.0 90.392 22.0
68,83,70,2,84,52,66,74,41,37,48,93,43,7,22,4,8,5,53,87,88,10,67,105,101,33,44,27,91,104,51,103,59,78,39,98,3,18,40,54,75,31,69,96,45,99,81,92,63,24,108,49,20,58,14,36,60,61,86,72,97,21,23,32,35,42,11,107,85,38,73,95,19,16,26,76,90,65,29,28,30,25,0,71,80,56,55,15,46,106,79,64,102,94,1,17,13,9,57,34,77,47,50,100,62,89,12,6,82 4636.0 113.50000000000001 21.0
68,83,70,2,67,52,66,74,41,37,48,93,43,7,22,8,5,53,87,88,10,84,105,101,33,44,27,91,104,51,103,59,78,39,98,3,69,40,54,80,4,31,96,45,99,81,92,63,24,108,49,20,58,14,36,60,61,42,72,97,21,23,32,11,86,35,107,71,85,38,73,95,28,19,34,76,90,50,65,29,16,30,25,0,26,56,55,15,46,106,79,64,102,94,1,17,13,9,57,18,77,75,12,100,62,89,47,6,82 4685.0 80.38600000000001 22.0
68,83,70,2,84,52,66,74,41,37,48,93,43,7,22,4,8,5,53,87,3,59,67,105,101,33,44,27,91,104,51,103,10,78,39,98,88,71,50,75,31,96,45,99,81,92,63,34,108,49,20,58,14,36,60,61,42,72,97,21,18,23,32,86,11,35,107,69,85,38,73,95,28,19,80,76,90,40,65,29,16,30,25,0,26,56,55,15,46,106,79,64,102,94,1,17,13,9,57,24,77,47,54,100,62,89,12,6,82 4626.0 83.63199999999999 22.0
68,83,35,2,84,52,66,74,41,37,48,93,43,7,22,4,8,5,53,87,18,10,67,105,101,33,3,102,44,91,104,27,51,103,59,78,39,98,88,71,54,75,31,96,45,28,99,81,19,63,34,49,20,58,14,36,60,61,42,97,21,23,32,11,86,70,40,107,90,85,38,73,95,80,92,69,76,65,16,29,108,12,30,25,0,26,56,55,15,46,106,79,72,1,17,64,89,13,9,57,24,77,47,50,100,62,94,6,82 4777.0 115.57400000000001 18.0
68,83,35,2,82,52,66,74,41,37,48,93,43,7,22,4,8,5,53,87,88,10,67,105,101,33,44,27,91,104,51,103,59,78,39,98,3,69,40,54,80,31,96,45,99,81,92,63,24,108,49,20,58,14,36,60,61,42,97,21,23,32,11,86,70,71,107,90,85,38,73,95,75,19,18,76,65,29,16,34,12,30,72,25,0,26,56,55,15,46,106,79,64,94,1,17,102,13,9,57,28,77,47,50,100,62,89,6,84 4847.0 85.842 21.0
68,83,35,2,82,52,66,74,41,37,48,93,43,7,22,4,8,5,53,87,18,3,67,105,101,89,33,44,27,91,104,51,103,59,78,39,98,88,71,54,75,31,96,45,28,99,81,92,63,34,49,20,58,14,36,60,61,42,97,21,23,32,11,86,70,40,107,90,85,38,73,95,80,19,69,76,65,29,16,108,12,30,72,25,0,26,56,55,15,46,106,79,64,94,1,17,102,13,9,57,24,77,47,50,100,62,10,6,84 4810.0 114.55999999999999 17.0
68,83,82,2,35,52,66,74,41,37,48,10,7,22,4,43,8,5,53,87,18,3,67,105,101,89,33,44,27,91,104,51,103,59,78,39,98,97,71,54,75,31,96,45,28,99,81,92,63,34,49,20,58,14,36,60,61,42,88,21,23,32,11,86,70,40,107,90,85,38,73,95,80,19,69,76,65,29,16,108,12,30,72,25,0,26,56,55,15,46,106,79,64,94,1,17,102,13,9,57,24,77,47,50,100,62,93,6,84 4889.0 82.79999999999998 21.0
68,83,70,2,84,52,66,74,13,37,48,93,4,7,22,8,43,5,53,87,35,59,18,105,101,33,44,27,91,104,51,103,10,78,39,98,3,67,40,54,75,31,69,96,45,99,81,92,63,24,108,49,20,58,14,36,60,61,86,72,97,21,23,32,88,42,11,107,85,38,73,95,19,16,26,76,90,65,29,28,30,25,0,71,80,56,55,15,46,106,79,64,102,94,1,17,41,9,57,34,77,47,50,100,62,89,12,6,82 4746.0 86.05 20.0
68,83,35,2,82,52,66,74,41,37,48,93,43,7,22,1,4,16,5,53,87,88,10,67,105,101,33,44,27,91,104,51,103,59,78,39,98,3,69,40,54,8,31,96,45,99,81,92,63,24,108,49,20,58,14,36,60,34,42,97,21,23,32,11,86,70,71,107,90,85,38,73,95,75,19,18,80,76,61,65,29,28,30,25,0,26,56,55,15,46,106,79,64,102,94,17,13,9,72,57,12,77,47,50,100,62,89,6,84 4785.0 98.03999999999999 19.0
#
38,45,77,3,42,86,65,30,20,84,66,108,37,54,34,57,28,93,87,94,24,62,103,80,61,71,106,82,26,56,33,35,2,40,89,96,50,85,69,21,63,4,98,49,51,23,64,91,48,9,31,60,22,0,7,104,83,79,11,18,10,74,78,19,70,46,12,25,29,6,75,81,90,95,13,107,16,1,41,8,67,105,68,36,43,97,100,52,99,32,17,15,76,58,102,59,27,39,101,72,44,73,5,53,55,14,92,88,47 4360.0 72.63799999999999 26.0
38,45,77,3,42,86,65,30,20,84,66,108,54,37,34,57,28,93,87,94,53,62,103,80,61,71,106,26,56,35,2,82,89,40,50,96,69,85,33,21,63,4,98,49,51,23,64,91,48,9,31,60,22,0,7,104,83,79,11,10,74,78,19,70,46,12,25,29,18,6,75,81,90,95,13,107,16,1,41,8,67,105,68,36,43,97,100,52,32,17,15,76,58,72,27,39,101,99,102,44,73,5,24,55,14,88,92,59,47 4378.0 65.02000000000001 26.0
38,45,77,3,42,86,65,30,20,84,66,108,54,37,34,57,28,93,87,94,35,62,103,80,61,71,106,26,56,53,2,82,89,69,50,96,85,40,33,21,63,4,98,49,51,23,64,91,48,9,31,60,22,0,7,104,83,79,11,10,74,78,19,70,46,12,25,29,18,6,75,81,90,95,13,107,16,1,41,8,67,105,68,36,43,97,100,52,99,32,17,15,76,58,102,59,27,39,101,44,73,5,24,55,14,88,92,72,47 4365.0 65.13799999999999 26.0
38,45,77,48,42,86,65,30,20,84,66,108,37,54,34,57,28,93,87,94,35,62,103,80,61,71,106,26,56,53,2,12,89,11,50,96,10,75,33,21,63,101,83,31,23,64,91,3,60,51,9,98,69,0,7,104,49,79,85,22,74,78,70,46,67,25,47,14,6,40,81,90,95,24,107,16,1,105,8,43,41,68,13,17,15,32,19,97,100,72,52,82,76,58,59,27,39,4,99,102,44,73,5,36,55,18,92,88,29 4373.0 67.43800000000002 23.0
38,45,77,3,42,86,65,30,20,84,66,108,54,37,34,57,28,93,87,94,53,62,103,80,61,71,89,26,56,35,2,82,106,40,50,96,69,85,33,21,63,4,98,49,51,23,64,91,48,9,31,60,22,0,7,104,83,79,11,10,74,78,19,70,46,12,25,29,18,6,75,81,90,95,13,107,16,1,41,8,67,105,68,36,43,99,97,100,32,17,15,76,58,72,27,39,101,52,102,44,73,5,24,55,14,88,92,59,47 4371.0 72.46000000000001 25.0
38,45,77,3,42,86,65,30,20,84,66,108,54,37,34,57,28,93,87,94,53,62,103,80,61,71,106,26,56,35,2,82,89,40,50,96,69,85,33,21,63,4,98,49,51,23,64,91,48,9,31,60,22,0,7,104,83,79,11,10,74,78,19,70,46,12,25,29,18,6,75,81,90,95,13,107,16,1,41,8,67,105,68,36,43,17,32,97,100,52,15,76,58,72,27,39,101,99,102,44,73,5,24,55,14,88,92,59,47 4392.0 65.02000000000001 25.0
38,45,77,3,42,86,65,30,20,84,66,108,54,37,34,57,28,93,87,94,24,62,103,80,61,71,106,36,26,56,33,35,2,12,89,96,50,85,13,21,63,4,98,49,51,23,64,91,48,9,31,60,22,0,7,104,83,79,10,11,78,19,74,53,70,46,25,47,18,6,40,81,90,95,75,32,16,1,41,8,67,105,68,82,43,69,100,15,97,52,76,58,88,72,59,27,39,101,99,102,5,29,55,17,44,14,92,107,73 4438.0 62.53000000000001 24.0
38,45,77,48,42,86,65,30,20,84,66,108,37,54,34,57,28,93,87,94,35,62,103,80,61,71,106,26,56,53,2,12,89,11,72,50,96,10,75,33,21,63,101,83,31,23,64,91,3,60,51,9,98,69,0,7,104,49,79,85,22,74,78,70,46,67,25,47,14,6,40,81,90,95,24,107,16,1,105,8,43,41,68,13,17,15,32,19,97,100,52,82,76,58,59,27,39,4,99,102,44,73,5,36,55,18,92,88,29 4417.0 67.51800000000001 22.0
38,45,77,48,42,86,65,30,20,84,66,108,54,37,34,57,28,93,87,94,35,62,103,80,61,71,106,26,56,53,2,12,89,11,50,96,10,75,33,21,63,4,83,31,23,64,91,3,60,51,9,98,69,0,7,104,49,79,85,22,74,78,19,36,70,82,25,47,18,6,40,81,90,95,15,107,16,1,41,8,67,105,68,46,43,59,32,97,100,52,17,76,58,13,27,39,101,99,102,88,5,29,55,24,44,14,92,72,73 4474.0 75.168 21.0
38,45,77,3,42,86,65,30,20,84,66,108,37,54,34,57,28,93,87,94,24,62,103,80,61,71,106,26,56,35,2,12,89,11,50,96,10,75,33,21,63,4,98,49,51,23,64,91,48,9,31,60,85,0,7,104,83,79,40,69,74,78,19,70,46,82,25,47,18,6,22,81,90,95,13,107,16,1,41,8,67,105,68,36,43,97,100,52,32,17,15,76,58,72,59,27,39,101,99,102,44,73,5,53,55,88,92,14,29 4481.0 75.15 20.0
38,45,77,48,42,86,65,30,20,84,66,108,54,37,34,57,28,93,87,94,35,62,103,80,61,71,106,26,56,53,2,12,89,11,50,96,10,75,33,21,63,4,83,31,23,64,91,3,60,51,9,98,69,0,7,104,49,79,85,22,74,78,19,36,70,46,25,47,18,6,40,81,90,95,13,97,16,1,41,8,67,105,68,82,43,88,100,52,32,17,15,76,58,72,59,27,39,101,99,102,5,29,55,24,44,14,92,107,73 4504.0 62.08800000000001 23.0
38,45,77,48,42,86,65,30,20,84,66,108,54,37,34,57,28,93,87,94,35,62,103,80,61,71,106,26,56,53,2,12,89,11,50,96,10,75,33,21,63,4,83,31,23,64,91,3,60,51,9,98,69,0,7,104,49,79,85,22,74,78,19,36,70,46,25,47,18,6,40,81,90,95,15,107,16,1,41,8,67,105,68,82,43,59,32,97,100,52,17,76,58,13,27,39,101,99,102,88,5,29,55,24,44,14,92,72,73 4490.0 70.48800000000001 21.0
38,45,77,48,42,86,65,30,20,84,66,108,54,37,34,57,28,93,87,94,35,62,103,80,61,71,106,26,56,53,2,12,89,11,50,96,10,75,33,21,63,4,83,31,23,64,91,3,60,51,9,98,69,0,7,104,49,79,85,22,74,78,19,36,70,46,25,47,18,6,40,81,90,95,13,32,16,1,41,8,67,105,68,82,43,24,100,15,97,52,76,58,88,72,59,27,39,101,99,102,5,29,55,17,44,14,92,107,73 4504.0 65.28800000000001 21.0
38,45,77,3,42,86,65,30,20,84,66,108,54,37,34,57,28,93,87,94,24,62,103,80,61,71,106,26,56,35,2,12,89,11,50,96,10,75,33,21,63,4,98,49,51,23,64,91,48,9,31,60,85,0,7,104,83,79,40,69,74,78,19,70,46,82,25,47,18,6,22,100,81,90,95,13,107,16,1,41,8,67,105,68,36,43,15,32,97,52,17,76,58,72,59,27,39,101,99,44,5,29,55,88,14,53,92,102,73 4504.0 70.37400000000001 20.0
38,45,77,3,42,86,65,30,20,84,66,108,54,37,34,57,28,93,87,94,35,62,103,80,61,71,106,26,56,53,2,12,89,11,4,96,10,75,33,21,63,50,98,49,51,23,64,91,48,9,31,60,79,0,7,104,83,85,40,69,74,78,19,70,46,82,25,47,18,6,22,81,90,95,15,107,16,1,41,8,67,105,68,36,43,97,100,52,32,17,76,58,13,59,27,39,101,99,102,44,73,5,24,55,14,88,92,72,29 4575.0 70.06 20.0
38,45,77,3,42,86,65,30,20,84,66,108,37,54,34,57,28,93,87,94,35,62,103,80,61,71,106,26,56,53,2,12,89,11,4,96,10,75,33,21,63,50,98,49,51,23,64,91,48,9,31,60,79,0,7,104,83,85,40,69,74,78,19,70,46,67,25,47,18,6,22,81,90,95,13,107,16,1,41,8,82,105,68,36,43,99,97,100,52,32,17,15,76,58,102,59,27,39,101,72,44,73,5,24,55,14,92,88,29 4633.0 65.436 19.0
#
44,67,99,21,106,28,53,10,83,40,60,23,29,105,101,69,74,8,0,87,4,51,9,76,56,38,16,57,59,93,92,107,45,71,65,11,22,5,18,13,66,50,86,34,75,42,58,73,54,80,48,15,2,62,33,108,88,97,20,79,55,89,24,37,63,52,64,104,26,91,39,85,82,19,17,36,72,32,14,90,43,27,31,1,7,49,77,102,81,41,46,3,68,30,95,96,6,103,84,47,78,35,70,25,98,12,94,61,100 4197.0 74.02 24.0
44,67,99,21,106,28,53,10,83,40,60,23,29,105,101,69,74,8,0,87,4,51,9,38,76,56,16,57,93,92,59,107,45,71,65,11,22,5,18,13,66,50,86,42,34,75,58,73,97,80,48,15,2,62,88,54,108,33,20,79,55,89,24,37,63,52,103,64,26,91,39,85,82,19,36,72,32,14,90,43,27,31,1,7,84,49,77,81,41,46,3,102,68,30,95,61,98,96,6,104,47,78,35,70,25,100,12,94,17 4217.0 61.36 24.0
44,67,99,21,106,28,53,10,83,40,60,23,29,105,3,69,74,8,0,87,4,51,9,38,76,56,16,57,59,93,92,107,45,71,65,11,22,5,18,13,66,50,86,42,34,75,58,73,33,80,48,15,2,62,54,108,88,20,79,55,89,97,24,37,63,52,64,104,26,91,39,85,82,19,36,72,32,14,90,43,27,31,1,7,49,77,102,81,41,46,101,68,70,30,61,95,98,96,6,103,47,78,35,84,25,100,12,94,17 4212.0 67.78 24.0
44,67,99,21,106,28,53,10,83,40,60,23,29,105,101,69,74,8,0,87,4,51,9,76,56,38,16,57,59,93,92,107,45,71,65,11,22,5,18,13,66,50,86,42,34,75,58,73,97,80,48,15,2,88,62,54,108,33,20,79,55,89,37,63,52,64,104,32,26,91,39,85,82,17,19,36,72,14,90,43,27,31,1,7,49,77,102,81,41,46,24,3,68,30,95,61,98,96,6,103,70,35,47,25,84,12,94,78,100 4294.0 77.52600000000001 23.0
44,67,99,21,106,28,53,10,83,40,60,23,29,105,101,69,74,8,0,87,4,51,9,38,76,56,16,57,59,93,92,107,45,71,65,11,22,5,18,13,66,50,86,42,34,75,58,73,33,80,48,15,2,62,54,108,88,20,79,55,97,89,24,37,63,52,64,104,12,26,91,39,85,82,19,17,36,72,32,14,90,43,27,31,1,7,49,77,102,81,41,46,3,68,30,95,61,98,96,6,103,70,35,47,25,84,94,78,100 4275.0 83.19 22.0
44,67,99,21,106,28,53,10,83,105,40,60,23,29,3,69,74,8,0,87,72,51,9,76,56,16,57,59,93,92,38,107,45,71,13,11,22,5,18,65,66,50,86,26,34,75,58,73,33,80,48,15,2,88,62,54,108,97,20,79,55,89,24,37,63,52,64,101,42,91,39,85,82,19,36,4,32,14,90,43,27,31,1,7,84,49,77,102,81,41,17,46,103,68,30,95,61,98,96,6,104,47,35,70,25,12,94,78,100 4379.0 76.47999999999999 22.0
44,67,99,21,106,28,53,10,83,40,60,23,29,105,3,69,74,8,0,87,72,51,9,38,76,56,16,57,59,93,92,107,45,71,65,11,22,18,13,66,50,86,26,34,75,58,97,73,33,80,48,15,2,62,54,108,88,5,20,79,55,89,24,37,63,52,64,104,42,91,39,85,82,19,17,36,4,32,14,90,43,27,31,1,7,49,77,102,81,41,46,101,68,30,95,61,98,96,6,103,70,35,47,25,84,12,94,78,100 4473.0 68.776 21.0
44,67,99,21,106,28,53,10,83,40,60,23,29,105,3,69,74,8,0,87,4,51,9,38,76,56,16,57,59,93,92,107,45,71,65,11,22,5,18,13,66,50,86,42,34,75,58,73,33,80,48,15,2,62,54,20,88,108,79,55,89,24,37,31,97,52,64,104,26,91,39,85,82,17,19,36,72,32,14,90,43,27,63,1,7,49,77,102,81,41,46,101,68,30,95,61,98,96,6,103,70,35,47,25,84,12,94,78,100 4487.0 61.199999999999996 22.0
44,67,99,21,106,28,53,10,83,40,60,23,29,105,101,69,74,8,0,87,4,51,9,38,76,56,57,59,93,92,107,45,71,65,11,22,5,18,13,66,50,86,42,34,75,58,73,97,80,48,15,2,88,62,54,108,33,20,79,55,89,37,63,52,64,104,16,32,26,91,39,85,82,17,19,36,72,14,90,43,27,31,1,7,49,77,102,81,41,46,3,68,70,30,61,95,98,96,6,103,47,78,35,84,25,100,12,94,24 4612.0 82.16 20.0
44,106,67,21,28,53,10,83,40,60,23,29,105,3,69,74,8,0,87,72,51,19,76,56,16,57,59,93,92,38,99,107,45,71,65,11,22,5,18,13,66,50,86,26,34,75,58,73,33,80,48,15,2,62,88,54,108,97,20,79,55,89,24,37,90,52,64,104,42,91,39,85,82,9,17,36,78,4,32,14,63,43,77,27,31,1,7,49,102,81,41,46,101,68,30,95,98,96,6,103,70,35,47,25,84,12,94,61,100 4855.0 112.20800000000001 19.0
44,67,92,21,106,28,53,10,83,40,60,23,29,105,3,69,74,8,0,87,72,51,9,93,76,56,16,57,59,38,99,107,45,71,65,11,22,5,18,20,66,50,86,42,34,75,58,73,97,80,48,15,2,62,33,108,88,26,13,79,55,89,24,37,63,52,64,104,54,91,39,85,82,19,17,36,4,32,14,90,43,27,31,1,7,49,77,102,81,41,46,101,68,30,95,61,98,96,6,103,70,35,47,25,84,12,94,78,100 4985.0 89.328 17.0
#
37,17,108,31,82,61,4,85,93,105,86,99,107,14,22,94,78,74,50,34,7,23,42,30,68,73,27,11,51,52,63,67,56,15,12,89,84,44,103,97,10,38,88,87,33,55,101,32,3,66,62,102,57,16,54,106,41,92,46,48,39,53,21,24,6,9,45,49,76,26,72,5,25,77,58,1,0,35,81,60,64,83,13,80,65,43,59,69,20,18,29,36,95,79,104,2,100,19,96,40,28,98,91,90,8,75,47,70,71 4390.0 71.58800000000002 25.0
37,17,108,31,82,61,4,85,93,105,86,99,107,14,22,94,78,74,50,34,7,23,42,30,68,73,27,11,51,52,63,67,56,15,12,97,89,84,44,103,10,38,88,87,33,55,101,32,3,66,62,102,57,16,54,106,41,92,46,48,39,53,21,6,9,45,24,49,76,26,5,25,77,58,72,1,0,35,80,64,83,8,13,81,65,60,59,43,20,18,29,36,95,79,104,2,100,19,96,40,98,28,91,90,69,75,47,70,71 4382.0 76.48800000000001 25.0
37,17,108,31,82,61,4,85,93,105,86,99,107,14,22,94,78,74,50,34,7,23,42,30,68,73,27,11,51,52,63,67,56,15,12,89,84,44,103,97,10,38,88,87,33,55,32,101,62,3,66,102,57,16,54,106,41,92,46,48,39,53,21,24,6,9,45,49,76,26,72,5,13,25,77,58,1,0,43,64,83,8,35,80,65,60,59,81,20,18,69,36,95,29,104,2,100,19,96,40,98,28,91,90,79,75,47,70,71 4395.0 79.988 24.0
37,17,108,31,82,61,4,13,85,93,105,86,99,107,14,22,94,78,74,30,50,34,7,23,68,73,27,11,51,52,63,67,56,15,12,89,84,44,103,97,10,38,88,87,33,32,101,62,3,66,102,55,57,16,54,106,41,92,46,48,39,53,21,24,6,9,42,45,49,76,26,72,5,25,77,58,1,0,69,64,83,8,35,80,65,60,43,20,59,18,29,36,95,79,104,2,100,19,96,40,98,28,91,90,81,75,47,70,71 4448.0 62.976000000000006 25.0
37,17,108,31,82,61,105,4,13,85,93,86,99,107,14,22,94,78,74,30,50,34,7,23,68,73,27,11,51,52,63,67,56,15,12,89,84,88,103,97,10,38,44,87,33,55,101,32,3,66,62,102,57,16,59,42,41,92,46,48,53,21,24,6,9,45,8,72,49,76,26,35,5,60,77,58,1,0,81,25,64,83,106,80,65,39,54,43,20,18,36,95,79,104,2,29,100,19,96,40,98,28,91,90,69,75,47,70,71 4467.0 82.14800000000001 23.0
17,108,31,82,61,4,13,85,37,93,87,86,99,107,14,22,94,78,74,50,34,7,23,68,30,73,27,11,51,52,63,67,56,15,12,89,84,44,103,10,38,88,105,33,55,97,101,32,3,66,62,102,57,16,54,42,41,92,46,48,39,106,53,21,24,6,9,45,49,76,26,72,5,25,77,58,1,0,81,64,36,8,35,60,80,65,59,43,20,18,29,83,95,79,104,2,100,28,96,40,98,19,91,90,69,75,47,70,71 4486.0 96.82600000000001 22.0
37,17,108,31,82,61,4,85,93,105,86,99,107,14,22,94,78,74,50,34,7,23,97,30,68,73,27,11,51,52,63,67,56,15,12,89,84,44,103,10,38,88,87,33,55,13,32,3,66,62,102,57,16,54,106,41,92,46,48,72,6,39,53,24,28,9,45,49,76,26,21,5,25,77,58,1,0,35,81,64,83,8,60,42,80,65,59,43,20,18,29,36,95,79,104,2,100,19,96,40,98,101,91,90,69,75,47,70,71 4538.0 77.21400000000001 23.0
37,17,108,31,82,61,4,85,93,13,86,99,107,15,22,94,78,14,74,50,34,7,23,68,87,73,30,27,11,51,52,63,67,56,12,89,84,44,103,10,38,88,105,33,32,97,55,101,62,3,66,102,57,16,54,106,41,92,46,48,39,53,21,24,6,9,45,49,76,26,72,5,25,77,58,1,0,35,81,64,83,8,60,42,80,65,59,69,20,18,43,36,95,29,104,2,100,19,96,40,98,28,91,90,79,75,47,70,71 4539.0 78.668 21.0
37,17,108,31,82,61,4,13,85,93,15,86,99,107,14,22,94,78,74,50,34,7,23,68,87,73,30,27,11,51,52,63,67,56,12,89,84,44,103,10,38,88,105,33,32,97,55,101,62,3,66,102,57,16,54,106,41,92,46,48,39,53,21,24,6,9,42,45,49,76,26,72,5,25,77,58,1,0,69,64,83,8,35,80,65,60,43,20,59,18,29,36,95,79,104,2,100,19,96,40,28,98,91,90,81,75,47,70,71 4533.0 82.668 19.0
17,37,108,4,82,61,31,85,93,105,86,99,107,14,22,94,78,74,50,34,7,23,67,30,68,73,27,11,51,52,63,42,56,15,12,89,84,44,103,97,10,38,88,87,33,55,32,101,62,3,66,102,57,16,54,106,41,92,46,48,39,53,21,24,6,9,45,49,76,26,5,25,13,72,77,58,1,0,69,64,83,8,35,80,65,60,43,20,59,18,29,36,95,79,104,2,100,19,98,96,40,28,91,90,81,75,47,70,71 4500.0 85.964 18.0
37,17,108,31,82,61,105,4,13,85,93,86,99,18,107,14,22,94,78,74,30,50,34,7,23,68,73,27,11,51,52,63,67,56,12,84,89,88,103,97,10,38,44,87,33,55,101,32,3,66,62,102,57,16,54,106,41,42,92,46,48,39,53,21,8,6,9,45,72,49,76,26,35,5,60,77,58,1,0,81,25,64,83,15,80,65,24,59,43,20,36,95,69,104,2,29,100,19,96,40,98,28,91,90,79,75,47,70,71 4617.0 65.53999999999999 24.0
37,17,108,31,82,61,4,85,93,13,86,99,107,15,87,94,78,74,50,34,14,7,23,68,22,73,30,27,11,51,52,63,67,56,12,89,84,44,103,10,38,88,105,33,55,97,101,32,3,66,62,102,57,16,5,54,53,41,92,46,48,39,106,42,21,24,6,9,45,49,76,26,25,77,58,72,1,0,69,64,83,8,35,80,65,60,59,81,18,43,95,36,29,40,2,100,19,96,104,20,98,28,91,90,79,75,47,70,71 4567.0 69.806 24.0
37,17,108,31,82,61,4,85,93,87,86,99,107,14,22,94,78,74,50,34,7,23,13,30,68,73,27,11,51,52,63,15,67,56,12,89,84,44,103,10,38,88,105,33,55,97,101,32,3,66,62,102,57,16,54,42,41,92,46,48,39,106,53,21,24,6,9,45,49,76,26,72,5,25,77,58,1,0,81,64,83,8,35,60,80,65,59,43,20,18,29,36,95,79,104,2,100,28,96,40,98,19,91,90,69,75,47,70,71 4578.0 75.06800000000001 23.0
17,37,108,31,82,61,4,13,85,93,97,86,99,107,14,22,94,78,74,30,50,34,7,23,68,73,27,11,51,52,63,67,56,15,12,89,84,44,103,10,38,88,105,33,87,35,55,101,32,3,66,62,102,57,16,54,106,41,92,46,48,39,53,21,24,6,9,49,45,76,26,72,5,25,77,58,1,0,43,64,83,8,60,69,80,65,59,81,20,18,29,36,95,79,104,2,100,19,98,96,40,28,91,90,42,75,47,70,71 4670.0 71.788 22.0
37,17,108,24,31,82,61,4,13,85,93,105,86,99,107,14,22,94,78,74,50,34,7,23,68,89,73,30,27,11,12,51,52,63,67,56,15,84,44,103,97,10,38,88,87,33,55,101,32,3,66,62,102,57,16,54,106,41,92,46,48,39,53,21,28,9,45,49,76,26,72,5,25,6,77,58,1,0,43,64,83,8,60,35,80,65,59,81,20,18,29,36,95,79,104,2,100,19,96,40,98,42,91,90,69,75,47,70,71 4654.0 75.56 21.0
37,17,108,31,82,61,4,13,85,93,15,86,99,107,14,22,94,78,74,50,34,7,23,68,87,73,30,27,11,51,52,63,67,56,12,89,84,44,103,10,38,88,105,33,55,97,101,32,3,66,62,102,57,16,54,42,41,92,46,48,39,106,53,21,24,6,9,45,49,76,26,72,5,25,77,58,1,0,81,64,83,8,35,60,80,65,59,43,20,18,29,36,95,79,104,2,100,28,96,40,98,19,91,90,69,75,47,70,71 4624.0 78.668 19.0
17,37,108,61,82,4,31,85,93,105,86,13,99,107,14,22,94,78,74,30,50,34,7,23,68,73,27,11,51,52,63,67,56,15,12,89,84,44,103,97,10,38,88,87,33,32,80,62,3,66,102,55,57,16,54,106,41,92,46,48,39,53,21,24,6,9,42,45,49,76,26,72,5,25,77,58,1,0,69,64,83,8,35,101,65,60,43,20,59,18,29,36,95,79,104,2,100,19,96,40,98,28,91,90,81,75,47,70,71 4656.0 85.58 17.0
17,37,108,31,82,61,4,13,85,93,97,86,99,107,14,22,94,78,74,30,50,34,7,23,68,73,27,11,51,52,63,67,56,15,12,89,84,44,103,10,38,88,105,33,87,72,55,101,32,3,66,62,102,57,16,54,106,41,92,46,48,39,53,21,24,6,9,45,49,76,26,5,25,77,58,1,0,35,43,64,83,8,60,42,80,65,59,81,20,18,29,36,95,79,104,2,100,19,98,96,40,28,91,90,69,75,47,70,71 4717.0 68.8 21.0
37,17,108,31,82,61,4,13,85,93,15,86,99,107,14,22,94,78,74,50,34,7,23,68,87,73,30,27,11,51,52,63,67,56,12,89,84,44,103,10,38,88,105,33,55,97,101,32,3,66,62,102,57,16,5,54,53,41,92,46,48,39,106,42,21,24,6,9,45,49,76,26,25,77,58,72,1,0,69,64,83,8,35,80,65,60,59,81,18,43,95,36,29,40,2,100,19,96,104,20,98,28,91,90,79,75,47,70,71 4765.0 74.74600000000001 20.0
17,37,108,31,82,61,4,13,85,93,105,86,99,107,14,22,94,78,74,30,50,34,7,23,68,73,27,11,51,52,63,67,56,15,12,89,33,84,44,103,97,10,38,88,87,32,55,101,72,3,66,62,102,57,16,54,106,41,92,46,48,39,53,21,24,9,45,6,49,76,26,5,25,77,58,1,0,35,43,64,83,8,60,42,80,65,59,81,20,18,29,36,95,79,104,2,100,19,98,96,40,28,91,90,69,75,47,70,71 4713.0 74.83 20.0
17,37,108,82,61,4,74,93,85,86,99,107,14,22,94,78,50,34,13,7,68,73,30,27,11,51,23,31,52,63,67,56,15,12,84,89,88,103,97,10,38,44,87,33,55,101,32,3,66,62,102,57,16,54,106,41,92,105,46,48,39,53,42,21,24,6,9,45,49,76,26,72,5,25,77,58,1,0,69,64,83,8,35,80,65,60,59,81,20,18,43,36,95,29,104,2,100,19,96,40,98,28,91,90,79,75,47,70,71 4835.0 91.10400000000001 16.0
17,37,108,61,82,4,31,85,93,105,86,13,99,107,14,22,94,78,74,30,50,34,7,23,68,73,27,11,51,52,63,67,56,15,12,89,84,44,103,97,10,38,88,16,33,32,60,62,3,66,102,55,57,87,54,106,41,92,46,48,39,53,21,24,6,9,49,76,26,5,25,77,58,72,1,0,35,80,69,64,83,8,42,101,45,65,43,20,59,18,29,36,95,79,104,2,100,19,96,40,98,28,91,90,81,75,47,70,71 4744.0 78.44000000000001 17.0
#
