# Problem = StaticVNFPlacementProblem
# Variables = 1
# Objectives = 3
76,52,48,55,49,75,30,31,6,25,74,1,3,18,0,73,10,60,67,37,32,71,34,4,8,36,17,61,42,51,53,72,57,26,23,14,11,58,15,44,22,2,46,40,64,68,28,7,70,63,21,50,33,29,12,35,41,62,19,24,39,9,54,66,16,38,69,65,13,5,47,27,20,59,43,56,45 3443.0 63.25800000000001 12.0
49,8,32,3,29,22,65,38,55,25,37,21,12,11,59,44,43,36,75,16,74,69,0,72,14,10,63,42,27,23,47,24,33,50,66,7,62,6,54,41,19,1,5,31,18,60,46,68,2,34,26,73,17,76,57,58,51,67,61,4,52,71,20,28,15,35,64,56,30,40,45,13,48,70,53,39,9 3178.0 74.97800000000002 15.0
57,15,73,8,16,4,62,74,28,67,75,45,30,29,24,52,55,40,6,9,1,35,43,12,63,72,18,5,20,53,17,3,42,31,34,26,65,39,70,11,36,59,49,56,25,76,41,38,7,50,0,21,33,46,60,10,64,47,2,32,51,66,14,23,61,58,27,37,71,22,68,13,48,19,69,44,54 3282.0 49.44 14.0
73,2,9,12,34,49,52,30,29,60,42,17,15,27,1,32,23,22,47,45,31,67,24,63,37,28,43,14,64,25,75,56,35,6,11,5,62,66,19,3,44,55,58,18,59,76,41,38,7,50,0,21,70,33,46,72,26,4,53,51,69,61,20,8,16,68,74,71,10,40,57,13,48,65,36,39,54 3410.0 72.354 12.0
49,41,0,32,29,2,20,31,8,51,74,1,3,44,63,39,19,35,12,9,37,33,5,22,54,28,26,42,72,59,21,75,15,11,68,73,62,6,64,4,67,55,46,25,61,69,65,7,16,48,17,52,27,47,43,60,66,30,18,71,36,70,57,76,45,14,56,23,40,50,58,24,38,10,53,34,13 3491.0 53.936000000000014 12.0
49,75,33,32,69,4,29,7,71,28,76,9,64,5,59,44,36,43,15,16,74,67,0,72,14,8,20,41,55,1,61,42,38,37,12,6,11,54,73,66,2,17,22,24,30,21,68,18,60,19,27,57,26,62,52,45,23,40,10,25,51,39,63,35,34,58,56,50,65,3,47,13,48,70,53,31,46 3283.0 58.88 13.0
52,67,62,39,47,73,76,3,34,37,8,65,0,32,31,75,43,59,27,45,30,5,24,51,71,28,64,36,17,61,42,38,53,72,70,23,14,11,58,15,44,22,2,46,40,41,68,26,19,29,33,55,13,50,48,9,6,63,57,54,49,66,21,1,16,25,74,60,4,56,10,18,35,69,12,20,7 3202.0 59.36000000000001 14.0
49,41,59,0,32,29,4,14,25,51,26,6,9,65,70,61,39,64,35,12,1,37,33,57,46,54,28,8,45,72,74,75,15,68,11,5,62,66,19,3,44,17,22,24,30,21,71,52,34,27,73,55,23,58,16,18,60,10,50,40,48,69,56,47,42,38,31,36,63,13,67,53,20,2,43,76,7 3151.0 51.96000000000001 17.0
69,67,65,44,63,23,52,39,25,15,40,2,48,13,75,4,68,0,8,53,47,62,70,7,18,20,41,36,17,61,42,38,74,64,6,11,5,24,66,19,1,60,73,46,9,37,58,32,27,54,71,21,30,33,57,26,55,16,34,51,3,29,12,45,72,31,49,43,56,10,28,50,59,76,22,35,14 3036.0 78.564 18.0
69,67,65,44,63,23,52,39,25,15,68,2,48,13,4,40,0,8,53,41,38,74,18,20,62,36,17,61,42,70,7,64,6,11,5,24,66,19,1,60,73,46,71,9,37,58,32,27,75,21,30,33,57,26,55,16,47,34,51,3,29,12,45,72,31,49,43,56,10,28,50,59,76,54,22,35,14 3105.0 81.272 15.0
52,36,32,67,47,23,76,3,34,37,55,43,14,29,31,15,13,22,56,45,30,44,49,63,71,28,8,42,72,18,39,75,38,74,16,6,11,5,24,66,19,1,60,73,46,9,59,65,68,2,27,64,26,50,48,51,53,41,57,54,70,12,40,61,33,25,0,62,4,17,10,58,35,69,21,20,7 3229.0 66.68800000000002 13.0
49,15,0,25,42,4,12,7,50,63,26,53,1,58,11,16,60,46,72,45,59,47,31,65,18,20,41,36,17,61,75,38,74,64,6,5,62,66,19,3,44,68,22,24,30,21,13,71,52,34,27,73,55,48,57,67,23,43,10,2,32,51,39,70,28,69,29,56,37,8,40,33,76,54,9,35,14 3209.0 57.04800000000001 16.0
15,12,49,73,70,13,35,40,51,41,64,29,58,74,3,38,17,22,2,27,37,44,21,39,68,42,76,31,20,11,60,48,54,62,9,52,36,0,8,45,16,19,32,57,18,75,23,56,7,50,10,55,33,47,43,5,66,30,61,71,59,1,25,26,4,14,69,65,28,46,63,24,72,6,53,34,67 3131.0 47.120000000000005 18.0
49,41,0,32,29,4,14,24,51,26,21,9,65,44,30,39,19,35,12,1,37,33,5,22,54,28,8,45,72,59,74,75,15,11,68,73,62,6,64,16,70,55,46,25,61,66,3,7,2,34,43,60,17,76,57,58,47,23,27,36,52,67,13,71,53,63,38,40,50,56,10,18,31,69,48,20,42 3257.0 59.23800000000001 15.0
15,12,49,73,70,13,35,40,51,41,64,29,58,74,3,38,17,22,2,27,37,44,21,39,68,42,76,31,20,11,60,48,54,62,9,52,36,0,8,45,16,19,32,57,18,75,1,23,56,7,50,10,55,33,47,43,5,66,71,65,72,14,24,59,4,25,30,69,28,61,26,34,63,46,67,6,53 3083.0 53.562000000000005 18.0
69,67,65,44,63,23,52,39,25,15,40,2,48,13,75,4,68,0,8,53,47,24,38,70,41,45,34,42,28,30,29,7,74,16,6,11,64,59,5,46,27,21,36,17,57,22,37,58,32,18,71,73,33,10,60,55,19,20,51,3,61,12,1,72,31,49,43,56,66,26,50,62,76,54,9,35,14 3032.0 96.268 20.0
52,27,13,57,29,62,37,75,58,14,19,2,44,15,22,28,55,40,6,9,1,35,43,39,41,42,76,31,20,11,60,3,10,5,34,64,65,12,17,0,36,59,49,56,25,18,63,38,7,50,51,21,70,33,46,72,26,4,53,45,69,61,47,8,16,68,74,71,73,54,30,66,23,24,48,67,32 3198.0 51.192000000000014 17.0
69,67,65,44,63,23,52,39,26,15,40,2,48,13,75,4,68,0,8,50,47,38,49,41,27,34,42,1,30,29,7,74,56,35,6,11,5,62,12,19,3,14,58,18,59,76,24,31,17,53,45,21,70,33,46,72,25,66,43,51,55,61,32,54,16,73,64,71,10,9,57,36,22,37,60,28,20 3021.0 70.06800000000001 21.0
69,67,65,44,63,23,52,39,25,15,40,2,48,13,75,4,68,0,8,53,47,38,74,41,27,34,42,1,30,29,17,49,56,54,35,6,11,5,62,66,19,3,14,58,18,59,76,24,31,7,50,45,21,70,33,57,26,55,16,20,51,37,61,12,71,72,60,43,32,10,28,73,46,9,22,64,36 3055.0 59.50800000000002 16.0
52,36,32,67,47,23,76,3,34,37,55,43,14,29,31,15,13,22,56,45,30,44,49,63,71,28,8,42,72,18,39,75,38,16,6,11,5,24,66,19,1,60,73,46,9,59,65,68,2,27,74,64,26,50,48,51,53,41,57,54,70,12,40,61,33,25,0,62,58,17,10,4,35,69,21,20,7 3187.0 70.84800000000001 13.0
49,41,0,32,29,2,20,31,8,51,74,1,3,44,63,39,19,35,12,9,37,33,5,22,54,28,26,42,72,59,21,75,15,23,68,73,62,6,64,4,67,55,46,25,18,66,65,38,34,43,70,40,7,52,60,58,47,11,50,36,13,61,48,69,45,14,56,30,76,17,57,24,27,10,53,16,71 3432.0 54.690000000000005 13.0
#
49,20,57,58,66,26,18,36,43,69,30,31,62,0,68,75,72,70,15,23,38,50,59,29,45,21,32,7,12,6,40,17,54,51,37,10,2,74,5,48,8,9,19,60,64,28,24,27,55,73,42,25,63,35,41,47,33,46,53,16,14,34,56,61,3,44,1,22,67,52,4,76,11,13,65,39,71 3086.0 71.97800000000001 19.0
20,6,32,63,21,74,49,50,16,48,60,57,62,0,43,56,58,75,19,30,36,22,73,25,41,8,13,69,72,4,27,55,61,59,76,38,7,39,65,70,42,46,15,9,34,52,37,12,31,10,33,5,2,40,44,14,11,35,66,53,26,1,24,28,71,51,3,54,17,64,23,67,18,68,29,45,47 3187.0 49.464000000000006 17.0
20,57,32,70,56,24,55,65,23,66,68,43,51,71,62,11,59,75,19,30,36,22,73,25,41,8,13,69,72,58,16,54,35,4,2,46,7,39,50,63,42,38,15,9,34,48,61,12,49,64,53,52,29,47,21,31,26,3,5,33,17,76,40,74,6,37,1,60,28,67,10,44,45,14,18,27,0 3328.0 49.93600000000001 14.0
20,4,32,63,74,1,38,0,23,60,29,21,28,58,62,30,3,75,19,49,35,65,25,41,8,13,17,72,11,31,6,69,54,51,16,12,46,34,39,57,64,27,43,15,10,22,53,37,44,59,47,67,9,68,42,45,66,76,55,52,2,26,70,24,33,71,56,50,61,7,5,40,18,73,36,48,14 3251.0 51.27199999999999 15.0
47,67,11,0,49,5,24,39,30,20,63,60,21,1,18,45,29,68,16,26,64,17,65,25,41,48,13,35,72,6,40,69,54,51,37,10,2,31,73,8,42,38,70,9,34,66,61,12,56,36,53,52,59,4,50,23,3,55,33,22,76,19,74,58,7,71,43,28,57,46,44,32,75,14,62,27,15 3193.0 45.888 19.0
20,4,32,63,21,27,49,0,15,60,72,57,62,31,33,9,58,73,18,29,36,22,25,61,48,13,35,59,3,26,40,69,54,51,37,10,2,74,75,8,56,53,1,64,11,46,76,43,68,38,12,5,7,39,44,24,34,42,66,28,65,23,14,71,52,70,55,41,30,16,6,50,19,67,17,45,47 3237.0 56.89000000000001 15.0
20,4,32,63,21,27,49,75,23,72,60,57,62,0,33,9,10,59,19,29,56,28,25,41,48,13,35,1,6,11,51,37,14,61,16,58,54,42,50,43,36,38,70,69,26,71,76,46,67,53,12,5,7,39,44,47,34,15,66,8,65,74,18,22,52,73,3,40,17,64,55,31,24,68,30,45,2 3197.0 71.20400000000001 13.0
76,7,18,26,73,42,61,66,1,0,53,59,37,12,13,54,48,24,58,63,32,31,68,36,74,44,47,29,35,4,9,22,40,60,11,46,38,39,15,64,27,56,8,10,30,34,72,25,69,57,2,62,49,75,20,43,3,21,45,28,65,23,14,71,52,70,55,41,50,17,51,6,16,5,33,19,67 3426.0 57.768000000000015 11.0
20,4,32,63,21,27,49,6,50,23,72,60,57,62,0,43,15,58,59,19,29,38,28,25,41,73,1,35,9,7,40,69,76,5,8,68,34,2,44,70,74,17,37,31,12,66,61,56,67,53,33,51,55,39,75,14,11,16,52,46,26,13,24,22,71,30,3,54,65,64,48,42,18,10,36,45,47 3274.0 54.598 13.0
20,4,32,63,48,60,76,37,1,70,2,21,28,58,62,30,0,75,19,49,36,65,25,41,8,13,35,72,6,40,69,54,51,50,10,27,74,73,26,56,53,55,16,11,52,66,42,43,67,38,33,5,7,39,44,14,34,9,15,22,46,24,12,71,59,3,61,17,64,23,31,57,18,68,29,45,47 3324.0 61.54400000000002 12.0
20,4,32,63,21,27,49,50,55,70,60,40,62,0,12,42,58,73,19,30,36,22,65,25,41,48,13,72,6,57,26,69,54,51,37,10,2,74,75,8,56,53,1,16,11,76,43,67,38,33,5,7,39,44,14,9,34,15,66,52,46,24,28,71,59,3,61,17,64,23,31,35,18,68,29,45,47 3459.0 55.648 12.0
20,4,32,63,21,27,49,75,23,72,60,57,62,0,33,9,10,59,19,29,56,28,25,41,48,13,35,1,6,11,51,37,14,61,16,58,54,42,50,43,36,38,70,53,3,65,52,40,12,67,8,74,5,7,39,44,69,34,2,66,46,26,15,24,22,71,73,76,17,64,55,31,18,68,30,45,47 3106.0 54.128000000000014 16.0
20,57,32,70,56,24,55,65,23,66,68,43,51,71,62,11,59,75,19,69,30,36,22,73,25,41,8,13,72,58,16,54,35,4,2,46,7,39,50,63,42,38,15,9,34,48,61,12,49,64,53,52,29,47,44,14,21,40,5,10,26,1,27,37,3,76,60,18,17,33,67,74,28,0,6,45,31 3232.0 46.59400000000001 16.0
20,4,32,63,21,27,49,50,23,72,60,57,62,0,12,53,58,73,19,30,40,22,65,25,41,48,13,35,70,6,36,17,54,51,37,10,2,74,38,5,8,45,67,42,1,11,14,64,43,56,33,75,7,16,55,44,52,34,9,66,46,26,15,24,28,71,59,3,61,69,76,39,31,18,68,29,47 3378.0 64.80400000000002 11.0
20,4,32,63,21,27,49,50,55,70,60,40,62,0,12,42,57,65,19,30,36,22,73,25,41,8,13,72,58,16,54,6,51,37,10,2,74,75,48,56,69,53,1,26,11,76,43,67,38,33,5,7,39,44,14,9,34,15,66,52,46,24,28,71,59,3,61,17,64,23,31,35,18,68,29,45,47 3307.0 50.20400000000001 15.0
47,15,25,37,63,64,0,28,36,41,40,55,60,32,46,71,30,69,8,20,58,59,65,13,27,54,72,17,26,45,75,19,68,74,49,18,2,31,4,48,42,38,70,16,43,6,24,50,23,53,33,5,7,39,44,14,34,9,66,51,11,62,56,61,3,73,1,22,67,52,10,76,35,12,29,21,57 3293.0 54.272000000000006 14.0
20,4,32,63,21,27,49,6,50,23,72,60,57,62,0,43,15,58,59,19,29,38,28,25,41,73,1,35,9,39,40,69,76,5,8,68,34,2,44,70,74,17,37,31,12,66,61,56,67,53,13,45,47,7,75,14,11,16,52,46,26,30,24,22,71,33,3,54,65,64,48,42,18,10,36,51,55 3205.0 57.798 13.0
20,4,32,63,55,27,49,50,60,70,68,66,57,62,0,12,42,58,73,19,30,36,22,65,25,41,48,38,35,72,6,40,69,54,51,37,2,74,75,8,56,53,1,16,11,52,10,76,43,67,13,45,47,7,39,44,14,34,9,46,26,15,24,28,71,59,3,18,17,64,21,31,23,33,29,5,61 3203.0 63.39200000000002 15.0
20,4,32,63,21,27,49,75,23,72,60,57,62,0,33,9,10,59,19,29,56,28,25,41,48,13,35,1,6,11,51,37,14,61,16,58,54,42,50,43,36,38,70,53,3,65,52,40,12,67,8,74,5,7,44,47,34,15,66,69,71,39,18,22,76,73,26,46,17,64,55,31,24,68,30,45,2 3222.0 57.56800000000001 15.0
20,4,32,63,21,27,49,6,50,23,72,57,62,0,43,15,58,59,19,29,38,28,25,41,48,13,35,70,65,51,9,22,40,60,10,2,74,75,46,56,53,1,69,34,66,61,12,67,18,33,5,7,39,44,14,11,16,37,52,54,71,3,36,8,26,73,42,47,17,64,24,31,76,55,30,68,45 3151.0 68.866 14.0
20,4,32,63,21,27,49,17,31,60,72,57,62,0,33,9,58,36,73,18,29,22,25,61,48,13,35,59,3,26,40,69,54,51,37,10,2,74,75,8,56,53,1,64,11,46,76,43,68,38,12,5,7,39,44,24,34,42,66,28,65,23,14,71,52,70,55,41,30,16,6,50,19,67,15,47,45 3357.0 57.008 12.0
#
11,67,13,74,75,54,65,32,28,40,19,8,58,23,41,72,25,47,37,56,2,52,51,21,20,29,14,61,27,38,34,46,35,68,12,64,26,76,6,30,70,9,10,39,55,4,3,33,42,49,71,60,31,7,50,69,15,66,53,73,24,16,22,0,57,63,44,1,18,45,36,17,59,62,48,5,43 3182.0 69.79200000000002 14.0
35,54,68,0,31,58,23,8,6,51,11,48,10,5,36,22,50,2,12,42,40,18,47,4,60,16,72,49,17,75,61,24,14,66,25,43,39,59,19,65,64,53,46,55,70,32,13,44,26,63,37,76,56,62,33,29,71,52,41,67,21,73,57,45,15,28,1,27,74,9,38,34,69,20,30,7,3 3139.0 62.79400000000001 16.0
51,54,58,59,56,1,33,34,74,30,9,4,36,28,32,44,50,64,12,52,40,63,47,75,39,16,25,49,17,21,70,60,57,14,11,3,15,23,73,42,66,61,27,55,6,19,35,5,37,71,10,67,7,2,8,31,65,38,29,69,46,43,45,48,41,18,20,68,26,22,53,0,72,24,62,76,13 3086.0 61.08400000000001 21.0
51,54,7,15,36,69,33,2,62,42,73,10,28,32,37,44,50,74,12,9,40,11,47,4,60,45,3,49,17,16,6,56,57,66,25,43,39,59,19,65,64,53,46,55,48,52,70,71,72,18,41,30,31,22,29,21,34,67,76,38,1,24,23,35,27,5,20,14,26,58,61,0,63,8,75,68,13 3188.0 52.07600000000001 18.0
52,41,0,20,38,43,19,46,66,65,9,73,50,28,24,55,63,2,12,42,40,59,47,4,60,45,25,49,17,75,70,39,14,11,3,56,36,16,29,68,6,22,27,30,23,15,35,5,37,71,10,67,7,53,1,51,33,18,32,34,31,21,44,26,76,69,58,72,62,74,48,54,61,8,64,57,13 3366.0 60.20800000000001 12.0
7,39,8,2,66,28,70,73,19,49,12,60,50,52,9,65,40,42,32,51,72,14,47,44,33,41,53,4,22,0,43,30,75,63,3,56,36,16,68,35,5,38,69,15,48,17,64,24,25,18,71,11,46,45,29,21,31,67,76,74,1,37,23,6,27,54,20,59,26,58,61,34,10,62,55,57,13 3314.0 54.952 13.0
39,54,57,15,18,38,41,8,5,65,35,73,63,23,62,3,50,21,12,42,1,10,61,4,68,72,34,26,29,75,70,76,14,28,44,6,52,16,53,31,2,56,69,58,74,36,43,22,45,19,33,40,48,13,17,64,25,37,11,9,24,46,71,0,60,59,66,47,7,20,67,32,49,27,30,51,55 3425.0 64.28800000000001 11.0
51,54,58,59,56,1,33,34,74,30,9,4,36,28,32,44,50,64,12,52,40,63,47,75,39,16,25,49,17,21,70,60,57,14,11,3,15,23,73,42,66,61,27,55,6,19,35,5,37,71,10,67,7,2,8,31,65,29,69,46,43,45,38,48,41,18,20,68,26,22,53,0,13,76,24,72,62 3097.0 60.27200000000001 20.0
51,54,68,15,25,6,50,4,66,39,44,73,22,11,21,43,12,26,37,3,19,27,65,59,29,75,42,10,60,70,17,62,45,46,40,9,63,5,53,31,58,74,69,2,16,36,52,48,71,72,18,41,30,76,55,33,34,0,14,38,1,24,23,35,56,28,47,20,67,7,32,49,61,8,64,57,13 3146.0 53.098 19.0
51,70,7,15,36,69,33,2,66,65,9,73,10,28,32,44,50,64,12,42,40,56,47,4,60,45,25,49,17,16,29,11,68,37,3,63,19,53,75,62,74,59,46,55,6,52,48,71,72,18,41,30,31,22,54,21,34,67,76,38,1,24,23,35,27,5,20,14,26,58,61,0,43,8,39,57,13 3300.0 50.392 14.0
35,54,68,0,31,58,23,8,6,51,11,48,10,5,36,22,50,2,12,42,40,18,47,4,60,16,72,49,17,75,61,24,14,66,25,43,39,59,19,65,64,53,46,55,70,32,13,44,26,63,37,76,56,62,33,29,71,52,41,67,21,73,38,45,15,28,1,27,74,9,57,34,69,20,30,7,3 3121.0 65.08200000000001 16.0
0,54,57,15,19,38,33,8,5,68,65,35,73,63,23,62,3,50,21,12,42,1,10,61,4,72,34,26,29,75,70,76,14,28,44,6,59,22,53,31,36,74,39,2,43,58,46,16,45,18,66,40,48,13,17,64,25,60,49,32,67,9,11,24,51,20,41,37,69,52,47,27,56,55,30,7,71 3172.0 56.794 17.0
51,54,7,15,36,69,33,2,66,65,9,73,10,28,32,44,50,64,12,42,40,56,47,4,60,45,25,49,17,3,70,11,68,37,16,63,19,53,14,62,74,59,46,55,6,52,48,71,72,18,41,30,31,22,29,21,34,67,76,38,1,39,23,35,27,5,20,75,26,58,61,0,43,8,24,57,13 3279.0 62.278 13.0
51,70,7,15,36,69,33,2,66,65,9,73,10,28,32,44,50,64,12,40,56,47,4,60,53,25,49,17,76,54,11,75,63,42,3,29,24,45,68,62,74,59,46,55,6,52,48,71,72,18,41,30,31,22,37,21,34,67,16,38,1,19,23,35,27,5,20,14,26,58,61,0,43,8,39,57,13 3259.0 47.92 18.0
51,54,7,15,36,69,33,2,62,42,73,25,28,32,37,44,50,74,12,9,40,11,47,4,60,45,3,49,17,16,6,56,57,66,10,43,39,59,19,65,64,53,46,55,48,52,70,71,72,18,41,30,31,22,29,21,34,67,76,38,1,24,23,35,27,5,20,14,26,58,61,0,63,8,75,68,13 3193.0 73.72999999999999 13.0
51,54,7,15,19,75,33,39,66,65,9,17,45,69,49,44,50,62,12,42,70,63,47,4,60,16,72,3,73,14,40,67,11,32,2,5,36,10,53,48,59,74,46,55,6,52,64,71,25,18,41,30,31,22,29,21,34,43,76,38,1,24,23,35,27,56,20,68,37,0,58,28,61,8,26,57,13 3193.0 51.69000000000001 18.0
51,54,7,15,36,69,33,2,66,65,9,73,28,32,44,50,64,12,42,40,60,47,4,56,45,10,25,49,17,16,29,11,68,37,3,63,19,53,75,62,70,74,59,46,55,52,48,71,72,18,41,30,31,22,6,21,34,67,43,38,1,24,23,35,27,39,13,8,58,57,61,14,20,0,5,26,76 3203.0 52.28600000000001 14.0
51,54,7,15,36,67,33,2,66,65,9,73,10,28,32,44,50,64,12,42,40,60,47,4,56,23,25,49,17,16,76,11,20,37,3,63,19,53,75,62,70,74,1,55,6,52,35,71,72,5,27,30,31,39,59,21,34,38,29,69,46,43,45,48,41,18,68,26,22,0,58,14,61,8,24,57,13 3169.0 57.03800000000001 16.0
51,54,58,59,56,1,33,34,74,30,9,4,36,28,32,44,50,64,12,52,40,63,47,75,39,16,25,49,17,21,70,60,57,14,11,3,15,23,73,42,66,61,27,55,6,19,35,5,37,71,10,67,7,2,8,31,65,38,29,69,46,43,13,41,45,76,18,0,48,26,24,68,22,53,72,20,62 3108.0 58.08400000000001 20.0
0,54,57,15,19,38,33,8,5,68,65,35,73,63,23,62,3,50,21,12,42,1,10,61,4,72,34,26,29,75,70,76,14,28,44,6,59,22,53,31,36,74,39,2,43,67,46,16,45,18,66,7,40,48,13,17,64,25,60,49,32,58,9,11,24,51,20,41,69,71,52,56,27,37,55,47,30 3158.0 57.768000000000015 17.0
0,54,57,15,18,38,41,8,5,65,35,73,63,62,3,50,21,12,2,1,10,61,4,68,72,34,26,29,75,70,76,14,28,44,6,52,16,53,31,58,66,74,69,37,56,36,9,48,71,19,25,43,30,17,55,33,60,51,11,40,42,24,23,46,22,45,47,7,20,67,32,49,27,39,64,59,13 3379.0 59.17200000000001 12.0
51,54,7,15,36,69,33,2,66,65,9,73,10,28,32,44,50,64,12,42,40,60,47,4,56,45,25,49,17,76,29,11,68,59,3,63,24,53,75,62,70,74,46,55,6,52,48,71,72,18,41,30,31,22,37,21,34,67,16,38,1,19,23,35,27,5,20,14,26,58,61,0,43,8,39,57,13 3308.0 59.15800000000001 13.0
35,54,68,0,31,58,23,8,6,51,11,48,10,5,36,22,50,2,12,42,40,18,47,4,60,16,72,49,70,17,75,39,14,76,3,29,24,45,37,61,74,62,59,46,55,65,52,28,71,26,63,19,66,56,33,43,44,32,41,67,21,73,57,38,15,13,1,27,64,9,53,34,69,20,30,7,25 3122.0 58.11 17.0
51,54,66,59,6,1,33,34,61,7,3,4,19,28,32,44,50,64,12,35,11,15,47,75,39,16,25,10,60,70,17,62,45,46,40,9,63,5,53,31,58,74,69,2,56,36,52,48,71,72,18,41,30,55,8,42,65,38,29,27,14,43,57,23,67,49,20,68,26,22,73,0,37,24,21,76,13 3090.0 83.37200000000001 17.0
51,70,7,15,36,69,33,2,66,65,9,73,10,28,32,44,50,64,12,42,40,56,47,4,60,53,25,49,17,76,54,11,75,63,3,29,24,45,68,6,62,74,59,46,55,52,48,71,72,18,41,30,31,22,37,21,34,67,16,38,1,19,23,35,27,39,13,8,58,57,61,14,20,5,43,26,0 3260.0 48.00000000000001 15.0
51,70,7,15,36,69,33,2,66,65,9,73,10,28,32,44,50,64,12,42,40,60,56,47,4,53,25,49,17,76,54,11,75,63,3,29,24,45,68,62,74,59,46,55,6,52,48,71,72,18,41,30,31,22,37,21,34,67,16,38,1,39,23,35,27,5,20,14,19,0,58,43,61,8,26,57,13 3341.0 53.47800000000001 13.0
35,54,68,36,0,31,58,23,8,6,51,11,48,13,10,5,22,50,2,12,42,40,18,47,4,60,16,72,49,17,75,61,24,14,66,34,43,39,59,19,65,64,53,46,55,70,32,44,26,63,52,76,56,62,33,29,25,37,30,38,1,7,21,74,27,73,20,67,45,69,9,15,41,71,3,57,28 3218.0 49.93600000000001 15.0
51,70,7,15,36,69,33,2,66,65,9,39,10,28,32,44,50,64,12,42,40,56,47,4,60,45,25,49,17,16,29,11,68,37,3,63,19,53,75,62,74,59,46,55,6,52,48,71,72,18,41,30,31,22,54,21,34,67,76,38,24,1,23,35,27,5,20,14,26,58,61,0,43,8,73,57,13 3175.0 92.122 14.0
51,70,7,15,36,69,33,2,66,65,9,73,10,28,32,44,50,64,12,42,40,56,8,4,60,45,25,49,17,16,54,11,68,63,3,24,37,19,53,75,62,74,59,46,55,6,52,48,71,72,18,41,30,31,22,29,21,34,67,76,1,38,23,35,27,5,20,14,26,58,61,0,43,47,57,39,13 3238.0 49.53000000000001 15.0
51,70,7,15,36,69,33,2,66,65,9,73,10,28,44,50,64,12,35,56,47,4,60,53,25,49,17,76,54,11,75,63,42,3,29,24,45,68,6,62,74,59,46,55,52,48,71,72,18,41,30,31,22,37,21,34,67,16,38,1,19,23,40,27,32,5,20,14,26,58,61,0,43,8,39,57,13 3282.0 44.28800000000001 15.0
51,54,7,15,36,69,33,2,66,65,9,73,10,28,32,44,50,64,12,42,40,56,47,4,60,25,49,17,16,70,11,68,37,23,63,19,53,75,62,74,59,46,55,6,52,48,71,72,18,41,31,22,30,21,34,67,76,38,1,24,3,35,27,39,13,8,58,57,29,61,14,20,5,43,26,0,45 3186.0 57.376000000000005 15.0
35,54,68,0,31,58,23,8,32,51,11,44,10,5,36,22,50,2,12,42,40,18,47,4,60,16,26,49,70,17,75,39,14,76,3,29,24,45,37,61,74,62,59,46,55,6,52,48,71,63,19,66,56,53,33,43,72,13,41,67,21,73,57,65,15,28,1,27,64,9,38,34,69,20,30,7,25 3120.0 70.39 16.0
51,54,7,15,36,69,33,2,66,65,9,73,63,23,62,3,50,21,12,42,1,10,56,45,47,25,49,17,16,29,11,68,37,64,28,19,4,53,75,44,70,74,59,46,55,52,48,71,72,18,41,30,31,22,6,40,34,67,43,38,60,24,32,35,27,39,13,8,58,57,61,14,20,0,5,26,76 3187.0 67.94000000000001 14.0
0,54,57,15,19,38,33,8,5,65,35,73,63,23,62,3,64,12,42,40,60,47,4,61,68,72,34,26,29,75,70,76,14,28,11,2,56,16,45,53,20,27,66,52,25,32,9,71,6,18,41,36,30,31,22,10,1,13,67,24,43,46,55,49,39,21,7,50,44,69,48,58,51,17,37,59,74 3389.0 52.650000000000006 13.0
#
45,5,1,24,9,14,72,34,66,35,32,40,28,48,64,23,42,31,22,62,37,15,53,33,0,18,58,70,3,2,57,54,46,51,50,60,7,8,75,74,27,26,47,39,12,10,65,59,38,69,6,13,17,71,19,52,25,63,67,20,41,61,30,44,36,55,29,43,4,49,56,76,68,21,16,73,11 3134.0 71.456 14.0
45,5,1,24,9,14,72,34,66,35,32,40,28,48,64,23,42,31,22,62,15,53,33,0,18,58,70,3,2,57,54,46,51,50,60,7,8,75,74,27,26,47,39,12,10,65,59,38,69,6,13,17,71,19,52,25,63,67,11,43,16,76,44,29,55,30,20,61,37,41,68,36,73,4,56,21,49 3233.0 46.51200000000001 14.0
67,25,75,37,31,66,0,52,3,32,13,34,61,7,26,38,70,10,21,74,58,8,39,56,12,41,30,72,20,29,71,28,47,18,60,15,19,42,46,76,23,9,35,64,2,53,36,45,68,55,54,16,50,43,6,11,17,57,4,51,62,59,27,73,65,24,44,49,63,14,69,5,48,22,40,1,33 3097.0 66.25800000000001 17.0
63,31,45,23,26,7,70,68,67,15,3,74,51,6,34,58,40,46,18,25,65,1,17,33,24,38,71,22,12,21,53,16,14,75,54,9,27,60,41,29,69,36,73,2,55,50,66,10,32,0,59,37,44,4,43,49,64,76,8,72,57,52,61,56,35,62,48,30,5,19,11,13,42,47,20,39,28 3095.0 67.87800000000001 19.0
55,7,61,63,76,68,45,5,59,10,3,74,51,6,34,25,4,41,18,65,1,24,56,58,49,46,71,42,12,21,37,16,14,13,54,9,27,28,8,29,66,69,36,23,2,73,67,62,0,40,38,44,30,53,35,11,17,64,72,60,15,75,52,32,50,19,26,48,47,33,39,31,22,57,43,20,70 3249.0 60.59400000000001 12.0
63,31,45,23,26,7,70,68,67,15,3,74,51,6,34,58,40,46,18,25,65,1,17,33,24,38,71,22,12,21,53,16,14,75,54,9,27,60,41,29,69,36,73,72,39,48,56,59,57,42,64,32,13,52,19,11,50,5,37,47,35,10,76,44,8,2,66,61,20,55,49,0,62,4,30,43,28 3088.0 59.69800000000001 20.0
63,31,45,23,26,7,70,57,67,15,3,74,51,55,34,58,32,46,18,65,1,24,43,17,25,71,22,12,21,37,16,14,75,54,9,27,60,28,49,29,69,36,73,2,0,5,13,56,40,53,68,6,39,4,33,41,64,76,8,72,59,52,61,10,35,62,48,30,50,19,11,38,66,47,20,44,42 3155.0 51.176 18.0
11,34,4,41,36,23,28,66,55,42,49,74,69,9,40,71,31,46,22,58,8,14,19,38,62,72,25,12,21,2,35,57,7,16,59,15,27,17,61,68,5,64,29,52,75,30,48,44,37,32,24,67,18,70,26,3,60,76,0,20,53,54,13,73,43,47,50,63,45,51,39,65,33,6,10,56,1 3185.0 49.25600000000001 16.0
45,5,53,41,31,66,0,52,3,32,13,6,61,7,26,60,70,10,51,67,20,56,29,1,24,48,38,40,68,8,37,16,34,72,54,9,35,71,28,49,64,75,73,47,39,27,65,59,57,42,69,23,76,44,17,11,2,14,25,63,74,19,12,22,33,62,36,30,4,43,18,46,58,50,21,55,15 3223.0 75.16400000000002 13.0
47,63,42,11,23,7,70,68,67,15,3,18,51,6,34,58,40,46,14,39,65,1,17,33,24,38,71,22,12,64,53,30,4,62,54,9,27,60,41,29,69,36,43,2,55,50,66,10,57,20,0,45,13,52,72,48,26,31,25,37,28,59,19,44,8,32,5,61,74,49,56,76,75,21,16,73,35 3089.0 85.87400000000001 16.0
45,5,1,24,9,14,72,34,66,35,32,40,56,48,21,23,42,31,22,75,37,15,53,33,0,74,58,70,3,2,57,54,46,51,50,60,7,8,68,4,27,26,47,49,12,10,65,59,38,69,6,13,17,71,76,52,25,63,67,20,41,61,16,44,36,55,29,73,18,39,28,19,62,64,30,43,11 3136.0 62.784000000000006 14.0
11,34,5,41,75,23,61,76,55,42,62,74,12,15,40,71,31,46,22,8,14,58,19,38,64,59,25,52,37,27,57,7,16,0,9,35,60,28,49,4,68,29,69,36,2,30,10,44,21,32,24,67,18,6,26,3,17,66,72,20,53,54,13,73,43,47,50,63,45,51,39,70,1,65,48,56,33 3075.0 71.32000000000001 17.0
45,5,53,41,3,47,12,34,66,48,0,23,10,24,2,58,46,51,67,37,56,60,33,7,32,22,40,68,50,20,15,71,14,75,54,38,35,29,19,18,64,52,73,72,39,27,65,59,57,42,69,6,76,44,17,11,26,31,25,63,74,28,13,1,8,62,36,30,4,43,49,61,70,9,21,55,16 3131.0 54.24000000000001 17.0
11,58,5,41,75,49,28,4,55,27,61,62,74,12,29,40,71,31,68,22,34,8,14,17,38,48,59,25,52,37,57,7,16,72,69,15,19,42,46,76,23,9,35,64,2,53,36,45,21,32,24,67,18,70,26,3,60,66,0,20,30,54,13,73,43,47,50,63,44,51,39,65,33,6,10,56,1 3136.0 52.65800000000001 22.0
55,7,61,63,76,68,45,5,59,10,74,31,75,35,41,25,4,34,18,65,1,24,56,49,46,71,69,12,21,37,16,14,13,54,9,22,28,8,29,53,47,32,70,23,33,67,62,0,40,38,44,30,58,66,6,11,73,57,72,60,15,51,52,36,50,19,26,48,42,17,39,3,27,64,43,20,2 3142.0 57.440000000000005 15.0
47,63,42,11,23,7,70,68,67,15,3,74,51,6,34,58,40,46,4,49,65,45,17,33,24,38,71,26,12,21,53,16,14,75,54,9,27,60,41,29,69,36,73,2,55,50,66,10,32,0,59,37,44,18,43,28,64,76,8,72,57,52,61,56,35,62,13,30,5,19,39,1,48,22,31,20,25 3226.0 54.18600000000001 13.0
67,25,75,37,31,66,0,52,3,32,13,6,61,7,26,38,70,10,21,74,58,8,39,56,12,41,30,72,20,15,71,28,47,9,60,48,29,19,18,64,76,23,42,35,46,2,53,36,45,68,55,16,50,17,34,11,57,43,51,62,59,4,27,73,65,24,44,49,1,14,22,54,5,69,63,40,33 3131.0 63.53000000000001 16.0
45,5,53,41,3,14,12,34,66,9,0,23,10,24,2,58,46,51,44,37,56,60,33,7,32,22,59,68,35,20,15,17,47,52,38,48,29,19,18,64,75,73,72,39,27,65,70,57,42,69,6,13,36,67,11,71,26,31,25,63,74,28,50,1,8,62,76,30,4,43,49,61,40,54,21,55,16 3128.0 73.36200000000002 16.0
#
0,57,39,7,22,41,29,43,2,18,63,49,66,45,64,36,60,67,21,3,9,33,11,59,27,23,58,35,30,75,51,13,40,42,4,53,10,74,32,76,44,68,48,15,50,20,6,1,28,61,72,62,73,16,31,46,25,47,12,56,34,52,55,5,37,65,19,14,69,71,70,8,24,38,17,54,26 3539.0 63.60200000000001 11.0
35,12,6,55,28,18,63,24,39,53,58,11,48,25,66,73,0,29,23,51,47,7,13,21,52,72,26,10,1,54,69,41,22,31,68,75,17,43,74,59,56,57,2,64,15,76,20,27,9,32,50,8,19,3,5,40,16,67,44,71,30,45,60,14,36,34,61,33,38,62,46,37,49,4,42,70,65 3045.0 53.96000000000001 19.0
35,12,6,55,28,42,63,24,39,53,58,11,48,25,66,0,29,23,51,47,7,13,21,52,72,26,10,1,54,73,69,41,22,31,68,75,17,43,74,59,56,57,2,64,15,76,20,27,9,32,50,8,19,3,5,40,16,67,44,71,30,34,46,33,65,70,14,62,61,45,38,49,36,4,37,60,18 2960.0 59.56000000000002 19.0
35,12,1,68,56,41,57,53,28,18,37,73,14,75,0,3,23,44,33,39,7,22,74,64,51,63,13,50,5,21,67,76,32,4,48,38,60,9,2,16,45,55,72,66,36,54,49,65,62,69,70,59,20,29,24,6,30,47,61,43,11,58,19,71,27,17,34,46,10,40,25,26,31,15,42,52,8 3140.0 58.592000000000006 14.0
35,12,8,25,27,42,24,53,10,18,40,73,14,65,0,70,23,44,33,39,7,22,74,15,51,63,13,68,6,21,17,1,11,32,4,48,38,60,9,62,16,45,55,72,66,36,54,56,75,2,20,3,57,30,34,61,49,5,59,47,26,64,76,43,50,67,19,46,29,71,58,28,41,31,37,52,69 3092.0 69.864 13.0
35,12,45,70,25,71,24,53,19,18,40,73,14,52,32,23,16,33,36,39,3,49,58,51,63,30,28,10,1,20,69,41,22,68,75,17,43,59,56,57,2,37,46,15,76,44,65,62,8,66,50,48,34,26,4,72,9,55,13,11,61,54,67,64,47,31,60,29,27,0,74,38,7,21,5,42,6 3186.0 57.57600000000001 13.0
35,12,8,25,27,42,24,53,10,18,40,73,14,65,0,70,23,44,33,39,7,22,74,64,51,63,13,50,5,21,67,46,61,57,30,38,71,41,2,16,58,15,72,66,36,47,3,75,62,69,49,4,48,34,11,56,6,32,54,26,43,1,55,68,17,19,76,29,60,45,28,9,59,31,37,52,20 3057.0 76.73000000000002 15.0
35,12,45,25,27,24,53,51,54,71,40,73,14,52,74,23,16,33,39,36,3,32,49,61,38,19,11,26,10,1,20,69,41,22,68,75,17,43,59,56,57,2,37,46,15,76,65,62,8,66,50,48,34,29,7,42,70,21,13,58,64,55,63,0,67,72,44,6,30,5,9,47,28,4,18,60,31 3073.0 45.114000000000004 15.0
35,12,45,70,25,27,24,53,51,36,40,73,14,54,37,23,16,33,39,18,3,32,67,61,38,19,11,26,10,1,20,69,22,68,75,17,63,74,59,56,57,41,2,64,15,76,65,30,8,66,50,48,34,29,7,44,21,28,60,52,62,42,4,0,49,72,31,43,46,5,9,47,58,6,55,13,71 3273.0 45.13800000000001 13.0
35,12,1,71,19,33,28,39,51,18,40,47,73,32,20,23,25,24,44,26,50,10,5,46,74,75,3,53,14,0,15,59,8,4,48,38,60,9,2,16,45,55,72,66,36,54,56,65,62,69,70,57,30,34,29,7,42,37,21,13,58,64,68,63,76,67,31,6,22,61,17,49,43,41,11,52,27 3324.0 44.144 14.0
35,12,45,70,25,27,24,53,51,18,40,73,14,54,37,23,16,33,39,36,3,32,67,61,38,19,11,26,10,1,20,69,41,22,68,75,17,63,74,59,43,57,2,8,15,76,65,62,64,66,50,48,34,29,7,44,21,28,60,52,46,47,56,0,13,72,49,58,30,6,9,55,31,4,42,5,71 3189.0 46.13000000000001 12.0
35,12,48,70,25,43,47,27,23,18,40,28,10,16,71,51,13,33,39,36,3,32,67,5,38,19,11,69,6,31,20,41,1,68,22,0,75,17,34,74,59,56,57,2,46,15,76,65,54,8,66,50,14,29,7,60,64,21,26,62,55,63,73,37,45,44,58,30,61,9,53,49,72,4,42,52,24 3061.0 54.418 17.0
35,12,1,70,41,21,66,64,32,18,19,52,14,54,37,3,74,16,33,39,34,51,42,76,31,38,26,10,45,53,23,27,73,40,48,11,60,71,2,29,25,15,57,67,20,49,30,43,24,47,59,17,28,69,75,22,36,58,46,44,55,63,0,61,72,56,6,62,5,9,13,50,7,4,65,68,8 3402.0 72.93200000000002 11.0
35,12,8,58,25,27,24,53,62,71,40,73,14,52,74,23,16,33,39,36,3,66,67,61,38,19,11,26,10,72,20,69,41,22,68,75,17,63,37,59,56,57,2,46,15,76,65,51,30,55,28,9,47,29,7,6,34,70,1,50,13,44,4,5,49,45,64,32,0,60,42,43,31,18,21,54,48 3057.0 59.45000000000002 16.0
35,12,8,50,25,27,24,53,62,71,40,73,14,52,74,23,63,33,39,55,3,29,67,61,6,19,11,26,10,37,57,7,41,47,68,38,22,9,2,16,45,15,72,66,36,54,49,30,43,20,13,59,17,46,69,75,60,21,28,58,1,44,4,5,65,56,64,32,0,34,42,51,31,18,70,76,48 3027.0 69.52 18.0
35,12,69,70,63,27,24,16,32,18,25,68,71,43,49,39,20,60,11,28,3,51,67,61,31,19,38,6,10,45,53,23,22,0,40,48,75,17,33,74,59,56,57,2,46,15,76,65,54,8,66,50,34,29,7,44,21,36,64,52,62,47,73,41,13,72,1,58,30,26,9,55,37,4,42,5,14 3162.0 44.48 19.0
35,12,48,70,25,43,47,27,53,18,40,28,10,38,0,3,23,44,33,39,7,67,63,61,49,19,11,69,6,31,20,41,1,22,71,68,75,17,34,74,59,56,57,2,46,15,76,65,54,8,66,50,14,29,51,60,64,21,26,30,55,32,73,37,72,36,58,62,5,9,13,16,45,4,42,52,24 3115.0 60.44200000000001 14.0
35,12,8,25,27,42,24,53,10,58,18,40,73,14,54,37,3,23,16,33,39,36,55,9,61,38,63,17,26,51,1,20,67,72,30,21,13,66,75,62,7,6,57,50,48,52,49,46,43,2,32,11,44,19,68,31,22,47,60,69,4,74,76,5,28,70,71,0,41,34,65,29,59,56,64,45,15 3060.0 56.714000000000006 18.0
#
52,17,63,23,20,58,28,55,62,26,10,9,64,34,36,48,65,24,8,1,60,7,40,15,57,41,0,74,47,75,39,54,45,21,18,53,68,44,19,43,35,76,6,13,12,69,4,42,70,50,73,11,14,29,49,2,31,5,33,46,71,27,16,38,56,61,59,30,32,3,66,72,22,37,67,25,51 3035.0 67.97800000000001 19.0
24,17,63,22,9,58,28,7,2,25,64,76,73,32,36,53,75,57,46,47,21,0,38,10,54,31,13,15,67,29,65,52,14,50,37,19,26,1,4,55,66,20,62,43,41,6,16,30,70,60,74,51,45,11,49,69,12,5,33,8,71,27,48,40,56,61,59,42,34,3,35,44,23,18,68,72,39 3081.0 84.656 15.0
52,17,63,23,20,58,28,55,62,26,10,15,8,34,36,48,65,30,64,35,24,72,76,9,57,41,0,74,47,75,39,54,45,21,18,53,68,44,19,43,1,40,6,13,12,69,4,42,70,50,73,11,14,29,49,2,31,5,33,46,71,27,16,3,7,37,61,25,67,60,66,22,51,32,56,38,59 3067.0 59.49000000000001 17.0
12,27,66,3,2,5,52,37,8,62,32,55,36,51,38,13,58,16,19,7,69,24,63,9,67,46,10,43,4,15,40,14,75,54,48,22,6,44,1,31,71,64,47,76,45,35,29,61,72,57,60,17,70,26,11,56,34,41,18,42,33,25,53,59,21,28,50,30,0,20,65,23,49,39,68,74,73 3440.0 86.46600000000001 11.0
55,15,36,7,43,65,1,13,9,47,26,31,6,18,22,24,21,58,32,38,54,57,2,62,76,41,66,75,0,73,17,23,4,67,20,63,50,14,64,19,53,10,52,25,45,16,29,28,30,70,60,74,11,39,49,69,12,5,33,8,71,27,48,40,56,61,59,42,34,3,35,44,51,37,68,72,46 3434.0 96.81800000000003 11.0
52,17,63,23,20,58,28,55,62,26,10,9,64,34,36,48,65,24,8,1,60,7,40,15,57,41,0,74,47,75,39,22,45,21,18,53,68,44,19,43,35,76,6,13,31,69,4,42,70,50,73,11,14,29,49,2,12,5,33,46,71,27,16,38,56,61,59,30,32,3,66,72,54,37,67,25,51 3158.0 77.702 15.0
52,20,14,43,44,64,31,7,22,65,69,37,0,71,1,23,5,51,54,36,67,13,6,40,63,75,55,35,46,2,10,38,76,53,32,8,66,74,9,15,12,68,39,49,47,19,4,29,61,72,57,60,17,70,26,11,56,34,41,18,42,33,25,59,21,28,50,30,48,62,16,3,24,45,73,27,58 3164.0 53.138000000000005 16.0
51,63,66,56,75,54,17,34,12,67,42,58,21,71,13,32,45,30,25,35,62,72,40,15,57,41,0,59,8,49,70,31,5,73,50,48,74,22,14,29,3,69,53,26,11,64,36,60,28,39,10,46,24,43,27,16,2,18,47,6,4,44,52,20,38,1,55,61,65,76,7,19,23,9,68,37,33 3196.0 66.412 14.0
52,20,14,43,44,64,31,7,22,65,69,37,0,71,1,23,5,51,54,36,67,13,6,40,63,75,55,35,46,2,74,49,4,53,32,8,66,10,9,15,12,68,39,38,47,19,76,29,61,72,57,60,17,70,26,11,56,34,41,18,42,33,25,59,21,28,50,30,48,62,16,3,24,45,73,27,58 3191.0 45.45600000000001 15.0
51,63,66,56,75,54,17,34,12,67,42,58,21,71,13,32,45,30,25,1,35,62,72,40,15,57,41,0,59,8,49,70,31,5,73,50,48,74,22,14,29,3,69,53,26,11,64,36,60,28,39,10,46,24,43,27,9,61,4,33,76,6,52,20,47,55,2,18,65,16,7,19,23,38,44,37,68 3232.0 57.424000000000014 13.0
52,20,14,41,44,64,57,62,34,65,69,7,0,51,38,23,59,21,42,47,46,31,76,70,2,67,37,24,71,33,40,25,75,32,26,72,66,50,11,15,12,18,10,49,74,29,36,60,28,39,13,58,68,9,4,16,61,43,19,6,53,30,3,63,8,35,55,73,45,27,1,54,17,22,5,48,56 3288.0 50.577999999999996 14.0
51,63,66,56,5,30,34,12,25,50,8,21,45,18,52,71,0,10,33,42,47,46,31,54,70,2,67,37,74,13,27,75,72,48,24,32,15,22,14,29,3,69,53,26,11,64,36,60,28,39,38,58,68,9,4,62,7,1,44,35,55,43,57,41,65,19,17,20,16,6,73,59,49,76,40,61,23 3187.0 51.80800000000001 16.0
51,63,66,56,75,54,17,34,12,67,42,33,21,26,28,32,45,25,1,64,62,30,40,36,39,41,0,59,8,10,3,60,5,73,50,48,74,14,22,44,18,72,19,70,71,49,35,15,31,13,52,76,68,11,16,61,53,47,6,58,24,37,57,20,27,55,2,9,65,43,7,29,23,38,69,4,46 3480.0 58.431999999999995 11.0
52,20,14,44,22,64,51,7,65,45,0,35,55,70,69,34,18,67,9,27,31,73,23,12,72,26,57,43,15,11,42,28,16,36,10,8,32,54,46,40,68,39,38,47,19,66,76,29,61,1,60,17,71,63,2,56,62,41,13,74,33,25,75,59,21,49,50,30,48,6,4,3,24,53,5,37,58 3176.0 55.476000000000006 15.0
51,63,66,56,75,54,17,34,12,44,46,21,71,10,32,45,30,25,35,24,72,76,9,60,57,41,0,59,8,70,31,5,73,50,48,74,22,6,29,3,69,16,26,11,64,47,40,28,39,13,67,58,68,15,4,53,61,43,36,14,62,42,52,65,55,18,1,33,2,37,49,23,19,20,38,27,7 3355.0 57.85800000000002 12.0
35,0,22,13,47,70,65,46,2,62,37,32,3,50,19,54,38,36,73,31,48,23,1,11,68,7,9,44,69,51,74,49,4,67,58,63,6,14,43,8,12,5,52,76,45,66,30,60,28,39,10,34,59,18,27,29,16,61,15,64,40,24,25,20,75,71,55,21,17,26,41,56,72,53,57,42,33 3441.0 57.11 13.0
51,63,66,56,75,54,17,34,12,67,42,33,21,26,28,32,45,25,1,64,62,30,40,36,39,41,0,59,8,10,3,60,5,73,50,48,74,14,22,44,18,72,19,70,71,49,35,15,31,13,52,76,68,11,16,61,53,47,6,58,24,37,57,20,27,55,2,9,65,43,7,69,23,38,4,29,46 3455.0 59.775999999999996 11.0
51,63,66,33,41,15,54,10,35,21,44,0,75,48,49,57,59,45,30,5,7,34,27,56,70,17,67,37,38,71,32,2,19,11,1,12,3,65,62,14,53,52,64,26,73,74,36,60,28,39,13,58,68,9,4,16,61,43,47,6,24,42,69,20,8,50,55,31,22,76,25,23,29,18,46,72,40 3105.0 55.050000000000004 16.0
#
47,64,36,56,15,61,13,35,22,17,4,33,43,26,69,1,27,44,21,31,18,45,40,23,28,8,70,57,14,9,32,54,68,3,49,29,30,53,19,25,60,0,59,34,16,71,6,55,12,10,62,50,41,58,73,75,67,2,46,42,74,24,37,7,11,48,5,63,51,52,39,76,38,65,66,72,20 3297.0 60.772000000000006 12.0
70,75,20,33,15,5,63,8,42,10,27,3,22,4,58,73,18,59,31,14,74,13,37,47,19,61,34,24,30,67,44,36,49,12,1,48,29,11,2,40,65,57,28,26,23,35,46,7,60,25,0,71,66,17,64,69,51,53,56,68,45,52,41,72,16,50,39,76,54,43,6,21,62,32,9,55,38 3360.0 59.09 11.0
34,30,6,46,67,38,75,2,52,58,35,65,26,42,1,9,10,53,14,13,49,25,5,70,55,40,61,32,21,15,47,73,54,72,23,16,29,74,45,31,57,11,36,62,44,64,33,68,4,24,51,43,71,20,7,17,3,28,76,48,8,69,37,50,22,18,59,12,0,27,19,56,60,39,41,63,66 3457.0 52.720000000000006 12.0
22,15,12,27,47,29,2,71,42,54,70,58,19,35,62,43,32,60,72,69,36,30,4,10,33,48,61,46,16,1,76,68,28,52,8,64,45,40,65,49,5,67,21,34,3,24,55,56,73,6,39,57,59,0,7,17,66,18,23,51,53,38,44,11,75,50,63,26,74,14,37,25,13,9,41,20,31 3346.0 55.73000000000001 12.0
22,15,12,27,48,29,2,71,42,54,70,33,19,35,39,43,32,28,75,45,41,66,58,20,4,47,68,74,49,62,65,40,52,60,26,73,69,1,51,50,5,67,21,34,3,24,55,56,64,6,61,57,59,0,7,17,76,18,23,30,38,44,11,72,16,63,8,46,14,37,53,25,13,9,36,10,31 3192.0 60.81400000000001 12.0
70,75,20,33,15,5,63,8,42,10,27,3,22,4,58,73,18,59,31,14,74,13,37,47,19,61,34,24,30,67,44,36,49,12,1,48,29,11,2,40,65,57,28,26,23,35,46,7,60,25,0,71,66,17,64,69,51,53,56,76,68,45,62,32,55,21,43,6,54,16,9,41,38,52,39,72,50 3269.0 61.12400000000001 11.0
20,7,6,70,69,75,60,14,27,33,50,2,56,22,8,12,11,63,54,65,36,31,4,10,59,66,39,32,62,72,67,15,26,23,74,44,1,73,25,38,19,9,35,37,51,21,28,0,53,17,49,64,55,24,34,46,3,58,76,48,30,18,42,13,16,71,57,41,68,52,45,61,29,43,5,47,40 3151.0 52.03200000000001 14.0
10,4,21,38,35,19,66,52,41,26,51,72,2,62,36,74,76,43,55,20,9,40,58,15,67,32,70,57,16,45,31,30,14,34,47,56,17,64,49,60,48,7,28,53,25,13,0,63,12,75,3,37,42,33,29,39,18,27,23,54,24,69,44,11,61,50,22,8,46,68,59,1,71,6,73,65,5 3416.0 84.972 10.0
22,15,64,27,48,29,2,24,42,54,70,28,33,19,35,1,43,32,72,45,59,51,67,20,4,47,68,74,49,61,65,40,52,5,26,73,69,39,66,3,60,58,75,34,16,71,6,55,12,10,62,50,41,0,25,17,76,18,23,30,53,38,44,11,21,57,63,8,46,14,37,7,13,9,36,56,31 3241.0 49.77000000000001 15.0
70,75,20,33,15,5,63,8,42,10,27,3,22,61,58,11,18,59,31,14,30,13,48,34,36,4,47,68,74,49,62,65,40,43,60,26,69,73,25,38,19,9,35,37,51,57,28,72,56,64,0,71,66,17,2,29,23,53,1,24,45,12,41,7,16,50,39,76,54,52,6,21,44,32,46,55,67 3349.0 49.49 13.0
20,7,6,70,69,75,14,27,33,50,2,56,22,12,67,8,44,54,65,74,31,4,10,59,48,39,32,62,72,76,58,26,71,23,11,36,63,3,73,25,38,19,9,35,37,51,57,28,0,53,17,16,64,55,24,34,46,21,15,60,1,30,18,5,45,47,66,43,49,52,61,42,13,40,68,29,41 3284.0 54.77800000000001 13.0
22,15,12,27,48,29,2,71,42,54,70,33,19,35,1,43,32,28,72,45,46,73,23,20,4,47,14,74,36,62,65,40,37,60,26,51,69,39,66,16,5,67,8,34,3,24,55,56,64,6,61,59,0,7,17,76,18,58,30,53,38,44,11,75,50,63,21,41,68,52,57,25,13,9,49,10,31 3220.0 58.49800000000002 13.0
20,7,6,70,69,75,14,27,33,50,2,56,22,8,12,11,63,54,65,36,31,4,10,59,48,39,32,62,72,76,15,26,23,67,74,44,30,73,25,38,19,9,35,37,51,34,57,28,0,53,17,16,64,55,24,46,21,58,60,1,66,18,42,13,49,71,3,41,68,52,45,61,29,43,5,47,40 3111.0 50.41800000000001 15.0
20,7,6,70,69,75,10,14,27,33,50,2,56,22,8,12,11,63,54,65,36,31,4,59,48,39,32,62,72,76,15,26,23,67,74,44,66,73,25,38,19,9,35,37,51,57,28,0,53,17,16,64,55,42,24,34,46,21,58,60,1,30,18,13,52,71,3,41,68,49,45,61,29,43,5,47,40 3260.0 58.098000000000006 13.0
22,15,12,27,48,29,2,71,42,54,70,33,19,35,39,43,32,28,75,45,41,66,58,20,4,47,68,74,49,62,51,40,52,60,6,73,69,1,65,50,5,67,21,34,3,24,55,56,64,26,61,57,59,0,7,17,76,18,23,30,38,44,11,72,16,63,8,46,14,37,53,25,13,9,36,10,31 3141.0 69.33800000000001 13.0
22,23,12,27,48,29,2,71,42,54,70,33,19,35,39,43,32,28,75,45,41,66,58,20,4,47,68,74,52,49,62,65,40,30,26,73,69,1,51,50,5,67,18,34,3,24,55,56,64,6,61,57,59,0,7,17,46,21,15,60,38,44,11,72,16,63,8,76,14,37,53,25,13,9,36,10,31 3043.0 54.672000000000004 16.0
22,15,12,27,48,29,2,71,42,54,70,33,19,35,39,43,32,28,75,10,41,66,58,20,4,47,68,74,49,62,65,40,52,60,26,73,69,1,51,50,5,67,21,34,3,24,55,56,64,6,61,57,59,0,7,17,76,18,23,30,38,44,11,72,16,63,8,46,14,37,53,25,13,9,36,45,31 3132.0 62.80000000000001 14.0
22,15,12,27,48,29,2,71,42,54,70,33,19,35,39,43,32,28,75,45,41,66,58,20,4,47,68,74,49,62,65,40,72,52,60,26,73,69,1,51,50,5,67,21,34,3,24,55,56,64,6,61,57,59,0,7,17,76,18,23,30,38,44,11,16,63,8,46,14,37,53,25,13,9,36,10,31 3139.0 70.13800000000002 13.0
22,15,12,27,48,29,2,71,42,54,70,33,19,35,39,43,32,28,75,45,41,66,58,20,4,47,68,74,49,62,23,65,40,52,60,26,73,69,1,51,50,5,67,21,34,3,24,55,56,64,6,61,57,59,0,7,17,76,18,30,38,44,11,72,16,63,8,46,14,37,53,25,13,9,36,10,31 3156.0 65.33800000000002 13.0
20,7,6,70,69,75,14,27,33,50,2,56,22,12,67,8,44,54,65,74,31,4,10,59,48,39,32,62,46,58,26,71,15,11,36,63,3,73,25,38,19,9,35,37,51,57,28,0,53,17,16,64,23,55,24,34,21,72,76,60,1,30,18,5,45,47,66,43,49,52,61,42,13,40,68,29,41 3120.0 39.584 16.0
#
22,12,57,28,0,49,36,34,15,47,10,24,67,43,69,74,44,32,50,7,55,37,71,65,16,29,21,14,76,62,51,3,6,54,18,17,38,60,66,9,23,35,46,56,19,20,13,26,4,11,1,53,40,42,70,52,48,73,72,25,59,31,68,30,8,58,2,33,41,5,63,64,75,61,27,45,39 3239.0 61.534 12.0
76,47,49,61,46,17,4,5,44,69,75,29,55,9,38,26,53,41,43,66,11,68,15,33,48,57,28,72,56,62,30,6,14,42,22,39,73,74,67,7,18,34,37,12,8,23,13,25,45,27,1,2,16,32,35,24,71,31,20,10,63,19,64,54,0,21,52,36,60,59,50,65,3,70,40,58,51 3093.0 59.912000000000006 14.0
76,47,49,61,58,46,17,20,5,38,45,44,56,27,69,70,26,72,41,29,66,11,68,15,2,57,37,31,62,34,23,75,9,14,67,39,42,73,74,7,18,30,53,12,8,22,25,35,43,33,13,59,1,64,4,55,52,28,10,63,19,50,36,54,0,24,21,32,71,16,6,65,3,48,40,60,51 3038.0 60.05800000000001 17.0
76,47,49,61,58,46,17,13,15,5,38,45,44,22,27,69,70,26,37,72,62,64,18,11,34,42,48,60,65,4,43,23,1,52,24,36,68,56,39,73,6,12,71,14,67,41,59,29,25,0,35,16,32,55,2,7,74,31,20,10,63,19,50,54,30,33,9,40,3,53,75,8,57,21,28,66,51 3166.0 50.33800000000001 14.0
76,47,49,61,46,17,8,4,5,44,69,75,29,55,9,38,26,53,41,43,66,11,68,15,33,57,28,72,56,18,30,34,14,42,22,39,73,74,67,7,62,6,12,71,13,23,25,45,27,1,2,16,32,35,58,21,31,20,10,63,19,48,54,37,36,40,64,3,50,24,0,60,52,59,65,70,51 3199.0 64.00800000000001 12.0
22,12,57,28,0,49,73,34,15,47,10,24,67,48,69,74,44,32,20,7,55,37,71,65,16,29,21,14,42,62,51,3,6,17,66,23,39,8,18,9,76,61,38,58,19,50,53,26,4,11,1,13,40,54,68,45,43,36,72,25,59,31,70,30,60,64,2,33,41,5,63,56,75,35,27,52,46 3422.0 47.040000000000006 16.0
76,47,49,61,59,0,25,14,63,26,15,45,44,56,27,69,70,13,23,72,29,24,11,65,43,74,42,36,60,38,4,7,5,1,52,64,34,68,22,39,73,62,6,12,71,58,67,41,37,17,46,35,16,32,55,2,48,18,31,20,10,19,50,54,30,33,9,40,3,53,75,8,57,21,28,66,51 3243.0 48.368 16.0
76,47,49,61,46,17,4,5,44,69,75,29,55,9,38,26,53,41,43,66,11,68,15,33,48,57,28,72,56,62,30,6,14,42,22,39,73,74,67,7,18,34,37,12,8,23,13,25,45,27,1,2,16,32,35,24,71,20,10,63,19,58,54,31,36,40,64,3,50,21,0,60,52,59,65,70,51 3209.0 61.992000000000004 12.0
76,47,49,61,4,46,17,13,15,34,36,38,45,44,22,27,69,26,24,41,43,66,11,68,29,50,57,28,72,56,62,30,6,14,42,55,39,73,74,67,7,18,5,37,12,8,23,25,0,64,1,2,16,32,35,58,21,31,20,10,63,19,48,54,71,33,9,40,3,53,75,60,52,59,65,70,51 3085.0 57.866000000000014 16.0
76,47,49,61,46,17,13,4,5,44,75,29,55,9,38,26,53,41,43,66,11,68,15,33,48,57,28,72,62,30,6,14,42,22,39,52,73,74,67,7,18,34,37,12,8,23,25,45,27,1,0,16,56,32,35,58,59,31,20,10,63,19,54,71,36,65,64,3,51,50,2,24,60,21,40,70,69 3056.0 61.32200000000001 14.0
76,47,49,61,67,39,13,5,46,58,44,69,75,43,16,14,70,26,37,41,29,71,11,48,15,33,36,12,72,56,62,34,6,32,2,73,63,9,7,65,45,38,42,74,25,55,27,4,52,17,22,64,24,59,23,1,18,31,20,10,35,19,50,57,54,0,68,60,3,53,40,8,30,21,28,66,51 3490.0 75.36200000000001 10.0
76,47,49,61,58,46,17,13,15,5,38,45,44,22,27,69,70,26,37,72,62,64,18,11,34,42,48,60,65,4,43,23,1,52,24,36,68,56,39,73,6,12,29,71,14,67,41,7,25,0,35,16,32,55,2,74,63,31,20,10,59,19,50,54,30,33,9,40,3,53,75,8,57,21,28,66,51 3197.0 51.61800000000001 13.0
76,47,49,61,13,46,17,20,4,38,0,21,60,35,27,69,70,23,53,41,28,66,11,68,15,33,48,57,2,5,62,50,6,9,42,22,39,73,58,44,30,56,75,72,12,8,67,25,26,29,1,16,32,55,59,18,40,71,31,34,10,63,19,64,54,45,43,52,36,7,37,74,65,3,24,14,51 3381.0 54.672000000000004 12.0
76,47,49,61,46,17,13,4,5,44,69,75,29,55,9,38,26,72,53,41,43,66,11,68,15,33,57,28,56,62,34,6,14,42,22,39,73,8,67,7,18,30,37,12,74,23,25,45,27,1,2,16,32,35,58,21,31,20,10,63,19,48,54,71,36,40,64,3,50,24,0,60,52,59,65,70,51 3416.0 53.19200000000001 12.0
76,47,49,61,46,17,4,5,44,21,69,75,29,55,9,38,26,53,41,37,43,45,66,11,68,15,33,57,28,72,56,62,34,6,64,23,73,63,25,7,74,52,12,71,65,67,13,31,39,32,59,35,16,0,27,2,48,18,24,20,10,58,19,50,54,30,42,22,40,3,70,1,8,36,60,14,51 3275.0 57.03800000000001 11.0
76,47,49,61,46,17,13,4,5,44,75,29,55,9,38,26,53,41,43,66,11,68,15,12,48,57,28,72,62,30,6,14,42,22,39,52,73,74,67,7,18,34,37,33,8,23,25,45,27,1,0,16,56,32,35,58,59,31,20,10,63,19,54,71,36,65,64,3,51,50,2,24,60,21,40,70,69 3190.0 74.90400000000001 12.0
76,47,49,61,4,46,17,13,15,34,36,38,45,44,22,27,69,26,24,41,43,66,11,68,29,50,57,28,72,56,62,30,6,14,42,55,39,73,60,67,7,18,5,75,12,8,23,25,0,20,1,2,16,32,35,58,21,31,64,10,63,19,48,54,71,33,9,40,3,53,37,74,52,59,65,70,51 3077.0 58.40200000000001 15.0
76,47,22,61,58,46,17,20,5,38,45,44,39,27,69,70,26,23,18,41,29,66,11,68,15,33,57,28,72,56,62,34,6,64,2,37,14,73,74,21,7,31,30,53,12,8,63,25,35,43,1,13,59,42,9,4,55,52,16,10,49,19,71,36,54,0,24,75,32,50,67,65,3,48,40,60,51 3232.0 48.728 17.0
76,47,49,61,58,46,17,20,5,38,45,44,56,27,69,70,26,72,41,29,11,66,68,15,2,57,37,31,62,34,23,75,6,9,42,22,39,73,74,21,7,18,53,12,8,13,25,35,43,33,67,59,1,64,4,36,48,16,14,60,10,63,50,54,55,52,32,40,3,71,65,19,0,30,28,24,51 3171.0 50.288000000000004 16.0
76,47,49,61,59,32,4,74,72,43,65,45,44,56,27,70,26,34,51,63,29,15,24,11,14,42,36,60,38,25,7,5,1,52,64,69,68,22,39,73,62,6,12,53,8,23,21,75,33,9,48,16,71,55,2,0,31,20,40,3,19,67,10,54,30,17,37,66,13,18,28,58,57,46,50,35,41 3259.0 49.2 15.0
76,47,49,61,46,17,13,4,5,44,75,50,29,55,9,38,26,24,41,43,66,11,68,15,33,48,57,60,72,56,62,30,6,14,42,52,39,73,74,67,7,18,34,37,12,8,23,25,45,27,1,0,16,32,35,58,59,31,20,10,63,19,54,71,36,65,64,3,51,53,2,22,28,21,40,70,69 3343.0 56.49800000000001 11.0
76,47,49,61,46,17,4,5,44,69,75,29,55,9,38,26,53,41,43,66,11,68,15,33,48,57,28,72,24,56,62,34,6,32,2,73,63,37,7,50,45,0,42,74,25,18,27,13,20,14,22,64,40,59,23,1,67,31,52,10,16,19,51,54,30,35,60,58,3,70,8,39,36,12,21,71,65 3206.0 62.160000000000004 12.0
22,12,57,9,0,49,36,34,19,47,10,24,67,43,69,74,44,32,20,7,55,37,71,65,16,29,21,14,23,62,51,3,6,54,66,42,39,8,18,28,76,61,38,64,15,50,53,26,4,11,1,13,40,17,70,52,48,73,72,25,59,31,68,30,60,2,33,41,5,63,58,75,35,27,45,46,56 3153.0 41.980000000000004 18.0
76,47,49,61,46,17,54,4,5,44,69,75,29,55,9,38,26,53,41,43,66,11,68,15,33,48,57,28,72,24,56,62,34,6,32,2,73,63,37,7,50,45,0,42,12,8,23,13,25,18,27,1,22,16,74,35,30,71,31,20,10,39,19,64,14,21,52,36,60,59,67,65,3,70,40,58,51 3186.0 78.73600000000002 13.0
76,47,49,61,46,17,11,58,5,44,69,20,29,45,56,38,26,72,70,41,27,66,68,15,2,57,37,31,62,34,23,75,6,9,42,22,39,73,74,71,7,18,53,12,8,13,25,35,43,33,67,30,1,64,4,55,14,28,10,63,19,24,50,54,51,36,16,48,40,21,0,60,52,59,65,32,3 3136.0 54.76000000000001 15.0
76,47,49,61,58,46,17,13,15,5,38,45,44,22,27,69,70,26,37,72,4,64,18,11,75,36,48,60,65,62,51,3,6,54,66,2,42,68,56,39,73,1,12,71,14,67,41,59,29,25,0,35,16,32,55,7,74,31,20,10,33,19,50,57,52,63,43,34,23,53,40,8,30,21,28,24,9 3295.0 48.32800000000001 16.0
#
0,18,40,19,71,51,30,41,66,39,72,1,69,7,32,4,16,9,38,22,54,33,36,5,57,73,75,11,23,31,24,37,76,63,56,67,29,61,70,26,34,58,62,12,21,6,2,20,28,60,35,52,46,47,27,64,53,8,15,49,50,45,13,65,42,43,59,44,14,68,25,3,17,48,10,55,74 3168.0 54.408000000000015 18.0
42,1,41,31,40,62,15,50,13,27,75,26,63,69,9,43,36,29,28,39,30,56,32,5,57,3,22,54,64,53,47,60,38,10,74,0,49,33,52,35,7,18,73,51,12,17,46,4,19,34,72,6,16,23,59,45,68,55,67,24,61,2,65,70,76,58,37,44,14,21,25,71,11,48,8,20,66 3063.0 82.164 21.0
37,1,41,31,40,32,76,74,4,18,75,72,63,69,9,56,36,71,19,33,30,23,73,5,57,24,22,54,67,39,51,55,38,7,16,0,29,61,70,26,34,58,62,12,21,6,2,20,28,60,35,52,46,47,27,64,53,8,15,49,50,45,13,65,42,43,59,44,14,68,25,3,17,48,10,11,66 3329.0 88.172 12.0
37,1,41,31,40,32,76,74,4,18,75,72,63,69,0,56,36,71,19,33,30,23,73,5,57,24,22,54,67,39,51,55,38,7,34,9,29,61,70,26,16,58,62,12,21,6,2,20,28,60,35,52,46,47,27,64,53,8,15,49,50,45,13,65,42,43,59,44,14,68,25,3,17,48,10,11,66 3396.0 71.722 12.0
75,38,69,49,3,36,4,30,12,43,33,2,29,10,27,54,31,26,5,13,50,62,57,71,53,39,41,59,32,61,35,63,6,74,0,7,20,51,64,55,23,18,73,9,24,17,46,47,19,34,72,60,28,56,22,67,68,1,66,52,48,45,65,37,70,76,58,44,14,21,25,15,11,40,8,42,16 3132.0 68.51200000000001 15.0
5,31,42,63,72,51,62,15,3,18,33,52,56,12,69,48,64,75,1,71,25,49,40,21,39,27,23,8,13,37,59,54,32,41,74,11,60,29,61,70,20,28,73,17,67,0,43,58,46,4,50,53,19,38,30,65,6,36,14,24,45,16,35,68,55,57,76,9,10,7,2,34,26,22,66,47,44 3379.0 89.434 11.0
20,18,40,19,71,51,30,41,27,39,72,1,69,7,32,4,16,9,38,15,54,33,36,5,57,73,75,11,23,31,64,12,48,35,56,67,10,14,2,26,50,42,28,13,21,62,45,0,47,53,63,52,46,6,49,60,24,22,66,68,61,55,65,70,76,58,37,34,29,74,3,8,59,43,17,44,25 3162.0 56.23200000000001 18.0
18,41,43,40,51,65,66,47,30,19,1,0,4,21,32,69,16,9,72,22,54,33,36,5,57,73,75,11,23,31,24,37,76,63,56,67,29,61,70,26,34,38,62,12,7,6,2,20,28,60,35,52,46,39,27,53,64,8,48,68,42,50,25,3,49,14,13,55,10,74,45,15,59,44,58,17,71 3205.0 53.90000000000001 20.0
0,18,40,19,71,51,30,41,66,39,72,1,69,7,32,4,16,9,38,22,54,33,36,5,57,73,75,11,23,31,24,37,76,63,56,67,29,61,70,26,34,58,62,12,21,6,2,20,28,60,35,52,46,48,27,64,53,8,15,49,50,45,13,65,42,43,59,44,14,68,25,3,17,47,10,55,74 3206.0 51.20800000000001 18.0
20,18,40,19,71,51,30,41,27,39,72,1,69,7,32,4,16,9,38,8,54,33,74,5,57,73,75,60,11,23,31,64,12,48,35,56,67,10,14,2,26,50,42,28,13,21,62,45,0,47,53,63,52,46,6,49,24,22,66,68,61,55,65,70,76,58,37,34,29,36,3,15,59,43,17,44,25 3216.0 49.760000000000005 17.0
20,18,40,52,71,51,46,41,48,47,30,3,72,0,69,4,16,9,38,15,54,33,36,5,57,73,75,11,23,31,53,59,42,34,56,67,10,14,2,26,32,27,28,13,21,62,45,7,39,1,35,19,50,6,49,60,24,22,66,68,61,55,65,70,76,58,37,63,29,74,64,8,12,43,17,44,25 3133.0 62.142 15.0
12,1,42,52,20,6,19,4,59,23,0,38,72,17,51,15,27,41,60,39,48,22,45,53,25,10,28,11,75,8,34,14,62,57,73,63,33,50,47,46,35,7,18,66,3,32,30,68,65,54,55,56,64,58,37,24,76,44,61,26,69,9,2,21,5,31,67,40,74,43,16,36,29,71,49,13,70 3202.0 70.32800000000002 13.0
12,1,42,52,20,6,19,4,59,23,0,38,72,17,51,15,27,41,39,48,33,36,5,25,10,28,11,75,8,34,14,62,57,73,63,22,50,47,46,35,7,60,18,66,3,32,30,68,65,54,55,56,64,58,37,24,76,44,61,26,69,9,2,21,53,31,67,40,74,43,16,45,29,71,49,13,70 3327.0 44.792 13.0
34,40,67,52,18,38,41,14,29,43,65,0,4,21,32,3,16,9,35,71,25,11,13,26,53,74,33,27,75,60,20,57,73,63,24,69,8,51,46,56,58,64,50,39,7,42,61,59,19,28,47,2,55,1,54,6,12,48,17,44,66,62,36,68,22,31,30,49,76,45,10,15,23,5,37,70,72 3295.0 51.330000000000005 15.0
20,18,40,19,71,51,30,57,41,27,39,72,38,69,7,32,4,16,75,1,42,54,33,36,5,73,9,11,23,31,64,12,48,35,56,67,10,14,2,26,50,15,66,13,21,62,45,0,47,28,53,63,52,46,6,49,24,22,74,68,61,55,65,70,76,58,37,34,29,8,3,60,59,43,17,44,25 3228.0 45.480000000000004 18.0
27,1,41,31,40,12,15,18,52,26,32,7,0,4,9,72,36,46,28,2,19,23,73,5,57,17,22,35,64,44,21,24,38,10,71,43,13,69,49,11,50,51,53,39,48,42,62,59,30,45,16,54,14,56,75,67,47,60,3,68,61,55,65,70,76,58,37,34,29,74,66,63,6,25,8,20,33 3273.0 52.232000000000006 16.0
20,18,40,52,71,51,46,41,48,47,30,3,72,0,69,4,16,9,38,15,54,33,36,5,57,73,75,11,23,31,53,59,42,34,56,67,10,14,2,26,32,27,28,13,21,62,45,7,39,1,35,19,50,6,49,60,24,22,66,68,61,17,65,76,37,70,58,12,29,8,25,43,64,63,74,44,55 3194.0 54.442 16.0
12,1,72,20,6,4,54,10,18,33,52,37,17,57,48,41,60,32,27,22,45,53,25,23,9,11,75,66,34,14,62,3,73,63,24,69,8,51,46,56,58,64,50,39,7,42,61,59,19,28,47,2,55,35,76,0,65,26,15,38,30,44,21,5,31,68,67,40,74,43,16,36,29,71,49,13,70 3138.0 56.88 15.0
42,1,41,31,40,62,15,50,13,27,75,26,38,69,7,32,4,16,39,18,20,54,33,36,5,73,9,11,23,19,64,12,48,35,56,67,10,14,2,72,57,30,66,71,21,51,45,0,47,53,63,52,46,6,49,24,60,22,28,68,61,55,65,70,74,58,37,34,29,76,3,8,59,43,17,44,25 3338.0 43.76 18.0
5,31,42,63,72,51,62,15,3,18,33,52,56,12,69,48,64,75,1,22,25,66,9,21,39,27,23,8,47,37,59,54,32,41,10,38,60,26,61,70,20,28,73,17,67,0,7,58,46,4,50,53,19,11,30,65,6,34,14,24,45,2,35,68,55,57,76,40,74,43,16,36,29,71,49,13,44 3271.0 57.952000000000005 13.0
1,73,40,19,62,35,67,41,38,37,28,60,4,8,11,69,16,9,30,2,17,57,21,39,53,18,27,32,61,42,63,6,74,0,7,20,51,64,46,56,5,66,71,52,36,55,65,72,58,24,29,50,3,23,47,33,34,26,48,68,31,12,25,70,49,14,13,75,10,76,45,15,59,43,54,44,22 3212.0 104.24800000000002 12.0
12,1,72,20,6,4,59,32,18,33,52,56,69,7,50,41,60,39,27,22,45,53,25,23,28,75,8,34,14,62,3,38,30,73,48,47,46,9,37,44,66,57,10,63,68,65,54,55,51,64,58,17,24,76,0,61,26,15,35,19,2,21,5,31,42,67,40,74,43,11,16,36,29,71,49,13,70 3090.0 64.08600000000001 18.0
#
21,75,44,47,39,73,46,6,15,64,35,48,53,45,12,17,40,55,16,38,72,19,1,28,8,63,61,65,2,10,31,68,60,36,58,49,66,71,56,24,59,27,57,43,42,5,7,41,37,9,69,22,3,18,29,32,0,54,26,13,20,14,50,30,25,34,33,74,11,62,67,4,52,76,23,70,51 3168.0 43.13600000000001 18.0
66,12,16,29,72,31,71,6,7,55,21,35,27,63,26,61,50,37,1,56,53,46,70,41,3,73,47,0,36,42,52,64,24,69,75,65,32,2,54,5,20,19,30,22,39,67,4,74,38,25,8,13,15,18,44,68,60,40,51,48,43,62,34,17,9,49,14,57,11,33,76,10,58,59,28,45,23 3129.0 47.660000000000004 14.0
66,12,16,29,72,31,71,6,61,14,26,35,13,44,7,37,1,56,15,70,58,53,11,39,10,51,0,36,17,43,73,24,69,75,65,27,3,32,5,34,19,30,54,22,2,23,67,4,74,38,46,68,9,18,48,63,49,60,40,47,20,33,52,21,64,42,8,55,41,57,59,50,62,25,76,28,45 3201.0 45.43200000000001 16.0
66,12,16,29,72,31,71,6,61,55,21,35,13,44,54,32,7,10,73,56,20,53,46,70,41,3,37,47,0,36,42,52,64,24,69,75,65,27,2,5,1,19,30,39,23,67,4,33,38,25,50,9,18,48,63,34,17,60,40,49,45,26,68,11,51,43,74,8,76,22,57,15,58,62,59,14,28 3033.0 65.64000000000001 18.0
66,12,16,29,55,31,53,6,21,14,26,35,50,25,7,15,20,1,56,3,71,48,11,19,10,47,0,36,17,43,73,72,69,75,65,27,2,54,5,33,30,22,39,23,64,4,18,38,44,58,68,9,74,76,63,49,60,40,51,70,13,61,46,57,8,52,24,41,37,42,34,32,62,67,59,28,45 3238.0 96.664 10.0
66,12,16,29,72,70,31,71,6,76,14,59,35,26,44,32,7,62,73,56,20,53,46,15,41,3,37,55,0,2,42,52,64,54,74,67,28,27,1,5,24,19,30,22,39,23,75,4,69,38,58,68,9,34,18,48,63,17,60,40,51,13,50,65,57,8,43,49,11,47,33,61,10,25,21,36,45 3080.0 63.21600000000001 15.0
66,12,16,29,72,26,45,14,31,76,71,59,35,13,44,61,50,10,5,56,53,58,70,41,3,37,47,0,28,42,52,64,24,69,75,65,27,39,1,34,19,30,54,22,2,23,67,4,74,38,46,68,9,18,48,63,49,60,40,51,20,33,43,21,73,17,25,8,55,11,57,15,7,62,32,6,36 3274.0 67.312 11.0
66,12,16,29,72,51,26,71,61,14,28,76,13,37,54,7,35,50,56,15,70,58,53,11,39,10,31,0,36,17,43,73,24,69,75,65,27,3,32,5,34,19,30,22,2,23,67,4,74,38,46,68,9,18,48,63,49,60,40,47,20,33,52,21,64,42,8,55,41,57,59,44,62,1,6,45,25 3172.0 54.016000000000005 12.0
66,12,16,29,72,31,71,6,7,73,21,35,27,63,26,61,50,37,1,56,53,46,70,41,3,55,47,0,36,42,52,64,24,69,75,65,13,2,54,5,20,19,30,22,39,67,4,74,38,58,68,32,18,48,44,8,60,40,51,15,43,62,34,17,9,49,14,57,11,33,76,10,25,59,28,45,23 3116.0 51.442 14.0
66,12,16,30,72,31,71,58,61,55,21,14,35,13,44,32,10,73,56,15,53,46,70,41,3,37,47,0,36,17,43,1,24,69,65,27,2,54,4,22,63,74,59,33,19,23,25,5,76,28,75,68,34,64,26,9,49,60,40,51,52,29,42,11,50,39,45,18,20,38,57,8,7,62,48,67,6 3280.0 63.760000000000005 11.0
66,12,16,29,72,31,67,6,74,14,59,23,13,75,62,50,37,1,56,71,58,70,41,3,33,47,38,28,42,52,43,73,69,46,65,27,2,54,4,22,63,61,21,24,19,44,5,30,10,53,68,9,34,40,48,35,49,60,18,51,20,39,7,64,36,26,8,55,11,57,76,17,25,15,0,45,32 3107.0 46.25600000000001 15.0
66,12,16,29,72,31,71,25,7,55,21,38,27,44,26,61,50,37,4,56,53,46,70,67,3,73,62,0,36,42,52,64,24,69,75,65,32,2,54,5,20,19,30,22,39,41,1,68,9,35,6,49,8,76,15,63,48,14,60,40,11,45,47,43,57,13,51,17,74,33,18,10,58,59,28,34,23 3145.0 54.712 13.0
66,12,16,29,72,31,76,49,21,14,26,35,50,44,7,37,15,20,1,56,58,71,48,11,40,10,47,0,36,17,43,73,55,69,75,65,67,3,32,5,34,19,30,22,2,23,27,4,74,60,64,9,61,62,25,53,6,38,39,51,70,13,68,46,57,8,52,24,41,42,33,54,59,18,63,28,45 3283.0 51.23200000000001 12.0
66,12,16,29,72,70,31,71,6,64,76,14,59,35,26,44,32,7,62,73,56,20,53,46,15,41,3,37,55,0,2,42,52,54,74,67,28,27,1,5,24,19,30,22,39,23,75,4,69,38,58,68,9,34,18,48,63,17,60,40,51,13,50,65,57,8,43,25,36,49,47,21,61,11,33,10,45 3055.0 56.376000000000005 16.0
66,12,16,29,72,51,26,71,61,14,28,76,13,37,54,7,35,50,56,15,70,58,53,39,10,31,0,36,17,43,73,24,69,75,65,27,3,32,5,34,19,30,22,2,23,67,4,74,38,46,68,9,18,48,63,49,11,60,40,47,20,33,44,64,42,21,8,55,41,57,52,1,62,25,59,6,45 3066.0 52.01600000000001 16.0
66,12,16,29,72,31,71,6,7,55,21,35,27,63,26,61,50,37,1,56,53,46,70,41,3,49,47,0,36,42,32,64,24,69,75,65,13,2,54,5,20,19,30,22,39,67,4,74,38,58,68,52,18,48,44,8,60,40,51,15,45,9,10,11,17,43,33,34,76,23,57,73,62,25,59,28,14 3132.0 84.86 13.0
46,12,16,69,72,31,71,42,19,59,23,74,28,50,32,7,30,73,56,33,20,53,66,38,67,3,37,61,0,36,34,52,64,24,39,75,2,26,27,54,5,45,14,29,55,41,1,68,35,6,49,8,76,15,18,48,63,17,60,40,51,13,43,57,11,65,22,10,58,70,47,4,62,9,21,44,25 3354.0 50.968 13.0
66,12,16,29,72,31,71,6,61,55,35,13,44,32,70,10,73,56,20,21,53,54,46,7,41,3,37,47,0,36,42,52,64,24,69,75,65,27,2,5,1,19,30,39,23,67,4,33,38,25,50,9,18,48,63,34,17,60,40,76,15,26,68,51,57,8,43,49,11,62,22,14,58,74,59,28,45 3003.0 56.760000000000005 19.0
66,12,16,29,72,31,59,6,7,55,21,35,27,63,26,61,50,37,1,56,53,46,70,41,3,73,47,0,36,42,52,64,24,69,75,65,32,2,54,5,20,19,30,22,39,67,4,74,38,25,8,13,15,18,44,68,60,40,51,11,43,62,34,17,9,49,14,57,48,33,71,76,23,58,10,28,45 3082.0 50.33800000000001 15.0
66,12,16,29,72,70,31,71,6,76,14,59,35,26,44,32,7,62,73,56,20,53,46,15,41,3,37,0,36,17,43,54,24,69,75,65,27,51,61,5,34,19,30,22,2,23,67,4,74,38,13,68,9,18,48,33,49,60,40,47,58,63,52,21,64,42,25,8,55,11,57,39,50,10,1,45,28 3066.0 49.576 17.0
66,12,16,29,72,31,67,6,74,14,59,23,13,75,62,50,37,1,56,71,58,70,41,3,33,47,38,28,42,64,43,73,69,44,65,27,39,32,5,34,19,30,54,22,2,35,53,4,61,0,46,68,9,18,48,63,49,60,40,51,20,10,24,21,52,17,8,55,11,57,26,15,7,25,76,36,45 3255.0 47.216 14.0
66,12,16,29,72,31,71,6,61,55,21,35,13,44,54,32,7,10,73,56,20,53,46,70,41,3,37,47,0,36,42,1,64,24,69,75,65,27,2,5,52,19,30,39,23,67,4,33,38,25,50,9,18,48,63,34,17,60,40,49,43,76,8,51,22,15,14,57,11,74,59,68,26,58,62,28,45 3097.0 47.828 17.0
66,12,16,29,72,59,45,14,31,76,71,35,26,44,32,7,62,73,56,20,53,58,70,41,3,37,47,0,28,42,52,64,24,69,75,65,27,39,1,34,19,30,54,22,2,23,67,4,74,38,46,68,9,18,48,63,49,60,40,51,5,33,43,21,10,17,25,8,55,11,57,15,61,50,13,6,36 3159.0 43.89000000000001 17.0
#
