# Problem = StaticVNFPlacementProblem
# Variables = 1
# Objectives = 3
98,6,3,43,67,18,77,82,69,37,61,113,91,25,1,62,110,22,87,39,10,85,31,38,100,109,93,34,49,60,83,120,48,92,8,29,36,42,122,71,65,111,24,68,35,74,19,0,4,79,95,11,116,64,30,23,32,112,86,17,114,51,20,41,117,106,123,73,53,7,78,105,118,81,89,15,14,2,44,21,102,5,52,119,12,63,45,50,94,70,76,54,16,90,84,9,121,99,88,115,55,46,47,26,101,103,40,28,57,124,80,108,59,72,66,96,75,104,58,107,56,13,27,33,97 5359.0 73.31 30.0
107,91,53,67,106,61,87,69,82,94,102,25,98,58,22,89,17,54,109,40,2,27,78,38,3,45,10,84,21,79,111,108,120,48,8,29,42,122,71,24,68,35,74,60,19,0,4,20,99,11,112,119,46,123,47,85,100,15,90,59,70,13,6,63,31,115,44,73,23,96,104,28,105,95,36,80,50,26,77,101,30,116,114,39,7,83,37,66,86,32,118,55,92,76,12,75,88,97,65,110,121,33,34,117,81,56,62,57,52,93,43,1,124,9,72,5,18,16,113,64,14,51,41,103,49 5720.0 116.30499999999999 19.0
18,91,59,84,56,61,37,97,6,115,43,112,25,121,16,36,103,87,39,32,10,85,31,38,100,109,93,8,34,49,111,108,120,48,29,42,122,71,24,22,68,35,74,60,19,0,4,79,95,11,116,64,30,118,92,54,55,17,114,2,20,41,117,106,123,73,53,7,51,105,23,81,26,89,15,14,96,44,13,21,102,58,52,119,45,77,50,94,107,63,88,124,5,12,104,40,99,47,66,113,62,90,46,86,28,80,70,110,65,1,67,69,9,101,98,27,76,72,75,83,3,78,33,57,82 4910.0 82.33 28.0
18,91,59,84,56,61,37,97,6,115,43,112,25,121,16,36,103,87,39,32,10,85,31,38,100,109,93,8,34,49,111,108,120,48,29,42,122,71,24,22,68,35,74,60,19,0,4,79,95,11,116,64,30,23,92,54,55,17,114,2,20,41,117,106,73,123,53,7,51,105,118,81,89,15,13,96,14,44,21,102,58,52,119,12,63,45,77,50,94,107,104,26,88,124,5,47,40,99,66,113,62,90,86,28,80,46,70,110,65,1,67,69,3,101,98,27,76,72,75,33,9,78,83,57,82 5175.0 73.565 28.0
18,91,59,84,56,61,37,97,6,115,43,45,25,121,16,11,103,22,87,39,10,85,31,38,100,54,109,93,34,49,111,108,120,48,8,76,42,122,71,65,24,68,35,74,60,19,92,0,4,79,36,116,64,30,23,32,112,86,17,114,51,20,117,106,123,73,53,13,7,78,105,118,81,89,15,14,2,44,21,102,41,52,119,12,63,50,94,58,95,88,104,26,107,124,5,47,40,99,77,66,62,90,46,55,28,80,70,110,1,67,69,9,82,113,98,27,29,72,75,83,3,96,33,57,101 5361.0 78.30000000000001 24.0
18,91,59,84,56,61,37,97,6,115,43,112,25,121,16,36,103,87,39,32,10,85,31,38,100,109,93,8,34,49,111,108,120,48,29,42,122,71,24,68,35,22,74,60,19,0,4,79,95,11,116,64,30,23,92,54,55,17,114,2,20,41,117,106,123,73,53,7,51,105,118,81,26,89,15,14,96,44,13,21,102,58,52,119,63,45,77,50,94,107,88,124,5,47,40,99,66,113,62,90,46,86,28,80,12,104,70,110,65,1,67,69,3,101,98,27,76,72,75,83,9,78,33,57,82 4908.0 82.95000000000002 27.0
18,91,59,84,56,61,37,6,115,43,112,25,121,16,36,103,87,39,32,10,97,85,31,38,100,109,93,8,34,49,111,108,120,48,29,42,122,71,24,68,35,22,74,60,19,0,4,79,95,11,116,64,30,118,92,54,55,17,114,2,20,41,117,106,123,73,53,7,51,105,23,81,89,15,14,96,44,13,21,102,58,52,119,12,63,45,77,50,94,107,26,88,124,5,47,40,99,104,66,113,62,90,46,86,28,80,70,110,98,1,67,69,3,101,65,27,76,72,75,83,9,78,33,57,82 5451.0 107.25100000000003 22.0
18,91,59,84,56,61,37,97,112,115,43,25,121,6,16,36,103,87,39,32,10,85,31,38,100,109,93,8,34,49,111,108,120,48,29,42,122,71,24,22,68,35,74,60,19,0,4,79,95,11,116,64,30,23,92,54,55,17,114,2,20,41,117,106,123,73,53,7,51,105,118,81,26,89,15,14,96,44,13,21,102,58,52,119,63,45,77,50,94,107,88,124,5,12,40,99,104,47,66,113,62,90,46,86,28,80,70,110,65,1,67,69,3,101,98,27,76,72,75,33,9,78,83,57,82 4930.0 78.42999999999999 28.0
#
33,80,51,52,56,97,38,95,25,75,7,91,63,21,88,110,124,31,117,37,29,68,86,54,48,93,92,0,111,67,74,46,36,107,1,15,9,85,113,105,69,50,35,55,42,24,123,26,45,61,17,43,84,4,72,112,16,94,122,62,96,58,121,23,90,3,109,53,20,59,30,8,102,73,2,14,83,11,34,101,44,18,27,118,120,19,100,47,82,108,5,114,89,115,81,87,119,78,60,71,12,99,39,40,41,103,66,22,106,98,57,79,28,104,65,64,6,13,10,32,49,76,77,70,116 4812.0 92.55399999999997 29.0
33,80,51,52,56,100,38,95,25,54,7,91,60,77,21,88,110,124,19,44,37,120,68,86,31,75,48,93,92,0,111,74,46,36,107,15,9,85,113,11,69,50,35,1,55,42,24,123,26,45,61,17,43,84,4,72,112,16,94,122,62,96,58,121,3,109,53,20,59,30,108,10,73,101,14,83,82,29,2,34,102,117,63,105,118,8,90,89,97,47,67,23,5,18,115,81,40,87,119,78,71,12,99,39,103,41,27,66,22,106,98,79,57,28,104,65,64,6,13,114,32,49,76,70,116 5291.0 71.61 27.0
33,80,51,52,56,97,38,95,25,75,7,91,63,21,88,110,124,117,37,29,86,31,68,54,48,93,92,0,111,67,74,46,36,107,1,15,9,85,113,105,69,50,35,55,42,24,123,26,45,61,17,43,84,4,72,112,16,94,122,62,96,58,121,23,90,3,109,53,20,102,30,8,59,73,2,14,83,11,34,101,44,18,27,118,120,19,100,47,82,108,5,114,89,115,81,87,119,78,60,71,12,99,39,40,41,103,66,22,106,98,57,79,28,104,65,64,6,13,10,32,49,76,77,70,116 4823.0 88.55399999999997 29.0
33,80,51,52,56,100,38,95,25,54,7,91,44,21,88,110,124,19,60,37,120,68,76,31,75,48,93,92,0,111,74,46,36,107,15,9,85,113,11,89,69,50,35,42,24,123,26,45,61,17,43,84,4,72,112,16,1,94,122,62,96,58,121,23,90,3,109,53,20,59,30,8,102,73,2,14,83,67,34,101,63,18,29,118,55,117,97,47,82,108,5,105,115,81,114,87,119,78,10,71,12,99,39,103,41,27,66,22,106,98,79,57,28,104,65,64,6,13,40,32,70,49,86,77,116 5324.0 71.038 22.0
33,80,51,52,56,97,38,95,25,75,7,91,63,21,88,110,124,117,37,29,68,31,86,54,48,93,92,0,111,67,74,55,36,107,1,15,9,113,105,69,50,35,85,42,24,123,26,45,61,17,43,84,4,72,112,16,94,122,62,96,58,121,46,23,90,3,109,53,20,102,30,8,59,73,2,14,83,11,34,101,44,18,78,118,120,19,100,47,82,108,5,10,89,115,77,40,87,119,60,71,12,99,39,27,41,103,66,22,106,98,57,79,28,104,65,64,6,13,114,32,49,76,81,70,116 5037.0 77.84999999999998 27.0
33,80,51,52,56,97,38,95,25,75,7,91,63,21,88,110,124,31,117,37,29,68,86,54,48,93,92,0,111,67,74,46,36,107,1,15,9,85,113,105,69,50,35,55,42,24,123,26,45,61,17,43,84,4,72,112,16,94,122,62,96,58,121,23,90,3,109,53,20,59,30,8,102,73,2,14,83,11,114,101,44,18,27,118,120,19,100,47,82,108,5,34,89,115,81,87,119,78,60,71,12,99,39,40,41,103,66,22,106,98,79,57,28,104,65,64,6,13,10,32,49,76,77,70,116 4836.0 106.20399999999998 28.0
33,80,51,52,56,97,38,95,124,25,75,7,91,63,21,88,110,117,37,29,68,86,31,54,48,93,92,0,111,67,55,74,36,107,1,15,9,85,113,69,46,50,35,42,24,105,123,26,45,61,17,43,84,4,72,112,16,94,122,62,96,58,121,23,90,3,109,53,20,102,30,8,59,73,2,14,83,11,34,101,44,18,78,118,120,19,100,47,82,108,5,10,89,115,81,40,87,119,60,71,12,99,39,103,41,27,66,22,106,98,79,57,28,104,65,64,6,13,114,32,70,76,77,49,116 4860.0 84.55399999999997 29.0
33,80,51,52,56,100,38,95,25,54,7,91,60,21,88,110,124,19,44,37,120,68,86,31,75,48,93,92,0,111,74,46,36,107,15,9,85,113,11,89,69,50,35,42,24,123,26,45,61,17,43,84,4,72,112,16,1,94,122,62,96,58,121,3,109,53,20,59,30,108,102,73,101,14,83,82,29,2,117,18,63,90,10,67,34,55,97,47,105,8,116,118,115,81,5,114,87,119,78,71,12,99,39,103,41,98,66,22,106,27,79,57,28,104,65,64,6,13,40,32,49,76,77,70,23 5293.0 82.10000000000001 24.0
33,80,51,52,56,97,38,95,25,75,7,91,63,21,88,110,124,117,37,29,86,31,68,54,48,93,92,0,111,67,74,84,36,107,1,15,9,85,113,105,69,50,35,55,42,24,123,26,45,61,17,43,4,72,112,16,94,122,62,96,58,121,46,23,90,3,109,53,20,59,30,8,102,73,2,14,83,11,34,101,44,18,78,118,120,19,100,47,82,108,5,10,89,115,81,40,87,119,60,71,12,99,39,27,41,103,66,22,106,98,79,57,28,104,65,64,6,13,114,32,49,76,77,70,116 4965.0 87.42599999999999 27.0
33,80,51,52,56,100,38,95,25,54,7,91,60,21,88,110,124,19,44,37,120,68,86,31,75,48,93,92,0,111,74,46,36,107,15,9,85,113,11,69,50,35,42,24,123,89,26,45,1,61,17,43,84,4,72,112,16,94,122,62,96,58,121,3,109,53,20,59,30,108,10,73,101,14,83,82,29,2,34,102,117,63,105,118,8,90,55,97,47,67,23,5,18,115,81,40,87,119,78,71,12,99,39,103,41,27,66,22,106,98,79,57,28,104,65,64,6,13,114,32,49,76,77,70,116 5197.0 76.61 28.0
33,80,51,52,56,97,38,95,25,75,7,91,63,21,88,110,124,117,37,29,86,31,68,54,48,93,92,0,111,67,74,46,36,107,1,15,9,85,113,105,69,50,35,55,42,24,123,26,45,61,17,43,84,4,72,112,16,94,122,62,96,58,121,23,90,3,109,53,20,59,30,8,102,73,2,14,83,11,34,101,44,18,78,118,120,19,100,47,82,108,5,10,89,115,81,40,87,119,60,71,57,99,39,27,41,103,66,22,106,98,79,12,28,104,65,64,6,13,114,32,49,76,77,70,116 4872.0 100.39399999999998 27.0
33,80,51,52,56,100,38,95,25,54,7,91,60,21,88,110,124,19,44,37,120,68,86,31,75,48,93,92,0,111,74,46,36,107,15,9,85,113,11,69,50,35,42,24,123,26,89,61,17,43,96,45,1,4,72,112,16,94,122,62,58,121,3,109,53,20,59,84,30,108,102,73,67,8,2,83,90,34,101,117,18,63,105,118,14,29,55,97,47,82,23,5,10,115,81,40,87,119,78,71,12,99,39,103,41,27,66,22,106,98,79,57,28,104,65,64,6,13,114,32,49,76,77,70,116 5200.0 73.036 28.0
33,80,51,52,56,100,38,95,25,54,7,91,60,21,88,110,124,19,44,37,120,68,86,31,75,48,93,92,0,111,74,46,36,107,15,9,85,113,11,89,69,50,35,42,24,123,26,45,61,17,43,84,4,72,112,16,1,94,122,62,96,58,121,3,109,53,20,59,30,102,73,67,8,2,83,90,34,101,117,18,63,105,118,14,108,29,55,97,47,82,23,5,115,81,114,87,119,78,10,71,12,99,39,103,41,27,66,22,106,98,79,57,28,104,65,64,6,13,40,32,49,76,77,70,116 5195.0 85.85000000000001 25.0
33,124,80,51,52,56,97,38,95,25,75,7,91,63,21,88,110,117,37,29,68,31,86,54,48,93,92,0,111,67,74,55,36,107,1,15,9,113,105,69,50,35,85,42,24,123,26,45,61,17,43,84,4,72,112,16,94,122,62,96,58,121,46,23,90,3,109,53,20,102,30,8,59,73,2,14,83,11,34,101,44,18,78,118,120,19,100,47,82,108,5,10,89,115,81,40,87,119,60,71,12,99,39,103,41,27,66,22,106,98,79,57,28,104,65,64,6,13,114,32,70,49,76,77,116 4874.0 80.55399999999997 28.0
#
12,79,121,42,102,9,116,124,11,85,104,20,30,57,16,25,89,59,7,106,22,4,18,69,76,112,33,29,53,97,114,93,82,58,6,44,92,81,108,110,46,80,120,55,14,37,119,62,87,78,90,91,61,88,19,8,43,3,17,50,63,100,109,113,15,52,2,1,47,123,75,0,105,73,51,84,34,35,5,74,38,98,40,94,54,70,26,118,24,101,21,86,36,115,83,56,66,117,23,27,49,60,39,45,96,103,99,72,67,28,31,13,65,71,107,111,68,10,32,122,41,48,77,64,95 5648.0 114.24600000000001 23.0
24,99,38,65,32,35,116,124,11,85,104,20,30,10,57,16,25,89,59,7,106,48,4,18,69,76,112,33,92,53,97,58,93,82,114,6,44,81,108,110,120,46,80,55,14,37,119,87,29,78,90,91,61,88,19,8,43,3,17,50,63,62,100,109,113,15,52,2,1,47,75,123,105,73,101,96,26,45,60,72,64,0,68,102,84,9,27,34,94,54,77,51,22,21,39,23,5,56,74,122,13,70,115,86,42,118,121,71,83,66,111,103,28,12,31,98,79,41,95,107,49,40,36,67,117 5145.0 74.35300000000001 28.0
24,99,38,30,65,32,35,116,124,11,85,104,20,10,57,16,25,89,59,7,106,48,4,18,69,76,112,33,53,97,58,93,82,114,6,44,92,81,108,110,46,80,120,55,14,29,37,109,119,87,78,90,91,62,51,61,88,19,8,43,3,17,50,63,100,47,15,52,2,1,113,75,123,105,73,94,96,26,60,72,64,68,102,9,27,34,101,54,77,84,0,22,28,21,39,23,74,5,122,13,45,70,115,86,42,118,121,71,79,98,66,111,103,83,12,31,41,95,107,49,40,56,36,67,117 5081.0 81.59300000000002 27.0
24,99,38,30,53,32,35,116,124,11,85,104,20,16,57,25,89,59,7,106,48,76,4,18,69,112,33,10,97,58,93,82,65,114,6,44,92,81,108,110,120,46,80,55,14,3,37,119,87,29,78,90,91,88,61,8,43,19,17,50,63,62,100,109,113,15,52,2,1,47,75,123,105,73,94,96,26,60,72,64,39,68,102,9,27,34,101,86,77,84,0,22,28,51,21,23,74,5,122,13,45,70,115,54,42,118,121,71,79,66,111,98,103,83,12,31,41,95,107,49,56,40,36,67,117 4922.0 73.153 30.0
24,99,38,65,32,35,116,124,11,85,104,30,97,10,57,16,25,89,59,7,106,48,4,18,69,81,76,112,33,53,20,58,93,82,114,6,44,92,108,110,46,80,120,55,14,37,119,87,29,78,90,91,3,61,88,19,8,43,17,50,63,62,100,109,113,15,52,2,1,47,75,123,105,73,94,96,26,60,72,64,51,68,102,84,9,27,34,101,54,77,0,22,28,21,39,23,5,56,74,122,13,45,70,115,86,42,118,121,71,83,66,111,103,12,31,79,98,41,95,107,49,40,36,67,117 5039.0 87.91500000000002 26.0
101,99,38,65,32,35,116,124,11,85,30,104,20,10,57,16,25,89,59,7,106,48,4,18,87,76,112,33,53,97,58,93,82,114,6,44,92,81,119,108,110,46,80,120,55,14,2,3,69,29,78,90,91,88,61,19,8,43,17,50,63,62,100,109,113,52,37,1,47,123,75,15,105,73,94,96,26,51,64,60,72,68,102,84,9,27,34,24,54,77,0,22,28,21,39,23,74,5,122,13,45,70,115,86,42,118,121,71,79,66,98,83,103,111,12,31,41,95,107,56,49,40,36,67,117 5341.0 78.19 26.0
24,99,38,30,65,32,35,116,124,11,85,104,20,57,16,25,10,89,81,59,7,106,48,4,18,69,76,112,33,53,97,58,93,82,114,6,44,92,108,110,46,80,120,55,14,3,37,119,87,29,78,90,91,88,61,19,8,43,17,50,63,62,47,109,113,15,52,2,1,100,75,123,105,73,94,96,26,60,64,51,68,72,102,9,27,34,101,86,77,84,0,22,28,74,39,23,21,5,122,13,45,70,115,54,42,118,121,71,79,66,98,83,103,111,12,31,41,95,107,49,40,56,36,67,117 4889.0 89.55300000000001 30.0
24,99,38,65,32,35,116,124,11,85,104,20,30,10,57,16,25,89,93,7,106,48,4,18,69,29,112,33,76,53,97,58,59,82,114,6,44,92,81,108,110,46,80,120,55,14,37,119,87,78,90,91,62,51,61,88,19,8,43,3,17,50,63,100,47,109,113,15,52,2,1,123,75,0,105,73,94,60,72,64,96,68,102,84,9,27,34,101,54,77,26,22,21,39,23,5,56,74,122,13,45,70,115,86,42,118,121,71,83,66,111,103,28,12,31,98,79,41,95,107,49,40,36,67,117 5086.0 86.193 26.0
24,99,38,65,30,32,35,116,124,11,85,104,20,93,57,16,25,89,59,7,106,48,4,18,69,76,112,33,53,97,58,10,82,114,6,44,92,81,108,110,46,119,80,120,55,14,37,3,87,29,78,90,91,88,61,8,43,19,17,50,63,62,47,109,113,15,52,2,1,100,75,123,105,73,94,96,26,60,72,64,51,68,102,9,27,34,101,54,77,84,0,22,21,39,23,56,74,5,122,13,45,70,115,86,42,118,121,71,79,98,66,111,103,83,12,31,41,95,107,49,40,28,36,67,117 4942.0 89.55300000000001 28.0
24,99,38,30,65,32,35,116,124,11,85,104,20,10,57,16,25,89,59,7,106,48,4,18,69,76,112,33,53,97,58,93,82,114,6,44,92,81,119,108,110,46,80,120,55,14,37,3,87,29,78,90,91,88,61,19,8,43,17,50,63,62,100,109,113,123,52,2,1,47,75,15,105,73,94,96,26,51,64,60,72,68,102,84,9,27,34,101,54,77,0,22,21,39,23,56,74,5,122,13,45,70,115,86,42,118,121,71,79,98,66,111,103,83,12,31,41,95,107,49,40,28,36,67,117 4943.0 84.55300000000001 28.0
24,99,38,30,65,32,35,116,124,11,85,104,20,10,57,16,25,89,59,7,106,48,4,18,69,76,112,33,53,97,58,93,82,114,6,44,92,81,108,110,46,80,120,55,14,37,29,119,87,78,90,91,62,51,61,88,19,8,43,3,17,50,63,100,47,109,113,15,52,2,1,123,75,0,105,73,94,60,72,64,96,68,102,84,9,27,34,101,54,74,26,22,21,28,39,23,77,5,122,13,45,70,115,86,42,118,121,71,79,98,66,111,103,83,12,31,41,95,107,49,40,56,36,67,117 4974.0 77.793 28.0
24,99,38,30,53,32,35,116,124,11,85,104,20,16,57,25,89,59,7,106,48,4,18,69,76,112,33,10,97,58,93,82,65,114,6,44,92,81,108,110,120,46,80,55,14,3,37,119,87,29,78,90,91,88,61,19,8,43,17,50,63,62,47,109,113,15,52,2,1,100,75,123,105,73,94,96,26,60,64,51,68,72,102,9,27,34,101,86,77,84,0,22,28,74,39,23,21,5,122,13,45,70,115,54,42,118,121,71,79,66,98,83,103,111,12,31,41,95,107,49,40,56,36,67,117 4898.0 81.55300000000001 30.0
#
102,88,62,104,49,120,108,1,66,121,73,55,119,117,42,29,2,45,81,95,52,106,24,34,37,115,107,8,0,122,28,118,111,3,97,78,77,10,110,84,113,32,6,50,86,15,116,54,109,20,58,93,75,57,82,19,4,85,23,11,7,80,101,70,100,43,83,38,87,103,9,64,26,124,105,67,46,61,5,96,123,72,18,47,92,71,99,35,76,16,22,59,41,48,74,27,91,33,114,21,68,14,12,40,25,63,39,17,30,56,36,90,65,13,44,79,53,60,69,94,51,98,112,31,89 4832.0 104.31500000000001 32.0
120,87,71,103,65,16,30,85,32,109,82,33,57,10,25,12,29,50,90,47,59,51,31,76,73,9,64,36,75,100,19,26,68,43,89,77,91,69,41,81,5,123,84,62,35,79,117,48,44,15,66,55,118,56,11,46,60,21,0,92,115,6,111,67,102,13,22,107,101,34,124,20,95,116,7,27,18,97,114,108,122,45,58,28,96,121,98,40,70,37,2,24,4,93,52,86,1,78,83,17,42,94,61,53,105,14,80,23,88,112,104,113,54,74,106,49,110,3,8,119,39,72,99,63,38 5523.0 76.88000000000001 26.0
113,103,57,109,71,105,83,39,10,99,88,106,20,104,17,40,12,49,50,70,47,80,4,51,31,76,73,9,64,8,75,28,19,26,68,43,89,77,91,3,41,81,5,123,84,62,35,42,93,48,44,15,66,55,118,24,11,46,16,92,0,21,115,6,111,67,102,13,107,101,34,124,95,116,7,27,18,97,114,108,122,45,58,52,112,1,22,61,25,72,32,78,14,85,29,94,2,54,74,33,96,98,117,82,86,63,100,87,30,56,36,90,65,59,79,53,60,69,38,23,120,121,119,37,110 5500.0 133.575 21.0
102,88,121,104,1,120,108,49,66,77,73,55,119,117,42,29,107,81,95,106,24,34,37,115,45,8,0,39,62,118,111,3,52,97,78,28,10,110,84,113,32,6,50,122,86,15,54,109,20,116,58,93,75,57,82,19,4,85,23,11,7,80,101,70,100,43,83,38,87,103,9,64,26,124,105,67,46,61,5,96,123,72,18,16,47,92,71,99,35,76,22,59,41,48,74,27,68,91,33,114,21,14,12,40,25,63,2,17,30,56,36,90,65,13,44,79,53,60,69,94,51,98,112,31,89 4989.0 98.67500000000003 31.0
102,88,121,104,1,120,108,49,66,77,73,55,119,117,42,29,107,81,95,115,62,106,24,34,37,45,8,0,122,39,118,28,3,52,97,78,10,110,84,113,32,6,50,109,15,116,54,86,20,58,93,75,111,57,82,19,4,85,23,11,7,80,101,70,100,43,83,38,87,103,9,64,26,124,105,67,46,61,5,96,123,72,18,16,47,92,71,99,35,76,22,59,41,48,74,27,68,91,33,114,21,14,12,40,25,63,2,17,30,56,36,90,65,13,44,79,53,60,69,94,51,98,112,31,89 4906.0 100.72399999999999 32.0
102,88,104,49,120,108,1,66,73,121,55,119,117,52,28,42,29,107,81,95,106,24,34,37,115,45,8,62,0,122,39,118,111,3,97,78,77,10,110,84,113,32,6,50,86,15,116,54,109,20,58,93,75,57,82,19,4,85,23,11,7,80,101,70,100,43,83,38,87,103,9,64,26,124,105,67,46,61,5,96,123,72,18,47,92,71,99,35,76,22,59,41,48,74,27,68,16,91,33,114,21,14,12,40,25,63,2,17,30,56,36,90,65,13,44,79,53,60,69,94,51,98,112,31,89 5099.0 107.826 26.0
102,88,62,104,49,120,108,1,66,121,73,55,119,117,42,29,33,107,81,95,106,24,34,37,78,115,45,8,0,122,39,118,111,3,97,10,52,110,84,113,32,6,50,86,15,116,54,109,20,58,93,28,75,57,19,4,85,7,23,11,80,16,101,70,100,43,83,38,87,103,9,64,82,26,124,105,67,46,61,5,96,123,72,92,18,41,47,71,99,35,76,22,48,74,27,44,68,91,77,114,21,14,12,40,25,90,2,17,30,56,36,63,65,13,59,79,53,60,69,94,51,98,112,31,89 5139.0 91.17399999999999 31.0
102,88,104,49,120,108,1,66,73,121,55,119,117,52,77,42,29,107,81,95,106,24,34,37,115,45,8,0,122,39,118,111,3,97,78,10,110,84,113,32,6,50,86,20,15,116,54,109,58,62,93,28,75,57,19,4,85,7,23,11,80,16,101,70,100,43,83,38,87,103,9,64,82,26,124,105,67,46,61,5,96,123,72,92,18,41,47,71,99,35,76,22,48,74,27,44,68,91,33,114,21,14,12,40,25,63,2,17,30,56,36,90,65,13,59,79,53,60,69,94,51,98,112,31,89 5134.0 96.04999999999998 26.0
#
72,84,38,64,19,114,67,93,60,123,41,9,122,94,52,3,62,25,73,40,85,74,36,104,113,88,117,70,77,108,63,115,55,80,66,21,111,48,1,10,12,53,69,91,110,31,23,0,99,75,5,59,43,2,105,22,18,28,100,51,8,101,82,106,17,89,76,121,58,24,83,13,50,86,16,49,109,30,39,27,95,46,57,90,120,42,35,87,79,92,98,4,34,124,37,11,33,54,116,65,44,61,47,78,103,45,102,6,32,107,118,15,14,71,56,29,81,119,96,26,97,68,112,7,20 4908.0 67.4 34.0
58,4,67,29,93,62,56,13,50,27,123,68,39,96,85,37,3,95,105,26,20,112,36,104,113,88,117,70,77,108,63,115,80,2,21,111,48,1,10,12,53,101,91,110,31,23,0,99,75,5,59,43,22,18,28,15,51,119,69,114,73,81,32,33,78,106,121,120,87,60,7,90,92,76,54,57,25,47,122,42,84,124,89,71,118,49,46,35,55,41,14,8,19,72,65,102,109,24,61,34,103,79,94,17,64,116,11,66,40,9,16,6,44,83,107,52,38,74,45,30,82,100,98,97,86 5751.0 140.90400000000002 22.0
72,84,38,64,19,114,67,93,60,123,41,9,122,94,52,3,62,25,73,40,85,74,36,104,113,110,117,70,77,108,63,115,45,80,2,21,111,48,1,10,12,53,69,91,88,31,23,0,99,75,5,59,43,66,105,22,18,28,100,51,8,101,82,106,17,89,76,121,58,24,83,13,50,86,16,49,109,30,39,27,95,46,57,90,120,42,35,87,79,92,98,4,34,124,37,11,33,54,116,47,65,44,61,78,103,55,102,6,32,118,15,14,71,56,29,81,119,96,26,97,68,112,7,107,20 4854.0 71.09 30.0
72,84,38,64,19,114,67,93,60,123,41,9,122,94,52,3,62,25,73,40,85,74,36,104,113,110,117,70,77,108,63,115,45,80,2,21,111,48,1,10,12,53,69,91,88,31,23,0,99,75,5,59,43,66,105,22,18,28,100,51,8,101,82,106,17,89,76,121,58,24,83,13,50,86,16,49,109,30,39,27,95,46,57,90,120,42,35,87,79,92,98,4,34,124,37,11,33,54,116,65,44,61,47,78,103,55,102,6,32,107,118,15,14,71,56,29,81,119,96,26,97,68,112,7,20 4869.0 70.33000000000001 33.0
72,84,38,64,19,114,67,93,60,123,41,9,122,94,52,3,62,25,73,40,85,74,36,104,113,110,117,70,77,108,63,115,45,80,2,21,111,48,1,10,12,53,69,91,88,31,23,0,99,75,5,59,43,66,105,22,18,28,100,51,8,82,106,17,24,89,76,58,101,83,13,50,86,16,49,109,30,39,27,95,46,57,90,120,42,35,121,87,79,92,98,4,34,124,37,11,33,54,116,65,44,61,47,78,103,55,102,6,32,107,118,15,14,71,56,29,81,119,96,26,97,68,112,7,20 4858.0 70.926 33.0
72,84,38,64,19,114,67,93,60,123,41,9,122,94,2,3,62,25,73,40,85,74,36,104,113,110,117,70,77,108,63,115,55,80,52,21,111,48,1,10,12,53,69,91,88,31,23,0,99,75,5,59,43,66,105,22,18,28,100,51,8,82,106,17,24,89,76,121,58,101,83,13,50,86,16,49,109,30,39,27,95,46,57,90,120,42,35,87,79,92,98,4,34,124,37,11,33,54,116,65,44,61,47,78,103,45,102,6,32,107,118,14,71,56,20,29,81,119,96,26,15,97,68,112,7 4891.0 68.11 30.0
72,84,38,64,19,114,67,93,60,123,41,9,122,94,52,3,62,25,73,40,85,74,36,104,113,110,117,70,77,108,63,115,55,80,2,21,111,48,1,10,12,53,69,91,88,31,23,0,99,75,5,59,43,66,105,22,18,28,100,51,8,101,82,106,17,86,89,76,121,58,24,83,13,50,16,49,109,30,39,27,95,46,57,90,120,42,35,87,79,92,98,4,34,124,37,11,33,54,116,65,44,61,47,78,103,45,20,102,6,32,107,118,15,14,71,56,29,81,119,26,97,68,112,7,96 4820.0 77.81 30.0
72,84,38,64,19,114,67,93,60,123,41,9,122,94,52,3,62,25,73,40,85,74,36,104,113,88,117,70,77,108,63,115,55,80,2,21,111,48,1,10,12,53,69,91,110,31,23,0,99,75,66,5,59,43,22,18,28,100,51,8,101,82,106,17,76,121,58,89,24,83,13,50,86,109,16,45,39,27,95,105,46,57,90,42,35,49,79,30,92,78,98,34,119,37,4,11,33,116,65,20,44,61,47,120,103,87,54,102,6,32,107,118,14,15,71,56,29,124,96,26,81,97,68,112,7 5162.0 75.654 26.0
72,84,38,19,66,67,93,60,123,41,9,122,94,52,3,62,25,73,40,85,74,36,104,113,88,117,70,77,108,63,115,55,80,2,21,111,48,1,10,12,53,69,91,110,31,23,0,99,83,75,5,59,43,89,22,18,28,100,8,101,82,64,106,17,51,105,76,121,58,24,114,13,50,86,16,49,109,30,39,27,95,46,57,90,120,42,35,87,79,92,98,4,34,124,37,11,33,54,116,65,20,44,78,47,103,45,61,102,6,32,107,118,15,14,71,56,29,81,119,26,97,68,112,7,96 5139.0 86.484 25.0
72,84,38,64,19,114,67,93,60,123,41,9,122,94,52,3,62,25,73,40,85,74,36,104,113,110,117,70,77,108,63,115,55,80,2,21,111,48,1,10,12,53,69,91,88,31,23,0,99,75,5,59,66,43,105,22,18,28,100,51,8,101,82,106,17,89,76,121,58,24,83,13,50,16,49,109,30,39,27,95,46,57,90,120,42,35,87,79,86,92,4,34,124,37,11,33,54,116,65,44,61,47,78,103,45,20,102,6,32,107,118,15,14,71,56,98,29,81,119,26,97,68,112,7,96 4876.0 79.73 29.0
#
54,38,112,80,61,120,115,40,12,124,15,109,67,2,89,83,51,45,31,99,68,88,107,41,26,59,64,3,113,56,0,48,62,57,81,8,53,25,10,91,94,28,102,73,87,117,4,18,86,32,29,60,77,5,92,114,123,39,13,84,46,110,58,1,36,104,49,69,76,63,95,97,100,34,30,75,103,101,71,119,44,74,85,79,6,33,55,9,66,108,121,118,24,82,122,37,111,7,22,105,35,23,65,21,116,90,16,96,19,14,20,47,43,78,106,50,42,11,93,72,52,70,17,98,27 5672.0 174.654 23.0
20,45,98,124,26,66,86,9,72,121,23,116,101,13,21,110,80,22,73,105,118,65,109,4,11,42,117,82,112,41,31,115,50,114,94,19,62,52,85,108,27,57,61,122,111,123,33,90,35,93,8,58,17,67,39,2,102,83,47,88,119,6,113,34,76,1,107,77,7,74,104,36,37,12,3,69,46,79,64,28,68,25,63,70,18,10,54,87,51,84,38,59,15,0,97,92,120,106,60,29,78,96,89,55,95,14,5,56,49,30,100,16,32,24,48,44,43,81,103,40,99,53,91,71,75 5414.0 79.61000000000001 26.0
20,45,98,124,26,66,86,9,72,121,23,116,101,13,21,110,80,22,73,105,118,65,109,4,11,42,117,82,112,41,31,115,67,50,114,94,19,62,85,108,27,57,61,122,111,123,90,35,93,33,8,52,58,17,39,2,102,120,47,88,119,6,113,34,76,14,1,107,77,7,74,37,104,36,12,3,69,46,79,64,28,83,68,25,70,51,10,54,87,84,38,59,15,0,97,92,63,106,60,29,78,96,89,55,95,18,5,56,49,30,100,16,32,24,48,44,43,81,103,40,99,53,91,71,75 4935.0 69.65 29.0
20,45,98,124,26,66,86,9,72,121,23,116,101,13,21,110,80,22,73,105,118,65,109,4,11,42,117,82,112,52,41,31,115,50,114,94,19,62,85,108,27,57,61,122,123,33,24,90,35,93,8,58,17,111,39,2,102,120,47,88,119,6,113,34,76,14,1,107,77,7,74,37,36,104,12,3,69,83,46,79,64,28,68,25,63,70,51,10,54,87,84,38,59,15,0,97,92,67,106,60,29,78,96,89,55,95,18,5,56,49,30,100,16,32,48,44,43,81,103,40,99,53,91,71,75 5020.0 69.26 28.0
20,45,98,124,26,66,86,9,72,121,23,116,101,13,21,110,80,22,73,105,118,65,109,4,11,42,117,82,112,41,31,115,50,114,19,62,52,85,94,108,27,57,61,122,111,123,90,35,93,33,8,67,58,17,39,2,102,120,47,88,119,6,113,34,76,14,1,107,77,7,74,37,104,36,12,3,69,46,79,64,28,68,25,83,70,51,10,54,87,84,38,59,15,0,97,92,63,106,60,29,78,96,89,55,95,18,5,56,49,30,16,32,24,48,44,43,81,103,40,99,53,91,100,71,75 4907.0 72.04999999999998 29.0
20,45,98,124,26,66,86,9,72,103,23,116,101,13,21,110,80,22,73,105,118,65,109,4,11,42,117,82,112,67,41,31,115,50,114,94,19,62,85,108,27,57,61,122,111,123,33,90,35,93,8,52,58,17,39,2,102,83,47,88,119,6,113,34,76,1,107,77,7,74,104,36,37,12,3,69,46,79,64,28,68,25,63,70,18,10,54,87,84,38,59,15,0,97,92,120,106,60,49,78,96,89,14,55,95,51,5,56,29,30,100,16,32,24,48,44,43,81,121,40,99,53,91,71,75 5308.0 81.83399999999999 24.0
20,45,98,124,26,66,86,9,72,103,23,116,101,13,21,110,80,22,73,105,118,65,109,4,11,42,117,82,112,52,41,31,115,50,114,94,19,62,85,108,27,57,61,122,111,123,33,90,35,93,8,58,17,67,39,2,102,83,47,88,119,6,113,34,76,1,107,77,7,74,104,36,37,12,3,69,46,79,64,28,68,25,63,70,18,10,54,87,84,38,59,15,0,97,92,120,106,60,49,78,96,89,14,55,95,51,5,56,29,30,100,16,32,24,48,44,43,81,121,40,99,53,91,71,75 5285.0 84.83399999999999 24.0
20,45,98,124,26,66,86,9,72,121,23,116,101,13,21,110,80,22,73,105,118,65,109,4,11,42,117,82,112,52,41,31,19,50,114,94,115,62,85,108,27,57,61,122,111,123,33,90,35,93,8,58,17,67,39,2,102,120,47,88,119,6,113,34,37,14,1,107,77,7,74,76,104,36,12,3,69,46,79,64,28,68,25,83,70,51,10,54,87,84,38,59,15,0,97,92,63,106,60,29,78,96,89,55,95,18,5,56,49,30,100,16,32,24,48,44,43,81,103,40,99,53,91,71,75 4958.0 61.45 29.0
20,45,98,124,26,66,86,9,72,121,23,116,101,13,21,110,80,22,73,105,118,65,109,4,11,42,117,82,112,41,31,115,50,114,19,62,52,85,94,108,27,57,61,122,111,123,33,90,35,93,8,58,17,67,39,2,102,120,47,88,119,6,113,34,76,107,1,14,77,7,74,37,36,104,12,3,69,46,79,64,28,68,25,83,51,10,54,87,84,38,59,15,0,97,92,63,49,60,29,70,78,96,89,55,95,18,5,56,106,30,16,32,24,48,44,43,81,103,40,99,53,91,100,71,75 4976.0 73.314 28.0
#
88,27,21,76,22,48,78,30,90,37,112,54,106,63,102,51,34,33,74,67,38,39,47,93,100,123,49,13,124,26,20,116,46,44,15,101,28,59,109,64,73,2,121,12,35,86,3,71,60,24,17,68,41,56,1,114,9,0,32,45,108,80,95,98,5,43,50,96,53,4,110,77,19,75,91,58,69,72,42,119,89,107,65,104,92,40,97,70,115,61,66,105,94,11,7,99,85,113,36,83,10,23,120,14,84,16,6,122,57,8,118,18,117,52,31,81,111,103,62,55,29,79,25,82,87 4911.0 76.96100000000001 29.0
88,27,21,76,22,48,78,30,90,37,112,54,106,63,102,51,34,33,74,67,38,39,47,93,100,123,49,13,124,26,20,116,46,44,15,101,28,59,109,64,73,2,121,12,35,86,3,71,60,24,17,68,41,56,1,114,9,0,32,45,108,80,95,98,5,43,50,96,53,4,110,77,19,75,91,58,69,72,42,119,89,107,104,92,40,97,70,115,61,66,105,94,11,7,99,85,113,36,83,10,23,120,14,84,16,6,122,57,65,8,118,117,31,52,18,55,25,81,111,103,62,29,79,82,87 4939.0 71.44 29.0
81,93,45,33,18,5,41,42,124,77,9,66,35,28,105,115,21,44,96,74,82,121,1,40,34,106,111,37,63,97,11,48,114,6,38,109,67,60,10,64,31,51,22,95,25,68,13,75,19,50,36,47,73,78,113,4,26,110,55,16,86,123,87,84,56,2,79,24,52,88,70,53,61,39,107,98,54,69,0,8,120,7,57,83,29,117,3,71,62,90,85,15,119,112,80,108,49,102,14,101,94,103,91,116,118,122,32,72,89,76,30,17,58,43,23,20,46,12,27,100,65,99,59,92,104 5860.0 113.612 22.0
88,27,21,76,22,48,78,30,90,37,112,54,106,63,102,51,34,33,74,67,38,39,47,93,100,123,49,13,124,26,20,116,46,44,15,101,28,59,109,73,2,121,12,35,86,61,24,71,60,3,68,17,41,56,1,114,9,0,32,45,108,80,95,98,5,87,50,96,52,110,53,77,19,75,91,103,69,72,42,119,89,107,83,92,40,84,70,115,64,66,57,94,11,7,99,85,104,113,36,62,10,23,120,14,97,16,6,122,105,65,8,118,117,4,31,81,25,55,111,58,18,29,79,82,43 5210.0 80.73600000000002 25.0
88,27,21,76,22,48,78,30,90,37,112,54,106,63,102,51,34,33,74,67,100,39,47,93,38,123,49,13,124,26,20,116,46,44,15,101,28,59,109,73,2,121,12,35,86,61,3,71,60,24,17,68,41,56,1,45,114,9,0,32,108,5,95,98,43,50,96,53,4,110,77,19,75,91,58,80,69,72,42,119,89,107,104,92,40,97,70,115,64,66,105,94,11,7,99,85,113,36,83,10,23,120,14,84,16,18,6,122,57,65,8,118,117,52,31,81,25,55,111,103,62,29,79,82,87 4962.0 79.16499999999999 27.0
88,27,21,76,22,48,78,30,90,37,112,54,106,63,102,51,34,91,74,67,38,39,47,93,100,123,49,13,124,26,20,116,46,44,15,101,28,59,109,73,2,121,12,35,86,61,3,71,60,24,68,17,41,56,1,114,9,0,32,45,108,80,95,98,5,43,50,96,53,4,110,77,19,75,33,58,69,72,42,119,89,107,104,92,40,97,70,115,64,66,57,94,11,7,99,85,113,36,83,62,10,23,120,14,84,6,122,105,65,16,8,118,117,52,31,81,25,55,111,103,18,29,79,82,87 5312.0 83.24999999999999 24.0
88,27,21,76,22,48,78,30,90,37,112,54,106,63,102,51,34,33,74,67,100,39,47,93,38,123,49,13,124,26,20,116,46,44,15,101,28,59,109,73,2,121,12,35,86,61,3,71,60,24,17,68,41,56,1,45,114,9,0,32,108,5,95,98,43,50,96,53,4,110,77,19,75,91,58,80,69,72,42,105,119,89,107,104,92,40,97,70,115,64,66,94,11,7,99,85,113,36,83,10,23,120,14,84,16,18,6,122,57,65,8,118,117,52,31,81,25,55,111,103,62,29,79,82,87 4951.0 79.361 27.0
88,27,21,76,22,54,48,78,30,90,37,112,106,63,102,51,34,33,74,67,38,39,47,93,100,123,49,83,124,26,20,116,46,44,15,101,28,59,109,73,2,121,12,35,86,61,24,71,60,3,68,17,41,56,1,114,9,0,32,45,108,80,95,98,5,43,50,96,53,4,110,77,19,75,91,58,69,72,42,64,89,107,66,92,40,84,70,115,13,57,94,11,7,99,85,113,36,104,62,119,10,23,120,14,97,16,6,122,105,65,8,118,117,52,31,81,25,55,111,103,18,29,79,82,87 5289.0 94.631 23.0
88,27,21,76,22,48,78,30,90,37,112,54,106,63,102,51,34,33,74,67,100,39,47,93,38,123,49,13,124,26,20,116,46,44,15,101,28,59,109,73,2,121,12,35,86,61,3,71,60,24,17,68,41,56,1,45,114,9,0,32,108,5,95,98,43,50,96,53,4,110,77,19,75,91,58,80,69,72,42,119,89,107,104,92,40,97,70,115,64,66,105,94,11,7,99,85,113,36,83,10,23,120,14,62,84,6,122,57,65,16,8,118,117,52,31,81,25,55,111,103,18,29,79,82,87 4942.0 90.561 27.0
#
41,107,88,114,24,15,70,43,25,14,79,33,89,16,102,5,115,37,84,96,0,40,111,83,123,116,44,81,73,71,92,13,8,85,105,30,2,53,110,108,65,52,59,51,46,19,121,36,55,32,57,4,47,91,31,82,119,35,10,98,45,103,124,42,7,72,61,11,80,90,104,48,74,66,22,117,23,93,54,1,63,6,113,17,78,76,21,100,50,26,87,106,75,39,77,60,94,62,112,109,86,28,97,38,99,12,67,9,3,34,95,20,101,118,18,56,120,68,49,27,58,69,122,29,64 5409.0 74.88000000000001 29.0
107,49,112,80,81,101,121,90,33,11,110,104,119,75,97,17,43,86,69,88,12,60,51,113,53,63,9,89,39,68,74,32,108,40,124,85,102,115,66,7,30,100,99,2,38,18,79,37,72,36,55,57,4,27,87,5,67,20,28,23,118,45,117,116,34,56,91,103,70,95,77,31,73,41,46,35,14,13,22,50,84,105,6,59,54,78,0,8,123,52,122,62,98,76,1,21,61,16,96,111,44,10,3,71,58,106,47,94,114,29,26,109,25,120,93,48,92,82,42,15,65,19,64,24,83 5667.0 104.98500000000001 21.0
68,1,76,66,0,73,100,70,38,84,75,104,40,83,119,71,118,20,53,14,27,46,41,43,34,120,122,48,81,98,17,45,24,88,13,124,22,102,65,56,108,52,59,51,3,19,36,55,57,32,121,4,47,91,31,82,39,35,10,105,103,92,42,7,72,61,80,90,33,106,79,74,114,117,23,11,93,54,107,63,6,113,5,78,8,21,89,50,85,26,87,15,16,2,99,60,94,77,62,112,109,86,28,97,25,12,67,9,123,95,37,101,115,18,96,116,111,69,110,30,58,49,44,29,64 5272.0 77.19400000000002 27.0
68,1,76,66,0,73,100,70,83,84,40,104,38,75,119,71,118,20,53,14,27,3,41,43,34,120,122,106,81,17,124,24,88,13,45,85,102,56,110,108,65,52,59,51,46,19,121,36,55,57,4,47,91,31,32,82,2,35,10,98,105,103,92,42,7,72,61,80,90,33,48,74,114,22,117,23,11,93,54,107,63,6,113,5,111,78,8,21,89,50,26,87,15,16,39,60,94,77,62,112,109,86,28,97,25,99,12,67,9,79,123,95,37,101,115,18,116,69,30,96,58,49,44,29,64 4922.0 97.12000000000002 30.0
68,1,76,66,0,73,100,70,38,84,40,104,83,75,119,71,118,20,53,14,27,41,43,34,120,122,106,81,17,124,3,24,88,13,45,85,102,56,110,108,65,52,59,51,46,19,121,36,55,57,32,4,47,91,31,82,2,35,10,98,105,103,92,42,7,72,61,11,80,90,33,48,74,114,22,117,23,93,54,107,63,6,113,5,78,8,21,89,50,26,87,15,16,39,77,60,94,62,112,109,86,28,97,25,99,12,67,9,79,123,95,37,101,115,18,96,116,111,49,30,58,69,44,29,64 4939.0 91.36000000000001 31.0
68,1,76,66,0,73,100,70,38,84,71,104,83,75,119,40,118,20,53,14,27,3,41,43,34,120,122,48,81,98,17,45,24,88,13,124,77,102,56,110,108,65,52,59,51,46,19,121,32,36,57,55,4,47,91,31,82,39,35,10,105,103,92,42,7,72,61,80,90,33,106,74,22,114,117,23,11,93,54,107,63,6,113,5,78,8,21,89,50,26,87,15,16,2,60,94,62,112,86,28,85,97,25,99,12,49,9,79,123,95,37,101,111,67,115,18,116,69,30,96,58,109,44,29,64 5276.0 105.34 25.0
68,1,76,66,0,73,100,70,38,84,71,104,83,75,119,40,118,20,53,14,27,46,41,43,34,120,122,48,81,98,17,45,24,88,13,124,22,102,65,56,108,52,59,51,3,19,36,55,57,32,121,4,47,91,31,82,39,35,10,105,103,92,42,7,72,61,85,11,80,90,33,106,74,114,110,117,23,93,54,107,63,6,113,5,78,8,21,89,50,26,87,15,16,2,77,60,94,62,112,109,86,28,97,25,99,12,67,9,79,123,95,37,101,115,18,96,116,111,49,30,58,69,44,29,64 5153.0 83.75 28.0
108,63,4,79,119,101,19,42,41,14,40,7,100,72,35,115,59,17,123,37,98,22,25,91,15,112,111,105,65,96,92,116,49,46,52,88,33,120,58,99,5,104,29,50,75,53,31,74,89,110,45,109,36,117,20,3,9,80,84,48,94,30,26,6,114,78,32,13,93,55,0,122,113,56,86,107,83,121,28,54,67,18,12,103,69,82,68,21,8,38,97,76,1,73,61,16,85,118,44,10,39,71,60,2,62,87,70,47,77,95,27,43,34,124,11,64,57,90,23,102,66,81,106,51,24 5486.0 87.24600000000001 24.0
68,1,76,66,0,73,100,70,83,84,40,104,38,75,119,71,118,20,53,14,27,3,41,43,34,120,122,106,81,17,124,24,88,13,45,85,102,56,110,108,65,52,59,51,46,19,121,36,55,57,4,47,91,31,32,111,82,2,35,10,98,105,103,92,42,7,72,61,80,90,33,48,74,114,22,117,23,11,93,54,107,63,6,113,5,78,8,21,89,50,26,87,15,16,39,60,94,77,62,112,109,86,28,97,25,99,12,67,9,79,123,95,37,64,115,18,96,116,69,30,58,49,44,101,29 4880.0 92.96000000000002 31.0
68,1,76,66,0,73,100,70,38,84,40,104,71,83,75,119,118,20,53,14,27,46,41,43,34,120,122,48,81,98,17,45,24,88,13,124,22,102,65,56,108,52,59,51,3,19,36,55,57,110,121,32,4,47,91,31,82,39,35,10,105,103,92,42,7,72,61,80,90,33,106,74,114,117,23,11,93,54,107,63,6,85,113,5,78,8,21,89,50,26,87,15,16,2,77,60,94,99,62,112,109,86,28,97,25,12,67,9,123,95,37,101,115,18,96,79,116,111,49,30,58,69,44,29,64 5085.0 85.75 30.0
68,1,76,66,0,73,100,70,38,84,71,104,83,75,119,40,118,20,53,14,27,46,41,43,34,120,122,48,81,98,17,45,24,88,13,124,64,102,65,56,110,108,52,59,51,3,19,121,32,36,55,57,4,47,91,31,82,39,35,10,105,103,92,42,7,72,61,80,90,33,106,74,114,117,23,11,93,54,107,63,6,85,113,5,78,8,21,89,50,26,87,15,16,2,77,60,94,99,62,112,109,86,28,97,25,12,67,9,123,95,37,101,115,18,96,79,116,111,49,30,58,69,44,29,22 5081.0 89.40500000000002 31.0
68,1,76,66,0,73,100,70,83,84,40,104,38,75,119,71,118,20,53,14,27,3,41,43,34,120,122,106,81,17,124,24,88,13,45,85,102,56,110,108,65,52,59,51,46,19,121,36,55,57,4,47,91,31,32,82,2,35,10,98,105,103,92,42,7,72,49,61,80,90,33,48,74,114,22,117,23,11,93,54,107,63,6,113,5,78,8,21,89,50,26,87,15,16,39,60,94,77,62,112,109,86,28,111,97,25,99,12,67,9,79,123,95,37,101,115,18,96,116,69,30,58,44,29,64 5083.0 95.99000000000004 27.0
68,1,76,66,0,73,100,70,83,84,40,104,38,75,119,71,118,20,53,14,27,3,41,43,34,120,122,106,81,17,124,24,88,13,45,85,102,56,110,108,65,52,59,51,46,19,121,36,55,57,32,4,47,91,31,82,2,35,10,98,105,103,92,42,7,72,61,11,80,90,33,48,74,114,22,117,23,93,54,107,63,6,113,5,78,8,21,89,50,26,87,15,16,39,77,60,94,62,112,109,86,28,97,25,99,12,67,9,79,123,95,37,101,115,96,116,111,69,18,30,58,49,44,29,64 4940.0 92.96000000000002 30.0
#
72,5,16,80,121,41,4,34,113,76,100,95,7,65,123,2,35,110,122,32,105,48,94,84,36,40,69,86,28,56,115,38,63,116,19,58,44,93,51,23,26,83,42,109,89,85,59,87,39,30,14,9,88,120,31,6,0,118,90,1,79,47,108,78,21,81,17,18,43,33,27,73,29,66,106,117,107,98,62,45,67,53,68,92,70,74,54,25,52,104,22,101,57,114,96,13,75,64,49,97,99,12,50,37,61,46,124,102,3,82,11,119,15,10,60,91,77,20,8,112,71,24,103,55,111 5019.0 71.24500000000002 27.0
85,6,112,1,86,14,7,0,107,34,23,42,90,5,111,43,109,35,95,113,116,108,63,78,44,79,18,70,47,39,65,59,19,24,27,122,81,66,87,98,16,100,21,103,26,83,84,58,55,69,51,105,110,41,32,94,30,4,56,2,31,93,123,36,117,118,76,88,89,120,106,73,9,115,29,101,28,62,45,67,53,68,92,48,74,54,25,52,104,22,57,114,96,61,72,13,75,64,97,99,49,12,50,37,46,33,124,102,3,82,11,119,15,60,10,71,77,91,20,8,80,17,40,38,121 5658.0 129.63900000000004 19.0
5,16,80,121,40,123,113,41,100,95,65,2,76,35,110,122,7,32,105,48,94,60,36,4,69,86,34,28,56,115,38,63,116,14,19,58,51,44,93,23,26,83,42,109,89,85,59,87,39,30,9,88,120,90,31,6,0,118,1,79,47,106,114,78,21,81,17,18,84,33,27,73,29,66,108,117,107,98,62,45,67,53,68,92,70,74,54,25,52,104,22,101,57,72,96,13,75,64,97,99,49,12,50,37,61,46,124,102,3,82,11,119,15,10,43,91,77,71,20,8,112,24,103,55,111 4613.0 78.72800000000001 31.0
5,16,80,121,40,123,113,41,100,95,65,2,76,35,110,122,7,32,105,48,94,60,36,4,69,86,34,28,56,115,38,63,116,14,19,58,51,44,93,26,83,89,42,109,85,59,23,87,39,30,9,88,120,90,31,6,0,118,1,79,47,108,78,29,81,17,18,84,33,27,73,21,66,106,117,107,98,62,45,10,53,68,92,70,74,54,25,52,104,22,101,57,114,96,72,13,75,64,97,99,49,12,50,37,61,46,124,102,3,82,11,119,15,67,43,91,77,71,20,8,112,24,103,55,111 4608.0 88.18 30.0
5,16,80,121,40,123,113,41,100,95,65,2,76,35,110,122,7,32,105,48,94,60,36,4,69,86,34,28,56,115,38,63,116,14,19,58,51,44,93,23,26,83,42,109,89,85,59,87,39,30,9,88,120,90,31,6,0,118,1,79,47,106,114,78,21,81,17,18,84,33,27,73,29,66,108,117,107,98,62,45,67,53,68,92,70,74,54,25,91,104,22,101,57,72,96,13,75,64,97,99,49,12,50,37,61,46,124,102,3,82,11,119,15,10,43,52,77,71,20,8,112,24,103,55,111 4638.0 74.04800000000002 31.0
5,16,80,121,40,123,113,41,100,95,65,2,76,35,110,122,7,32,105,48,94,60,36,4,69,86,34,28,56,115,38,63,116,14,19,58,51,44,93,23,26,83,42,109,89,85,59,87,39,30,9,88,120,90,31,6,0,118,1,79,47,21,108,78,81,17,18,84,33,27,73,29,66,106,117,107,53,62,45,67,68,92,70,74,54,25,52,104,22,101,57,114,96,98,72,13,75,64,97,99,49,12,50,37,61,46,124,102,3,82,11,119,15,10,43,91,77,71,20,8,112,24,103,55,111 4657.0 82.561 30.0
103,55,112,25,54,122,34,113,41,100,95,7,65,123,76,2,35,110,32,36,48,94,43,105,40,69,86,28,56,115,38,63,116,19,58,44,93,51,23,26,83,42,109,89,85,59,87,39,30,14,9,88,120,90,31,6,0,118,1,79,47,108,78,21,81,17,18,84,33,27,73,29,66,106,117,107,98,62,45,67,53,68,92,70,74,52,104,22,101,57,114,121,96,72,13,75,64,97,99,49,12,50,37,61,46,4,124,102,3,82,11,91,119,15,60,10,71,77,20,8,80,24,5,16,111 5410.0 95.35 23.0
5,16,80,121,40,123,113,41,100,95,65,2,76,35,110,122,7,32,105,48,94,60,36,4,69,86,34,28,56,115,38,63,116,14,19,58,51,44,93,26,83,89,42,109,85,59,23,87,39,30,9,88,120,90,31,6,0,118,1,79,47,108,78,29,81,17,18,84,33,27,73,21,66,106,117,107,98,62,45,67,53,68,92,70,74,54,25,52,104,22,101,57,114,96,72,13,75,64,97,99,49,12,50,37,61,46,124,102,3,82,11,119,15,10,43,91,77,71,20,8,112,24,103,55,111 4622.0 84.961 30.0
#
60,122,66,43,75,56,116,108,107,8,106,64,91,73,51,117,100,63,76,119,24,67,17,15,38,45,9,94,84,32,23,39,124,50,114,70,72,11,89,33,31,71,110,2,105,99,120,37,0,97,93,13,109,58,53,68,42,92,65,29,61,52,80,20,21,16,14,1,44,121,30,49,35,104,102,26,47,113,7,22,57,83,101,95,10,90,27,112,41,25,3,40,118,19,96,69,123,77,85,46,55,87,115,5,78,28,81,12,6,48,18,82,88,86,36,103,59,79,4,54,74,34,98,62,111 4951.0 72.966 29.0
103,88,63,48,6,24,7,104,20,54,87,66,78,60,116,13,5,106,59,19,11,65,79,124,53,33,2,31,107,50,94,26,3,77,122,51,22,15,12,27,4,105,58,98,114,9,117,99,120,37,0,1,30,41,109,52,101,68,111,92,32,29,61,36,73,25,89,40,123,97,75,71,74,113,83,108,118,16,70,100,119,14,57,121,96,90,84,80,91,46,10,28,72,55,49,38,115,44,8,112,45,76,86,39,110,102,69,67,18,42,95,56,81,64,82,23,17,21,35,85,93,43,62,47,34 5622.0 103.05 21.0
60,122,66,43,75,56,116,108,107,8,106,64,91,73,51,117,100,63,76,24,119,67,17,15,38,45,9,94,84,32,23,39,124,50,114,70,72,11,33,89,31,71,110,2,105,99,120,37,0,97,93,13,109,58,53,68,42,92,61,29,65,21,52,80,20,16,14,1,44,121,30,49,35,104,102,26,47,113,7,22,57,83,101,95,90,34,112,41,25,3,77,10,87,118,40,96,69,123,85,46,55,19,115,5,27,81,12,6,28,48,18,82,88,86,36,103,59,79,4,54,74,78,98,62,111 4763.0 95.35500000000002 28.0
60,122,66,43,75,56,116,108,107,8,106,64,91,73,51,117,100,63,76,119,24,67,17,15,38,45,9,94,84,32,23,39,124,50,114,70,72,11,89,68,31,71,110,2,105,99,120,37,0,97,93,13,109,58,53,33,42,92,65,29,61,21,52,80,20,16,14,1,44,121,30,49,35,104,102,26,47,113,7,22,57,101,95,10,90,34,112,41,25,3,83,19,118,55,96,69,123,77,85,46,40,87,115,5,78,28,81,12,6,48,18,82,88,86,103,36,59,79,4,54,74,27,98,62,111 4929.0 73.85000000000001 28.0
60,122,66,43,75,56,116,108,107,8,106,64,91,73,51,117,119,63,76,24,67,17,100,15,38,45,9,94,84,32,23,39,124,50,114,70,72,11,68,89,31,71,110,2,105,99,120,37,0,97,93,13,109,58,53,33,42,92,65,29,61,21,80,52,20,16,14,1,44,121,30,49,35,104,102,26,47,113,7,22,57,83,101,95,90,34,112,41,25,3,77,48,19,118,40,96,69,123,85,46,55,87,115,5,78,28,81,12,6,27,18,82,88,86,36,103,59,79,4,54,74,10,98,62,111 4791.0 89.33500000000001 28.0
60,122,66,43,75,56,116,108,107,8,106,64,91,73,51,117,63,76,119,24,67,17,100,15,38,45,9,94,84,32,23,39,124,50,114,70,72,11,33,89,31,71,110,2,105,99,120,37,0,97,93,13,109,58,53,68,42,92,61,29,65,52,80,20,21,16,14,1,44,121,30,49,35,104,102,26,47,113,7,22,57,83,101,95,90,34,112,41,25,3,77,48,19,118,40,96,69,123,85,46,55,87,115,5,78,28,81,12,6,27,18,82,88,86,36,103,59,79,4,54,74,10,98,62,111 4819.0 84.13500000000002 28.0
60,122,66,43,75,56,116,108,107,99,106,64,91,73,51,117,100,63,76,24,119,67,17,15,38,45,9,94,84,32,23,39,124,50,114,70,72,11,89,68,31,71,110,2,105,8,120,37,0,97,93,13,109,58,53,33,42,92,65,29,61,21,52,80,20,16,14,1,44,121,30,49,35,104,102,47,113,26,7,22,57,83,101,95,90,34,112,25,3,10,87,118,40,96,69,123,85,46,55,19,115,5,78,28,81,12,6,48,18,82,88,86,36,103,59,79,4,54,41,77,74,27,98,62,111 5440.0 89.30900000000001 25.0
60,122,66,43,75,56,116,108,107,8,106,64,91,73,51,117,100,63,76,119,24,67,17,15,38,45,9,94,84,32,23,39,124,50,114,70,72,11,89,33,31,71,110,2,105,99,120,37,0,97,93,13,109,58,53,68,42,92,65,29,61,52,80,20,21,16,14,1,44,85,30,49,35,104,102,26,47,113,7,22,57,83,101,95,10,90,27,41,25,112,3,40,118,19,96,69,123,77,121,46,55,87,115,5,78,28,81,12,6,48,18,82,88,86,36,103,59,79,4,54,74,34,98,62,111 5053.0 79.17 27.0
60,122,66,43,75,56,116,108,107,8,106,64,91,73,51,117,100,63,76,24,119,67,17,15,38,45,9,94,84,32,23,39,124,50,114,70,72,11,89,68,31,71,110,2,105,99,120,37,0,97,93,13,109,58,53,33,42,92,65,29,61,52,80,21,20,16,14,1,44,121,30,49,35,104,102,26,47,113,7,22,57,83,101,95,90,34,112,3,77,10,87,25,118,40,96,69,123,85,46,55,19,115,5,27,28,81,12,6,48,18,82,88,86,36,103,78,59,79,4,54,74,41,98,62,111 4767.0 92.67500000000001 28.0
60,122,66,43,75,56,116,108,107,8,106,64,91,73,51,117,100,63,76,119,24,67,17,15,38,45,9,94,84,32,23,39,124,50,114,70,72,11,89,68,31,71,110,2,105,99,120,37,0,97,93,13,109,58,53,33,42,92,65,29,61,21,52,80,20,16,14,1,44,121,30,49,35,104,102,26,47,113,7,22,57,83,101,95,90,34,112,25,3,77,10,87,118,40,96,69,123,85,46,55,19,115,5,78,103,81,12,6,41,48,18,82,88,86,36,28,59,79,4,54,74,27,98,62,111 4744.0 97.655 28.0
60,66,43,75,56,116,108,107,8,106,64,91,122,73,51,117,100,63,76,119,24,67,17,15,38,45,9,94,84,23,39,124,50,114,70,72,11,33,89,31,71,110,2,105,99,120,37,0,97,93,13,109,58,53,68,42,92,65,29,61,21,52,80,20,16,14,1,44,121,30,49,35,104,102,26,47,113,7,22,32,57,83,101,95,90,34,25,112,41,3,77,10,87,118,40,96,69,123,85,46,103,55,19,115,5,78,81,12,6,48,18,82,88,86,36,28,59,79,4,54,74,27,98,62,111 5023.0 102.33500000000001 25.0
60,66,43,75,56,116,108,107,8,106,64,91,73,122,51,117,100,63,76,24,119,67,17,15,38,45,9,94,84,32,23,39,124,50,114,70,72,11,89,68,31,71,110,2,105,99,120,37,0,97,93,13,109,58,53,33,42,92,65,29,61,21,52,80,20,16,14,1,44,121,30,49,35,104,102,26,47,113,7,22,57,83,101,95,90,34,112,41,25,3,77,10,87,118,40,96,69,123,85,46,55,19,115,5,27,28,81,12,6,48,18,82,88,86,36,103,59,79,4,54,74,78,98,62,111 4719.0 100.55500000000002 28.0
60,122,66,43,75,56,116,108,107,8,106,64,91,73,51,117,100,63,76,119,24,67,17,15,38,45,9,94,84,32,23,39,124,50,114,70,72,11,89,33,31,71,110,2,105,99,120,37,0,97,93,13,109,58,53,68,42,92,61,29,65,52,80,20,21,16,14,1,44,121,30,49,35,104,102,47,113,26,7,22,57,83,101,95,90,34,112,25,3,77,10,87,118,40,96,69,123,85,46,55,19,41,115,5,78,28,81,103,12,6,48,18,82,88,36,86,59,79,4,54,74,27,98,62,111 4781.0 104.33500000000002 26.0
#
