# Problem = StaticVNFPlacementProblem
# Variables = 1
# Objectives = 3
54,2,61,51,57,74,42,85,83,20,1,72,16,56,65,86,10,62,47,59,30,68,0,33,44,29,31,87,75,12,67,23,18,6,55,39,81,63,80,32,26,5,50,19,15,17,43,38,41,73,66,24,71,14,77,53,88,11,7,36,64,35,58,82,49,45,13,9,48,52,79,40,4,76,46,27,78,3,37,84,8,25,69,22,28,21,70,34,60 4381.0 74.27900000000001 14.0
88,2,35,19,57,74,11,85,26,82,1,50,16,45,65,80,24,36,29,6,55,68,5,33,61,47,63,3,40,72,18,56,58,59,49,43,66,28,86,34,83,67,12,51,4,30,78,21,60,52,54,10,17,41,75,42,81,20,73,62,23,44,0,53,71,38,31,9,15,7,79,77,48,76,46,27,39,87,37,84,8,25,69,22,13,64,70,32,14 4017.0 68.55 15.0
88,2,35,19,57,74,11,85,26,82,1,50,16,45,65,80,24,36,29,6,55,68,5,33,61,47,63,3,40,72,18,56,58,59,49,43,66,28,86,34,83,67,12,51,4,30,78,21,60,52,54,10,17,41,75,42,81,20,73,62,23,44,0,53,71,38,31,9,39,7,79,77,48,76,46,27,15,69,37,84,8,25,87,22,13,64,70,32,14 4022.0 67.99 15.0
45,66,59,81,74,55,80,78,27,7,85,83,32,48,33,37,2,13,51,42,50,10,38,87,40,30,0,39,56,6,58,17,36,31,43,49,77,86,57,44,19,75,22,68,18,65,23,53,60,52,54,79,29,41,26,16,82,63,21,76,28,35,69,62,3,84,70,1,71,64,12,11,20,73,15,8,88,25,46,72,9,24,34,14,47,67,4,61,5 4127.0 88.23000000000002 14.0
54,2,61,51,57,74,42,85,83,20,1,72,16,56,65,86,10,62,47,59,30,68,0,33,44,29,31,87,75,12,67,23,18,6,55,39,81,63,80,32,26,5,50,19,15,17,43,38,41,14,27,73,77,24,71,53,88,11,7,36,64,35,58,82,49,45,13,9,48,52,79,40,4,76,46,66,78,3,37,84,8,25,69,22,28,21,70,34,60 4412.0 73.23599999999999 14.0
45,77,36,14,74,79,11,78,27,1,48,53,38,58,61,49,41,5,37,73,55,71,87,67,32,51,23,54,46,18,16,42,30,13,75,63,29,43,3,17,59,25,39,85,40,10,35,15,84,88,66,24,60,44,47,52,4,86,34,68,62,81,57,31,65,7,56,2,12,22,83,20,50,82,9,64,70,6,72,76,33,80,19,8,0,26,21,69,28 3999.0 70.19000000000001 15.0
45,61,36,54,74,3,21,78,10,1,48,57,85,69,79,5,16,44,37,29,55,15,80,75,32,51,64,59,40,18,0,42,2,19,67,35,33,23,66,28,31,84,6,82,4,17,43,38,41,14,27,73,77,24,71,53,88,11,76,86,87,68,62,81,60,13,65,7,26,9,22,49,20,70,52,56,25,39,46,72,8,12,34,30,63,47,50,58,83 4115.0 65.89 15.0
78,0,85,58,34,40,86,45,81,9,59,39,38,47,17,24,4,37,55,44,87,7,57,77,74,10,2,32,42,31,51,61,6,66,48,19,30,43,13,52,49,75,22,68,18,65,23,53,60,56,54,79,29,41,26,16,82,63,21,76,28,35,69,62,3,84,70,1,71,64,12,11,20,73,15,8,88,25,46,72,50,33,80,27,83,14,67,36,5 3617.0 51.24 16.0
45,83,36,41,74,79,11,78,27,1,48,53,88,58,4,10,24,3,37,73,18,30,80,75,32,59,64,43,40,81,0,42,20,19,67,35,62,66,87,68,84,56,22,12,44,85,21,23,77,60,52,14,13,17,86,2,15,25,51,82,71,57,29,65,33,9,55,34,7,6,61,5,49,39,28,16,76,26,50,70,72,8,31,54,46,63,47,69,38 3897.0 75.92 15.0
#
69,22,80,0,52,72,6,3,35,54,23,19,59,77,38,7,49,41,8,25,73,5,42,40,29,62,78,12,51,57,16,79,48,21,2,74,56,11,65,15,34,63,53,82,46,81,67,83,28,87,60,13,43,30,85,50,4,66,37,10,61,31,44,26,32,18,24,84,71,20,33,86,36,76,55,75,45,14,64,1,17,68,39,9,88,47,27,70,58 3902.0 71.31 15.0
11,32,82,8,9,55,20,18,21,39,68,44,77,37,56,63,4,60,15,46,48,17,25,51,2,38,50,27,69,83,53,23,58,43,34,73,35,1,33,36,71,3,40,86,65,80,72,81,24,14,22,88,67,76,41,16,70,13,30,78,42,66,5,79,85,84,47,12,0,74,61,59,10,28,75,49,52,87,19,29,6,26,54,45,64,62,7,31,57 3683.0 71.31400000000002 19.0
11,32,72,8,9,55,20,18,17,39,68,6,77,37,56,63,4,88,15,60,46,48,21,25,51,2,38,34,27,69,83,53,23,58,43,50,35,1,33,36,71,73,3,40,86,65,80,81,67,82,0,14,22,24,76,41,16,70,13,30,78,42,66,5,79,85,84,10,59,74,61,12,47,28,75,49,52,87,19,29,44,26,54,45,64,62,7,31,57 3670.0 59.010000000000005 21.0
69,22,80,0,59,72,6,53,56,54,70,19,52,23,38,7,49,41,8,25,73,5,78,42,82,29,63,12,51,57,16,79,48,21,43,50,35,1,33,36,71,62,3,40,46,81,67,83,28,87,60,13,2,30,85,74,4,66,37,10,61,31,44,26,32,18,24,84,34,20,65,86,15,76,55,75,45,14,64,11,17,68,39,9,58,77,47,27,88 3836.0 91.2 15.0
15,24,82,12,9,20,18,79,68,8,77,42,67,0,21,4,11,48,39,45,17,25,51,2,38,22,34,84,69,83,53,23,58,3,50,73,81,1,33,36,71,76,40,86,65,80,62,35,32,87,60,13,43,30,85,61,10,44,88,55,27,26,78,37,54,63,46,41,5,74,19,59,47,28,75,49,52,14,70,29,6,56,16,66,64,72,7,31,57 3816.0 78.17999999999999 16.0
11,32,72,8,9,55,20,18,21,39,68,6,77,37,56,63,4,88,15,60,46,48,17,25,51,2,38,34,27,69,83,53,23,58,43,50,35,33,36,71,73,3,40,81,86,65,80,67,82,14,22,24,1,76,41,16,70,13,30,78,42,66,5,79,85,84,10,59,0,74,61,12,47,28,75,49,52,87,19,29,44,26,54,45,64,62,7,31,57 3728.0 53.07000000000001 19.0
11,32,72,8,9,55,20,18,21,39,68,6,77,37,56,63,4,88,15,60,46,48,17,25,51,2,38,34,27,69,83,53,23,58,43,50,35,1,33,36,71,73,3,40,86,65,80,81,67,82,14,22,24,76,41,16,70,13,30,84,42,66,5,78,52,85,10,12,0,74,61,59,47,28,75,49,79,87,19,29,44,26,54,45,64,62,7,31,57 3691.0 51.81 20.0
15,32,82,56,9,55,20,17,37,77,34,88,83,6,8,63,21,4,70,11,60,39,48,18,25,68,51,2,38,46,27,69,53,23,58,43,50,73,35,1,33,36,71,3,40,86,65,80,72,81,24,14,22,67,76,41,16,13,30,78,42,66,5,79,85,84,10,59,0,74,61,12,47,28,75,49,45,87,19,29,44,26,54,52,64,62,7,31,57 3984.0 70.52000000000001 15.0
4,31,0,24,36,39,6,34,9,55,84,46,32,18,58,52,23,48,2,78,28,81,73,51,59,5,19,82,61,56,1,60,40,42,79,37,20,88,62,71,12,53,25,49,68,87,11,21,57,74,30,8,72,10,64,26,29,65,67,33,70,7,38,17,83,16,14,35,85,45,15,13,77,69,3,76,75,50,44,22,43,63,47,54,27,41,80,66,86 4180.0 67.5 14.0
4,31,85,24,36,39,6,34,9,55,84,46,32,58,52,23,48,2,78,77,81,73,51,59,5,19,82,15,56,1,60,40,42,79,37,20,88,62,71,35,53,25,49,68,87,11,21,57,45,30,8,72,10,64,26,29,67,65,33,18,70,7,38,17,83,16,41,12,0,74,61,13,28,69,3,76,75,50,44,22,43,63,47,54,27,14,80,66,86 3927.0 65.12 16.0
11,32,82,8,9,55,20,21,39,68,63,77,37,56,4,60,18,6,15,46,48,17,25,51,2,38,88,27,34,69,83,53,23,58,36,50,73,35,1,33,43,71,3,40,86,65,80,79,81,24,14,22,67,76,41,10,16,70,13,30,78,42,66,5,84,72,85,59,0,74,61,12,47,28,75,49,52,87,19,29,44,26,54,45,64,62,7,31,57 3818.0 65.53 17.0
15,24,82,12,9,20,18,17,79,68,8,77,42,43,0,21,4,11,48,39,45,25,51,2,38,13,34,84,69,83,53,23,58,3,50,73,81,1,33,36,71,30,40,86,62,65,80,72,32,87,14,22,67,76,41,16,10,44,88,55,27,26,78,37,54,63,46,85,5,74,19,59,47,28,75,49,52,60,70,29,6,56,61,66,64,35,7,31,57 3869.0 107.75600000000001 14.0
69,22,80,0,59,72,6,3,35,54,70,19,52,23,38,7,49,41,8,25,73,5,78,42,40,29,62,12,51,57,16,79,48,21,2,74,56,11,65,15,34,63,53,82,46,81,67,83,28,87,60,13,43,30,85,50,4,66,37,10,61,31,44,26,32,18,24,84,71,20,33,86,36,76,55,75,45,14,64,1,17,68,39,9,58,77,47,27,88 3857.0 82.31 15.0
11,32,82,8,9,55,20,21,39,68,44,77,37,56,4,60,18,29,15,46,48,17,25,51,2,38,50,27,69,83,53,23,58,43,34,73,35,1,33,36,71,3,40,86,65,80,72,81,24,14,22,88,67,76,41,16,70,13,30,78,42,66,5,79,85,84,47,12,0,74,61,59,10,28,75,49,52,87,19,6,26,63,54,45,64,62,7,31,57 3771.0 63.81 18.0
15,32,82,56,9,55,20,18,88,77,34,44,35,6,8,0,21,4,11,60,39,48,54,25,7,51,2,38,3,27,69,83,23,58,43,50,71,46,1,33,36,73,53,40,86,65,80,72,81,24,14,22,67,76,41,16,70,13,30,78,42,66,29,79,85,84,12,63,74,61,59,47,28,75,49,52,87,19,5,10,37,26,17,45,64,62,68,31,57 3930.0 83.79 13.0
15,24,82,12,9,20,18,56,68,54,42,77,85,44,8,0,21,4,11,60,39,55,47,25,51,2,38,48,34,27,69,23,58,3,50,73,81,1,33,36,71,76,40,86,65,80,62,35,32,87,45,13,43,30,67,61,10,84,88,22,83,26,78,37,17,63,46,41,5,74,19,59,53,28,75,49,52,14,70,29,6,79,16,66,64,72,7,31,57 3756.0 73.75 18.0
44,32,43,8,9,55,20,81,21,39,68,6,77,37,56,63,4,88,15,60,46,48,17,25,51,2,38,34,27,69,83,53,23,58,72,50,73,35,1,33,36,3,40,86,67,80,82,18,24,71,87,22,65,76,41,16,70,13,30,78,42,66,5,84,79,85,10,12,0,74,61,59,47,28,49,75,45,14,64,29,11,26,54,52,19,62,7,31,57 3920.0 54.24 17.0
15,32,82,56,9,72,6,3,35,54,42,77,85,44,8,0,21,4,11,60,39,55,47,25,51,2,38,48,34,27,69,83,53,23,58,43,50,73,46,1,33,36,71,37,40,86,65,80,20,81,24,14,22,67,76,41,16,70,13,30,78,68,66,5,79,84,10,12,63,74,61,59,17,28,75,49,52,87,19,29,88,26,18,45,64,62,7,31,57 3893.0 80.25000000000001 15.0
69,22,80,0,52,72,6,3,35,54,23,19,59,77,38,7,49,41,8,25,73,5,42,40,29,62,78,12,51,57,16,79,48,21,2,74,56,11,65,15,34,75,53,71,46,81,67,83,28,87,60,13,43,30,85,61,10,44,88,55,50,66,33,68,64,36,70,14,31,82,20,86,47,76,4,63,45,84,32,1,17,26,39,9,37,18,27,24,58 3889.0 98.535 14.0
11,32,82,8,9,55,20,18,21,39,68,6,77,37,56,63,4,88,60,15,46,48,17,25,51,2,38,34,27,69,83,53,23,58,43,50,35,1,33,36,71,73,3,40,86,65,80,81,67,72,14,22,24,76,41,16,70,13,30,78,42,66,5,79,85,84,10,12,0,74,61,59,47,28,75,49,52,87,19,29,44,26,54,45,64,62,7,31,57 3775.0 51.470000000000006 20.0
15,24,82,12,9,20,18,17,79,68,8,77,42,67,0,21,4,11,48,39,45,25,51,2,38,22,34,84,69,83,53,23,58,3,50,73,81,1,33,36,71,76,40,86,62,65,80,72,32,87,60,13,43,30,85,61,10,44,88,55,27,26,78,37,54,63,46,41,5,74,19,59,47,28,75,49,52,14,70,29,6,56,16,66,64,35,7,31,57 3809.0 107.8 16.0
44,32,72,8,9,55,20,18,21,39,68,6,77,37,56,63,4,88,15,60,46,48,17,25,51,2,38,34,27,69,83,53,23,58,43,50,73,35,1,33,36,71,3,40,86,65,80,81,24,82,14,22,67,76,41,16,70,13,30,78,42,66,5,79,85,84,10,12,0,74,61,59,47,28,49,75,45,87,64,29,11,26,54,52,19,62,7,31,57 3719.0 68.76 19.0
11,32,82,8,9,55,20,21,39,68,63,77,37,56,4,60,18,6,15,46,48,17,25,51,2,38,88,27,34,69,83,53,23,58,1,50,43,35,33,36,71,73,3,40,86,65,80,81,67,72,14,22,24,76,41,16,70,13,30,78,42,66,5,79,85,84,10,59,0,74,61,12,47,28,75,49,52,87,19,29,44,26,54,45,64,62,7,31,57 3794.0 51.21 20.0
11,32,72,8,9,55,20,18,21,39,68,6,77,37,56,63,4,88,15,60,46,48,17,25,51,2,38,34,27,69,83,53,23,58,43,50,73,35,1,33,36,52,71,3,40,86,65,80,81,24,82,14,22,67,76,41,16,70,13,30,78,42,66,5,79,85,84,10,12,0,74,61,59,47,28,75,49,87,19,29,44,26,54,45,64,62,7,31,57 3679.0 54.980000000000004 20.0
11,32,18,8,9,55,20,82,21,39,68,6,77,37,56,63,4,88,15,60,46,48,17,25,51,2,38,34,27,69,83,53,23,58,43,50,35,1,33,36,71,73,3,40,86,65,80,72,81,24,14,22,67,76,41,16,70,13,30,78,42,66,5,79,85,84,12,0,59,74,61,10,47,28,75,49,52,87,19,29,44,26,54,31,64,62,7,45,57 3838.0 49.93 20.0
44,32,43,18,8,9,55,20,81,21,39,68,6,77,37,56,63,4,88,15,60,46,48,17,25,51,2,38,34,27,69,83,53,23,58,72,50,73,35,1,33,36,3,40,86,65,80,82,24,71,14,22,67,76,41,16,70,13,30,78,42,66,5,84,79,85,10,12,0,74,61,59,47,28,75,49,52,87,19,29,11,26,54,45,64,7,62,31,57 3815.0 51.60000000000001 18.0
15,24,62,12,9,20,35,79,68,8,77,42,67,0,21,4,11,48,39,45,17,25,51,2,38,22,34,84,69,83,53,23,58,76,50,73,81,71,1,33,36,3,40,86,65,80,82,18,32,87,60,13,43,30,85,61,10,44,88,55,27,26,78,37,54,63,46,41,5,74,19,59,47,28,75,49,52,14,70,29,6,56,16,66,64,72,7,31,57 3779.0 72.33000000000001 17.0
44,32,43,8,9,55,20,81,21,39,68,6,77,37,56,63,4,88,15,60,46,48,17,25,51,2,38,34,27,69,83,53,23,58,72,50,73,18,33,36,71,76,40,86,65,80,62,35,24,1,14,22,67,3,41,16,70,54,30,78,42,66,5,84,79,85,10,12,0,74,61,59,47,28,49,75,52,87,19,29,11,26,13,45,64,7,82,31,57 3943.0 61.530000000000015 16.0
15,32,82,8,9,83,20,18,21,46,68,6,77,37,56,63,88,4,11,60,39,55,47,25,51,2,38,48,34,27,69,53,23,58,43,50,73,35,1,33,36,71,3,40,86,65,80,72,81,24,14,22,67,76,41,16,70,13,30,78,42,66,5,79,85,84,10,59,0,74,61,12,17,28,75,49,52,87,19,29,44,26,54,45,64,62,7,31,57 3713.0 83.52 17.0
15,32,82,56,9,55,20,18,88,77,34,44,35,6,8,0,21,4,11,60,39,48,54,25,7,51,2,38,3,27,69,83,23,58,43,50,71,46,1,33,36,73,53,40,86,65,80,72,81,24,14,22,67,76,41,16,70,13,30,78,42,66,5,79,85,84,12,63,74,61,59,47,28,75,49,52,87,19,29,10,37,26,17,45,64,62,68,31,57 3931.0 82.79000000000002 13.0
15,32,82,56,9,55,20,17,37,77,34,88,58,6,8,63,21,4,11,60,39,18,25,68,51,2,38,46,27,69,83,53,23,43,48,50,73,35,1,33,36,71,3,40,86,65,80,72,81,24,14,22,67,76,41,16,70,13,30,84,42,66,5,79,85,78,10,59,0,74,61,12,47,28,75,52,87,19,49,29,44,26,54,45,64,62,7,31,57 3817.0 67.14999999999999 16.0
15,24,82,12,9,20,18,17,79,68,8,77,42,67,0,21,4,11,48,39,45,25,51,2,38,22,34,84,69,83,53,23,58,3,50,73,81,1,36,71,76,40,86,35,65,80,72,32,87,60,13,43,30,85,61,10,44,88,55,27,26,78,37,54,63,46,41,5,74,19,59,47,28,75,49,52,14,70,29,6,33,56,16,66,64,62,7,31,57 3586.0 77.06 19.0
15,32,82,56,9,55,20,77,37,34,17,88,1,58,6,8,63,21,4,11,60,39,18,25,68,51,2,38,46,27,69,83,53,23,43,48,50,73,35,33,36,71,3,40,86,65,80,72,81,24,14,22,67,76,41,16,70,13,30,84,42,66,5,79,85,78,10,59,0,74,61,12,47,28,75,52,87,19,49,29,44,26,54,64,45,62,7,31,57 3752.0 79.56 17.0
44,32,72,8,9,55,20,68,21,18,39,6,77,37,56,63,4,88,15,60,46,48,17,25,51,2,38,34,27,69,83,53,23,58,43,50,73,35,1,33,36,71,3,40,86,65,80,81,24,82,14,22,67,76,41,16,70,13,30,78,42,66,5,79,85,84,10,12,0,74,61,59,47,28,49,75,45,87,64,29,11,26,54,19,52,62,7,31,57 3758.0 68.76 18.0
#
16,67,30,51,9,56,8,70,53,13,17,58,14,60,27,4,88,62,82,22,85,33,66,76,46,81,83,55,11,86,0,47,3,29,23,32,57,19,43,7,45,25,41,59,63,65,38,26,77,44,37,15,71,36,12,54,28,48,42,52,87,40,72,34,80,10,78,39,21,74,84,35,1,79,2,6,75,20,73,68,24,61,5,64,50,49,18,69,31 3983.0 52.695 21.0
16,67,63,51,9,56,8,70,53,13,17,29,14,60,44,4,88,62,38,22,83,33,66,77,46,49,85,24,43,69,27,21,58,30,55,23,45,7,20,41,32,50,2,26,82,19,3,6,76,37,57,15,71,68,12,54,0,48,84,42,52,87,40,72,34,11,10,78,39,65,74,35,1,79,47,59,75,80,73,36,28,61,5,64,25,86,18,81,31 3966.0 54.18 17.0
5,55,60,54,4,67,82,48,18,19,70,10,7,29,69,15,85,14,8,40,32,33,74,25,45,64,22,47,66,86,30,3,0,23,77,52,36,2,62,31,42,51,1,43,63,65,38,9,44,80,24,35,58,88,73,16,6,21,83,75,41,17,37,53,56,13,46,76,11,27,49,39,59,12,78,34,20,71,57,26,87,72,61,84,50,79,68,28,81 3954.0 57.29600000000001 19.0
40,62,2,34,86,8,72,44,26,3,66,7,19,29,69,32,1,87,31,11,70,25,20,61,52,84,36,54,51,76,10,16,24,0,17,4,28,64,23,41,38,47,83,60,74,56,68,85,81,42,22,9,45,88,39,82,71,58,27,30,15,6,14,43,78,21,80,37,63,33,12,77,35,55,65,46,59,75,53,73,48,57,5,49,79,13,18,50,67 3853.0 56.616 20.0
4,5,41,28,66,88,8,70,32,40,30,22,11,14,64,31,74,65,36,62,60,12,9,81,15,69,85,17,75,49,44,78,0,23,77,52,45,2,87,63,42,51,19,43,20,68,25,46,82,27,59,38,56,54,61,71,84,7,24,86,37,6,3,72,34,83,10,29,39,33,58,35,1,79,47,26,21,80,53,73,57,13,67,18,50,16,48,76,55 3855.0 56.24 21.0
4,5,41,28,80,88,8,70,32,40,44,85,11,14,69,31,56,17,15,87,60,12,9,25,45,64,22,47,66,76,30,78,0,23,77,52,36,2,62,63,42,51,1,43,20,68,81,26,82,27,21,38,58,54,61,71,84,7,24,86,37,6,3,72,34,83,10,29,39,33,74,19,35,55,65,46,59,75,53,73,48,13,67,18,50,16,57,49,79 3837.0 60.45 17.0
73,44,86,43,35,78,11,18,6,81,1,64,32,85,26,41,80,50,79,70,21,55,66,5,84,36,54,51,76,10,16,24,0,17,28,37,45,23,19,38,8,83,65,60,74,57,68,42,49,9,53,3,58,39,82,71,59,27,30,72,87,14,29,7,25,69,22,63,75,12,31,77,46,4,15,20,40,33,34,52,56,48,47,61,13,62,2,67,88 3744.0 67.706 16.0
4,16,65,34,78,88,8,70,6,42,1,22,11,32,64,31,83,47,36,62,38,3,9,81,15,69,12,55,23,85,44,19,63,82,28,77,7,20,41,0,74,86,52,84,2,27,57,87,40,59,76,48,53,30,56,66,73,51,75,71,10,80,13,67,25,43,50,26,68,46,79,45,54,5,14,24,49,35,37,17,29,39,61,21,60,72,18,33,58 3610.0 78.23599999999999 18.0
73,49,10,35,21,62,64,87,0,40,32,4,68,43,72,74,76,20,66,85,8,82,65,17,81,3,22,23,60,18,78,50,24,86,51,75,14,47,2,80,45,25,41,59,63,33,38,77,26,44,37,15,71,36,12,54,28,48,42,34,55,52,19,29,53,30,84,1,79,39,13,6,7,27,83,57,70,67,16,88,11,61,5,9,58,69,46,31,56 4033.0 74.125 14.0
73,44,86,43,35,78,11,18,6,81,1,64,32,85,26,41,80,50,79,70,21,55,66,5,84,36,54,51,76,10,16,24,0,17,28,37,45,23,19,38,8,83,52,15,2,59,57,13,40,27,87,53,30,63,74,20,60,75,71,56,65,77,12,67,25,34,47,22,68,46,69,7,9,42,14,31,49,88,3,82,29,39,61,48,4,72,62,33,58 3705.0 62.07600000000001 21.0
4,16,65,34,78,88,8,70,6,42,1,22,11,32,64,31,83,47,36,62,38,3,9,81,15,69,12,55,23,85,44,19,63,82,28,77,7,20,41,0,74,86,52,84,2,27,21,87,40,59,76,48,53,30,56,66,73,51,75,71,10,80,13,67,25,43,50,26,68,46,79,45,54,5,61,14,24,49,35,37,17,29,39,57,60,72,18,33,58 3687.0 72.42 18.0
73,28,15,72,39,52,36,70,32,40,85,44,11,25,64,42,19,77,79,45,20,55,66,46,54,30,76,1,81,88,82,17,56,22,8,16,35,61,13,41,84,47,83,23,87,51,68,29,50,31,49,9,48,26,63,78,60,59,24,86,37,6,3,62,18,27,71,80,69,67,4,21,2,43,14,38,12,10,0,57,75,58,5,53,7,33,65,34,74 3895.0 93.519 14.0
16,67,19,33,29,56,83,20,53,40,75,22,11,86,77,7,81,63,36,15,84,28,9,65,69,52,37,85,5,6,27,21,58,57,55,23,62,17,87,31,47,2,64,4,49,74,38,0,51,43,32,54,71,45,12,66,76,48,8,42,3,70,13,78,34,68,10,44,39,18,24,35,1,79,41,59,26,82,73,14,46,61,80,50,25,60,72,88,30 4060.0 69.66400000000002 13.0
73,44,65,7,29,78,11,18,6,59,1,45,32,85,40,64,20,50,79,63,21,9,66,19,84,36,58,22,74,10,16,87,57,17,4,8,41,5,23,81,88,39,86,82,28,0,54,55,25,42,56,26,68,27,24,70,38,14,33,76,60,37,52,43,13,12,34,71,75,69,31,77,46,30,51,80,3,72,15,83,53,48,47,61,49,62,2,67,35 4037.0 103.824 13.0
73,44,86,43,35,78,11,18,6,81,1,64,32,85,26,42,19,77,79,70,21,55,66,5,84,36,54,51,76,10,16,24,0,17,28,37,45,23,80,38,8,83,65,60,74,57,68,41,49,9,53,3,58,39,82,71,59,27,30,72,87,14,29,7,25,47,22,15,34,46,69,67,75,13,50,31,40,88,52,2,12,63,61,48,4,56,62,33,20 3835.0 63.019999999999996 16.0
16,34,41,78,19,88,8,70,56,59,1,22,11,86,77,24,65,26,36,72,20,84,17,63,15,39,85,53,74,69,27,21,60,23,55,57,62,83,87,61,47,2,64,18,32,3,68,13,50,42,49,9,48,30,79,66,5,51,76,71,10,14,29,7,25,28,82,81,6,12,40,0,46,73,38,35,75,67,58,33,80,52,43,44,54,4,45,31,37 3809.0 64.17 15.0
4,16,65,34,78,88,8,70,6,42,1,22,11,32,64,31,83,47,36,62,38,3,9,81,66,69,12,55,23,85,44,30,48,82,28,77,7,20,41,0,74,86,52,84,2,27,21,87,40,59,76,63,53,19,56,15,73,51,75,71,10,80,13,67,25,43,50,26,68,46,79,45,54,5,61,14,24,49,35,37,17,29,39,57,60,72,18,33,58 3724.0 79.519 17.0
16,34,41,78,65,88,8,70,1,40,12,22,11,63,64,42,19,77,36,37,7,28,9,81,15,82,33,6,69,27,21,58,57,55,23,62,83,48,71,61,29,53,0,54,24,38,20,45,68,30,5,31,56,74,14,4,18,86,52,87,46,76,39,72,75,73,3,10,13,17,79,51,25,80,2,67,66,26,47,85,59,35,43,44,32,49,60,50,84 3849.0 61.55 15.0
16,34,41,78,19,88,8,70,40,42,1,22,11,86,77,7,81,63,36,15,84,28,9,65,69,52,37,85,5,6,14,21,58,57,55,23,62,17,87,31,47,2,64,4,32,49,74,38,0,29,76,48,53,30,82,71,59,27,45,66,10,24,13,67,25,43,50,26,68,46,79,75,54,33,51,80,3,72,60,83,73,39,61,12,35,20,18,56,44 3711.0 57.42000000000001 19.0
73,44,86,42,53,78,11,68,6,81,1,45,32,85,26,14,80,50,79,70,21,55,66,5,84,36,54,2,76,10,16,7,0,17,4,35,64,23,9,41,3,74,28,59,48,57,18,58,51,39,37,63,43,19,87,15,24,27,30,72,82,38,13,60,25,69,22,8,75,12,31,77,46,65,71,20,40,33,34,52,56,83,47,61,29,62,49,67,88 3994.0 85.68999999999998 14.0
64,15,24,17,32,5,52,84,14,13,11,47,63,67,2,9,40,36,79,70,21,38,66,77,54,69,85,55,23,49,44,19,29,82,28,37,45,7,20,58,3,30,71,35,68,83,27,76,51,73,10,41,25,72,22,78,60,8,80,61,43,86,6,56,42,87,34,53,62,59,33,81,26,65,4,12,39,74,48,75,0,46,88,18,50,16,57,1,31 3616.0 75.735 20.0
#
64,73,19,2,7,81,5,59,4,36,9,48,40,63,85,58,10,55,11,6,18,70,76,42,34,80,60,71,72,23,27,44,26,87,78,33,22,43,49,1,57,41,3,35,83,25,69,67,75,46,15,47,61,86,54,8,0,14,31,65,24,28,79,45,74,32,56,52,84,77,66,50,12,17,21,53,82,13,39,30,51,20,29,88,68,37,62,16,38 3914.0 53.910000000000004 22.0
4,9,15,39,59,1,70,72,26,37,78,53,76,45,87,63,41,27,5,36,80,62,3,69,85,46,47,29,86,19,17,84,77,30,57,61,81,67,11,43,58,8,12,38,34,83,40,23,50,44,54,68,16,55,51,28,66,42,60,2,22,73,21,33,24,75,65,88,31,7,49,25,10,71,13,64,32,74,0,14,56,48,6,82,18,52,35,79,20 3706.0 60.405 22.0
29,88,2,41,18,28,37,68,59,36,69,25,51,16,34,4,74,84,0,6,87,48,60,66,71,22,70,31,11,39,77,15,26,61,64,12,33,57,50,67,9,20,45,44,58,40,81,5,30,3,75,62,54,27,23,46,32,7,86,55,65,56,13,73,49,63,52,85,43,53,38,24,21,17,19,80,1,79,10,72,35,47,42,83,14,82,76,8,78 3832.0 65.05 17.0
73,72,54,77,1,8,38,11,51,76,23,78,30,19,39,80,9,83,32,85,35,22,17,21,68,61,40,13,3,31,50,59,20,79,18,66,5,49,53,46,26,81,34,84,52,45,65,47,29,64,63,55,24,2,44,33,41,28,58,43,42,86,62,16,75,12,88,70,7,36,25,10,67,27,37,15,74,4,0,14,56,48,6,82,69,87,71,57,60 3980.0 91.02000000000001 12.0
73,72,54,77,1,8,38,11,51,33,23,78,30,19,39,9,83,85,32,0,18,61,40,16,81,26,34,63,46,22,12,52,41,2,50,15,36,62,28,43,3,44,67,70,53,59,47,29,64,17,80,55,24,20,13,76,79,66,58,21,42,86,45,68,75,65,88,31,7,49,25,10,84,27,37,5,74,4,35,14,56,48,6,82,69,87,71,57,60 3893.0 96.24000000000001 13.0
73,39,36,62,2,81,5,23,38,68,21,74,0,15,43,72,54,3,11,18,40,83,4,16,20,56,47,48,34,63,59,86,7,12,50,77,60,87,53,67,8,9,26,37,27,76,25,69,6,75,46,58,80,61,35,10,1,49,14,31,65,24,28,79,45,33,32,70,52,84,78,66,22,41,17,57,85,30,64,71,19,13,82,42,88,44,29,51,55 3702.0 66.67 21.0
64,73,19,2,17,81,82,59,4,14,9,48,40,63,15,58,8,61,75,6,18,70,76,42,34,80,60,71,72,23,27,44,26,87,78,33,62,43,49,1,57,41,3,13,83,25,69,5,11,54,53,16,55,51,28,10,46,36,37,65,24,0,79,88,74,32,56,21,84,77,66,50,12,7,47,86,67,35,39,30,68,20,29,45,31,85,22,52,38 3752.0 60.47 19.0
72,45,29,26,62,7,24,18,35,36,77,87,42,51,21,54,49,13,82,58,16,64,79,38,8,61,75,34,12,60,15,40,85,84,28,47,73,81,66,65,63,19,10,4,5,80,48,55,70,74,46,11,76,68,1,22,27,17,88,0,69,33,86,2,23,20,57,31,43,14,9,67,41,83,25,32,6,37,59,44,56,78,50,71,3,52,39,53,30 3708.0 62.17 20.0
73,72,54,77,1,8,68,11,51,33,23,28,30,19,39,9,83,85,32,0,49,22,18,38,82,61,10,3,31,12,70,52,41,50,15,36,62,78,43,46,44,67,2,53,59,47,29,64,17,80,55,24,20,13,76,79,66,58,16,42,86,45,81,75,65,88,26,34,21,25,63,84,27,37,5,74,4,35,14,56,48,6,7,40,69,87,71,57,60 3651.0 69.0 19.0
73,72,48,31,1,8,38,11,66,23,2,58,30,19,39,78,9,29,86,51,42,43,28,15,82,79,40,54,3,12,88,59,16,14,46,13,44,49,53,18,26,81,34,84,52,45,61,5,25,83,60,64,63,62,47,10,22,6,56,36,55,21,33,24,75,27,35,70,0,69,67,7,80,4,20,85,32,17,68,87,77,37,57,41,50,71,76,74,65 4143.0 64.23 13.0
73,72,80,77,50,12,39,3,11,22,76,10,69,42,51,21,54,19,13,82,46,16,35,79,38,8,48,68,49,60,15,20,85,75,4,28,1,5,36,62,2,59,63,44,66,70,53,27,14,81,55,24,52,34,7,25,18,58,78,67,86,88,17,0,23,56,65,43,31,45,26,30,29,84,83,6,64,32,40,33,9,71,41,74,61,87,37,57,47 4060.0 71.33 12.0
73,39,36,62,2,81,5,23,38,68,21,74,0,15,43,72,54,3,11,18,40,83,4,16,20,56,47,48,34,63,59,86,7,12,50,77,60,87,53,67,8,9,26,37,27,76,25,69,14,75,46,58,80,61,35,10,1,55,6,31,65,24,28,79,45,33,32,70,52,84,78,66,22,41,17,57,85,30,64,71,19,13,82,42,88,44,29,51,49 3742.0 60.220000000000006 22.0
73,72,48,31,1,8,38,11,66,23,2,58,30,19,39,78,9,29,86,51,42,43,28,15,82,79,40,54,3,12,88,59,16,14,13,44,49,53,18,26,81,34,84,52,45,61,5,25,83,60,64,63,62,46,47,10,22,6,56,36,55,21,33,24,75,27,35,70,0,69,67,7,80,4,20,85,32,37,17,50,65,41,74,87,71,68,76,77,57 4081.0 64.43 14.0
73,47,80,77,53,85,39,29,11,25,76,10,41,42,51,21,54,70,86,24,58,31,9,78,38,63,36,79,28,3,48,71,12,52,1,83,68,56,61,55,5,45,64,66,8,19,50,59,72,49,35,17,33,82,74,69,44,26,15,46,62,34,13,27,60,18,22,4,16,81,67,7,23,30,14,37,65,20,75,0,88,2,43,6,32,84,87,40,57 3687.0 77.06900000000002 17.0
73,19,2,7,81,33,59,4,14,9,48,40,49,66,58,8,61,16,6,18,70,76,42,34,80,35,55,72,23,27,44,26,87,20,67,31,28,63,75,22,46,62,69,60,86,83,13,5,54,51,50,1,71,64,79,43,10,41,36,85,65,24,0,25,45,74,32,56,52,84,77,57,68,12,17,21,53,82,11,39,30,78,29,88,15,37,3,47,38 3720.0 57.3 23.0
73,72,27,77,1,8,38,11,20,25,23,48,39,19,16,9,83,76,31,78,22,33,21,82,61,88,7,14,70,49,12,52,41,2,50,15,18,17,34,43,63,44,67,59,53,5,47,69,68,81,75,84,55,51,28,10,46,36,85,65,24,0,79,45,74,32,56,4,62,13,60,26,30,29,3,54,6,64,42,40,35,71,58,86,80,87,37,57,66 3714.0 92.38 14.0
73,72,80,77,50,12,39,3,11,57,20,26,69,42,51,21,54,19,13,82,46,16,35,79,38,8,48,68,23,60,15,78,40,85,75,4,28,1,5,36,62,2,59,63,44,66,70,53,27,47,29,64,81,55,24,45,34,33,7,18,58,10,86,43,49,76,22,31,30,14,9,67,41,83,17,37,65,74,52,0,88,56,61,6,32,84,87,71,25 3919.0 72.60600000000001 14.0
73,20,67,72,7,71,87,25,77,39,76,41,42,51,21,54,19,13,82,46,16,9,79,38,8,48,68,23,3,70,0,80,12,52,33,44,53,15,75,66,2,81,45,18,83,56,29,43,85,50,10,69,28,49,88,78,24,61,4,1,27,32,14,62,26,65,40,74,47,17,59,31,37,63,11,84,22,6,60,35,30,86,64,55,5,36,57,58,34 3762.0 73.44900000000001 14.0
73,72,48,31,1,8,38,11,66,23,2,58,30,19,39,78,9,29,86,51,42,43,28,15,82,79,40,54,3,12,88,59,16,14,13,44,49,53,18,26,81,34,84,52,45,61,5,25,83,60,64,63,62,46,47,10,22,6,56,36,55,21,33,24,75,27,35,70,0,69,67,7,80,4,20,85,32,37,17,50,65,41,77,71,76,87,68,57,74 4116.0 70.046 13.0
73,72,48,31,1,8,38,11,66,23,2,58,30,19,39,78,9,29,86,51,42,43,28,15,82,79,40,54,3,12,88,59,16,14,46,13,44,49,53,18,26,81,34,84,52,45,61,5,25,83,60,64,63,62,47,10,22,6,56,36,55,21,33,24,75,27,35,70,0,69,67,7,80,4,20,85,32,37,17,50,65,41,74,87,71,68,76,77,57 4127.0 64.23 14.0
64,73,19,2,17,81,82,59,4,14,9,48,40,63,15,58,8,61,75,6,18,70,88,42,34,80,60,71,72,23,27,44,26,87,78,33,62,43,49,0,57,41,3,13,83,25,69,5,11,54,53,16,55,51,28,10,46,74,36,37,65,24,1,79,76,32,56,21,84,77,66,50,12,7,47,86,67,35,39,30,68,20,29,45,31,85,22,52,38 3782.0 65.235 18.0
73,20,4,72,7,71,87,25,77,39,76,41,42,51,21,54,19,13,82,46,16,60,79,38,8,48,68,23,3,70,0,80,12,52,33,44,53,15,75,66,2,81,45,18,83,67,29,43,85,50,10,69,28,49,88,78,24,61,56,1,27,32,14,62,26,65,40,74,47,17,59,31,35,63,11,6,30,84,9,37,22,86,64,55,5,36,57,58,34 3831.0 67.48500000000001 16.0
73,72,48,31,1,8,38,11,66,23,2,58,30,19,39,78,9,29,86,64,42,43,46,15,82,60,40,54,3,12,88,59,16,14,25,44,49,53,18,26,81,47,84,52,45,61,83,13,5,79,51,55,24,28,34,10,22,6,56,36,63,21,33,62,75,27,35,70,0,69,67,7,80,4,20,85,32,37,17,50,65,41,74,87,71,68,76,77,57 4053.0 70.89 13.0
73,72,80,77,50,12,39,3,11,57,36,26,63,42,51,21,54,19,27,82,2,16,35,79,38,8,48,68,23,28,15,59,18,14,81,84,44,49,53,20,22,46,62,69,60,86,83,13,5,47,29,64,75,55,24,45,34,33,7,40,58,10,66,43,1,76,78,31,30,85,9,67,41,70,17,37,65,74,52,0,88,56,61,6,32,4,87,71,25 3920.0 72.37500000000001 14.0
73,72,27,77,48,8,38,68,20,47,23,43,39,19,16,9,53,76,31,78,22,33,21,82,61,88,7,14,70,34,12,52,44,2,50,15,18,17,49,1,57,41,3,13,83,25,69,5,11,81,75,84,55,51,28,10,46,36,85,65,24,0,79,45,74,32,56,4,62,59,60,26,30,29,67,54,6,64,42,40,35,71,58,86,80,87,37,63,66 3927.0 92.61500000000001 13.0
73,72,15,59,18,8,54,63,86,5,31,4,67,19,39,51,9,68,70,16,50,12,34,64,81,40,48,14,21,71,23,27,44,26,87,33,22,43,1,57,41,3,13,83,76,25,69,6,75,78,46,58,80,61,35,10,36,85,65,24,0,79,45,74,32,56,52,84,77,66,82,30,62,53,17,38,47,88,29,49,2,37,11,42,28,55,7,20,60 3649.0 89.06500000000001 19.0
73,20,67,81,7,70,18,25,17,39,76,2,38,15,40,85,19,45,82,12,48,9,14,42,34,80,60,71,72,23,27,44,26,78,33,62,43,49,1,57,41,3,13,83,87,69,5,11,54,53,16,55,51,28,10,46,74,36,37,65,24,0,79,88,32,56,21,52,84,77,59,31,75,63,50,47,22,6,68,35,30,86,64,4,29,61,66,58,8 4041.0 79.72 13.0
73,72,54,1,8,38,77,11,51,33,23,78,30,19,39,9,83,85,32,0,18,61,35,16,81,26,34,63,46,22,12,52,41,2,50,15,36,62,28,43,3,44,67,70,53,59,47,29,64,17,80,55,24,20,13,76,79,66,58,21,42,86,45,68,75,65,88,31,7,49,25,10,84,27,37,5,74,4,40,14,56,48,6,82,69,87,71,57,60 3729.0 67.336 18.0
73,72,54,77,1,8,38,11,51,33,23,78,30,19,39,9,83,85,32,0,18,61,40,16,81,26,34,63,46,22,12,14,41,2,50,15,36,62,28,43,3,44,67,70,53,59,47,29,64,17,80,55,24,20,13,76,79,66,58,21,42,86,45,68,75,65,88,31,7,49,25,10,84,27,37,5,74,4,35,52,56,48,6,82,69,87,71,57,60 3723.0 85.11600000000001 16.0
73,72,7,11,59,17,22,25,77,39,76,41,69,42,51,21,32,19,63,82,46,16,35,79,38,8,48,68,49,23,15,20,85,75,4,28,2,87,36,66,53,81,45,18,83,67,34,43,44,50,10,9,33,84,88,78,12,61,56,1,27,80,14,31,65,5,70,0,86,62,13,60,26,30,29,3,54,6,64,40,52,24,71,55,74,58,37,57,47 3931.0 69.35000000000001 14.0
64,73,19,2,17,81,82,59,4,14,9,48,40,63,15,58,8,61,75,6,18,70,88,42,34,80,60,71,72,23,27,44,26,87,78,33,62,43,49,0,57,41,3,13,83,25,69,5,11,54,53,16,55,51,28,10,46,74,36,37,65,30,1,79,76,32,56,21,84,77,66,50,12,7,47,86,67,35,39,24,68,20,29,45,31,85,22,52,38 3856.0 55.055 15.0
73,72,80,77,50,12,68,39,3,11,22,76,10,69,42,51,21,54,19,13,82,46,16,35,79,38,8,48,49,60,15,20,85,75,4,28,1,5,36,62,2,59,63,44,66,70,53,27,14,81,55,24,52,34,7,25,18,58,78,67,86,88,17,0,23,56,65,43,31,45,26,30,29,84,83,6,64,32,40,33,9,71,41,74,61,87,37,57,47 4069.0 70.35 11.0
64,73,19,2,17,81,82,59,4,14,9,48,40,63,15,58,8,61,75,6,18,70,76,42,34,80,60,71,72,23,27,44,26,87,78,33,62,43,49,1,57,41,3,13,83,25,69,5,11,54,53,0,16,55,51,28,10,46,74,36,37,65,24,79,88,32,56,21,84,77,66,50,12,7,47,86,67,35,39,30,68,20,29,45,31,85,22,52,38 3732.0 60.47 20.0
64,73,19,2,17,81,82,59,4,14,9,48,40,63,15,58,8,61,75,6,18,70,76,42,34,80,60,71,72,23,27,44,26,87,78,33,62,43,49,1,57,41,3,13,83,25,69,5,54,53,16,55,51,28,10,46,74,36,37,11,65,24,0,79,88,32,56,21,84,77,66,50,12,7,47,86,67,35,39,30,68,20,29,45,31,85,22,52,38 3730.0 62.105 19.0
64,73,19,2,17,81,82,59,4,14,9,48,40,63,15,58,8,61,75,6,18,70,76,42,34,80,60,71,72,23,27,44,26,78,33,43,49,1,57,41,3,13,83,87,69,5,11,54,53,16,55,51,28,10,46,74,36,37,65,24,0,79,88,32,56,21,52,84,77,67,50,12,7,47,86,66,35,39,30,68,20,62,29,45,31,85,22,25,38 3792.0 56.939 18.0
#
29,58,82,6,35,88,26,38,8,13,50,34,64,63,80,33,79,20,71,9,1,27,0,45,16,61,83,10,15,41,46,44,52,28,11,51,72,60,69,87,24,75,76,74,55,70,18,2,39,54,22,78,67,14,85,37,59,17,25,77,36,53,47,7,40,49,84,81,32,4,73,43,57,3,23,62,31,68,21,48,30,66,65,12,19,42,86,5,56 3999.0 64.84500000000001 15.0
16,23,37,21,42,71,80,4,38,7,11,74,52,45,58,9,36,8,76,43,40,67,65,5,73,19,57,13,39,30,20,77,1,59,85,31,62,72,53,0,82,3,61,26,86,35,33,79,60,87,46,88,6,70,78,83,25,56,17,14,47,15,10,69,54,34,50,63,51,29,18,44,2,27,84,22,64,12,66,32,41,68,48,81,28,24,55,49,75 3944.0 63.406 18.0
84,25,77,65,26,41,54,21,4,49,69,76,2,8,43,86,47,22,7,58,63,67,55,5,66,64,85,13,39,30,78,6,1,0,59,57,31,62,75,53,35,29,51,38,34,17,88,40,24,50,81,36,32,27,37,19,87,28,60,14,42,23,52,46,33,74,80,10,83,3,71,18,15,68,44,45,79,20,16,70,72,9,12,61,11,48,56,82,73 3767.0 63.47 19.0
29,58,82,32,4,22,53,38,8,63,60,16,62,80,34,1,24,40,77,9,49,52,7,45,14,61,54,28,31,41,59,72,27,10,57,84,44,55,13,0,79,26,2,74,37,67,18,76,39,3,88,81,75,25,56,78,87,43,69,35,66,23,70,46,33,30,15,20,83,17,47,71,64,6,85,11,50,68,21,48,51,36,65,12,73,42,86,5,19 3793.0 73.83999999999999 17.0
35,16,57,52,51,66,49,38,58,26,1,76,68,55,74,9,15,82,44,80,42,81,64,11,32,39,65,2,45,28,25,8,7,37,86,54,63,20,41,48,50,19,40,69,27,72,30,88,6,23,78,22,29,3,4,33,12,73,34,60,47,43,67,56,87,85,18,62,21,14,84,59,79,77,24,36,46,10,83,71,75,53,61,70,5,13,31,0,17 4036.0 63.300000000000004 17.0
52,75,1,38,5,61,50,66,31,86,83,68,65,74,70,21,10,11,14,25,28,32,16,54,44,48,84,64,77,63,55,7,59,57,51,58,45,39,9,80,15,19,40,69,27,72,30,88,6,23,78,22,29,3,4,33,12,73,34,60,47,43,67,56,87,85,18,62,71,49,76,46,42,82,37,53,20,13,36,41,79,2,8,35,17,0,81,26,24 3889.0 86.05 16.0
78,68,58,82,4,57,61,17,59,15,38,8,69,48,51,80,33,79,63,71,9,1,41,47,5,73,83,46,86,14,30,35,70,27,10,16,84,44,55,81,0,24,52,2,74,39,67,28,76,85,3,88,72,75,25,56,60,49,43,87,36,53,29,6,66,22,42,19,26,20,11,40,7,37,64,77,31,21,12,50,32,65,45,18,13,62,54,34,23 3849.0 93.58999999999999 16.0
78,68,58,82,4,57,61,85,40,45,62,1,49,26,3,15,22,47,9,23,81,56,65,5,73,83,46,86,14,30,7,70,27,10,16,84,63,20,41,0,24,32,2,74,37,67,28,76,31,80,88,64,75,25,8,60,69,43,11,48,36,53,29,6,66,59,42,19,51,12,87,79,35,39,72,54,55,13,17,71,52,44,33,18,21,38,77,34,50 3957.0 63.476000000000006 17.0
51,67,1,38,40,9,50,34,45,86,57,68,87,43,35,30,10,52,66,25,63,32,15,54,44,42,61,78,6,22,37,28,7,84,3,21,58,81,33,62,16,83,60,2,27,4,47,76,55,24,71,80,17,31,79,0,11,29,19,36,77,53,46,85,23,74,56,65,88,72,14,69,64,82,12,48,20,13,18,41,75,59,8,70,5,73,39,26,49 3693.0 71.01 20.0
29,58,82,32,4,22,53,38,8,63,60,16,62,80,34,1,24,40,77,9,49,52,7,45,35,61,54,28,31,41,59,72,27,10,57,46,84,44,55,13,0,66,26,2,74,37,67,18,76,39,3,88,81,75,25,56,78,87,43,51,14,79,23,70,33,30,15,20,83,17,47,71,64,6,85,11,50,68,21,48,69,36,65,12,73,42,86,5,19 4037.0 60.64500000000001 18.0
78,68,58,8,67,57,61,35,40,45,62,1,49,26,3,15,22,28,9,51,81,59,66,5,73,43,46,86,87,30,7,70,37,16,84,63,25,69,54,6,32,60,2,27,4,47,76,55,24,71,80,17,31,79,0,11,29,88,56,10,75,74,83,64,65,48,36,23,19,72,14,39,85,82,12,53,20,13,18,41,52,44,33,42,21,38,77,34,50 3946.0 75.46 15.0
29,58,85,32,11,22,53,38,50,63,17,16,62,80,34,1,83,40,77,9,49,52,7,45,35,61,54,28,31,41,59,64,27,10,57,46,84,44,55,13,71,66,26,2,74,37,67,18,76,39,3,88,81,75,25,56,78,87,43,51,14,79,23,47,33,30,20,24,60,70,15,0,72,19,82,4,8,68,21,48,69,36,65,12,73,42,86,5,6 3746.0 78.519 19.0
12,47,1,38,40,61,50,34,31,86,83,68,52,49,70,21,10,11,57,62,28,32,16,54,44,48,84,24,77,60,15,73,58,33,51,27,22,55,13,0,79,26,2,74,37,67,18,76,39,3,88,81,75,25,56,78,87,43,69,35,66,23,7,64,65,42,36,59,19,72,14,46,85,82,30,53,20,9,29,41,6,5,8,63,17,80,45,71,4 3862.0 64.965 18.0
52,75,1,38,5,61,50,66,31,86,83,68,65,74,70,21,10,11,14,25,28,32,16,54,44,48,84,64,77,63,6,7,59,57,51,58,45,39,9,22,15,19,40,69,27,4,47,76,55,24,71,80,29,3,72,33,12,73,34,60,30,43,67,56,87,85,18,62,78,49,88,46,42,82,37,53,20,13,36,41,79,2,8,35,17,0,81,26,23 3756.0 89.7 18.0
3,47,1,38,40,61,50,34,31,86,83,68,87,43,70,21,9,60,52,2,28,32,16,54,44,48,84,56,53,76,55,73,69,33,51,27,36,39,45,80,15,71,5,46,30,49,29,14,79,12,57,10,58,62,24,78,88,67,65,63,75,74,85,6,66,22,42,19,26,20,11,59,7,37,64,77,72,13,18,41,82,25,8,35,17,0,81,23,4 3568.0 53.846000000000004 21.0
70,75,1,38,5,61,50,66,31,86,83,65,68,55,52,76,10,11,14,25,28,32,16,54,48,84,64,77,63,6,7,59,57,51,58,45,39,9,22,15,19,40,69,44,27,4,47,21,74,24,71,80,29,3,72,33,12,73,34,60,30,43,67,56,87,85,18,62,78,49,88,46,42,82,37,53,20,13,36,41,79,2,8,35,17,0,81,26,23 3779.0 91.154 17.0
52,6,23,83,40,9,50,34,45,86,57,68,87,43,70,30,10,66,25,63,32,15,54,44,48,84,56,77,46,5,12,73,69,33,51,27,22,37,62,16,20,60,2,74,13,1,18,76,39,3,88,81,75,4,28,64,0,72,59,7,53,65,49,38,55,42,41,19,78,11,82,80,58,24,36,35,26,31,47,85,17,14,79,29,61,8,67,21,71 3980.0 74.80000000000001 15.0
87,70,48,33,84,79,32,59,49,4,22,45,78,8,40,0,74,86,57,51,25,83,5,82,41,50,68,13,34,18,77,75,17,3,62,58,63,2,9,80,15,44,66,88,30,47,76,55,7,14,42,38,35,26,73,19,36,6,53,46,85,52,65,61,81,12,10,23,29,56,54,28,71,39,72,67,31,1,69,20,24,21,37,27,43,60,11,16,64 3912.0 65.59 17.0
29,40,77,7,86,41,16,28,49,83,1,32,38,42,10,9,52,5,85,58,22,64,59,27,54,17,35,62,34,61,63,53,50,6,11,46,84,44,55,13,71,66,26,2,74,37,67,18,76,39,3,88,81,75,25,56,78,87,43,51,14,79,23,47,33,30,20,24,60,70,15,0,72,19,82,4,8,68,21,48,69,36,65,12,73,80,31,57,45 4215.0 59.986000000000004 18.0
16,23,37,21,17,71,80,4,56,7,12,10,52,45,58,9,36,8,76,43,40,78,65,5,47,51,57,13,2,30,20,77,1,50,85,31,62,26,53,0,82,3,61,29,86,24,35,34,79,60,87,54,88,27,11,67,81,48,69,63,70,73,32,74,38,46,33,59,42,19,72,14,84,39,6,44,22,64,18,66,15,41,68,25,83,28,55,49,75 3916.0 84.82499999999999 15.0
33,67,71,40,61,48,12,45,52,60,84,87,18,69,1,0,74,86,57,51,25,83,5,82,41,50,68,13,34,43,77,75,17,3,62,58,63,2,9,80,15,44,66,88,30,47,76,55,7,14,42,35,26,73,19,36,6,38,53,81,78,32,10,4,64,65,24,28,23,79,72,21,39,85,54,37,29,20,56,27,46,59,8,70,16,31,11,22,49 3816.0 51.82 20.0
3,67,10,40,32,50,30,45,86,57,68,87,43,80,34,1,24,66,25,14,9,64,54,44,48,84,56,77,58,12,0,31,33,79,27,22,81,61,62,16,83,60,2,21,4,47,76,55,7,63,42,38,35,26,73,19,36,6,53,46,85,52,74,78,69,75,8,51,49,71,18,15,82,37,17,65,20,13,39,41,88,59,23,70,5,28,29,11,72 3514.0 82.94000000000003 19.0
62,68,58,49,3,57,32,4,66,87,38,60,67,31,30,76,46,71,24,21,6,2,51,73,63,5,47,29,15,45,61,80,27,10,16,1,28,55,54,0,79,26,40,86,9,69,88,34,35,81,8,78,75,84,22,37,59,25,77,11,74,83,64,65,48,36,17,23,19,72,14,39,85,82,12,53,20,13,18,41,52,44,33,42,56,7,70,43,50 3883.0 56.56 19.0
77,6,43,62,2,70,28,67,58,87,1,86,47,22,15,44,79,9,21,42,63,45,54,81,13,11,52,64,25,12,7,23,84,76,61,4,26,53,0,82,3,30,74,5,51,57,18,33,50,8,88,34,16,69,39,46,83,72,59,73,75,65,49,38,55,32,41,19,78,56,17,80,10,24,36,35,68,31,37,85,60,14,66,29,27,20,48,40,71 4340.0 86.28000000000002 14.0
77,6,43,62,2,70,28,67,58,26,1,86,47,5,22,31,44,79,63,21,41,9,45,54,81,13,11,52,64,25,12,7,23,84,76,61,4,87,83,68,3,17,40,69,27,57,18,33,50,8,88,34,16,74,39,10,0,82,78,73,75,65,49,20,38,55,42,36,59,19,71,72,14,46,85,32,60,53,15,37,24,35,80,66,29,51,48,30,56 4260.0 91.78600000000002 12.0
7,65,58,50,11,48,44,46,79,56,3,75,26,67,22,27,2,13,5,37,29,82,80,49,47,78,86,84,81,30,20,77,1,59,57,31,55,16,32,34,36,70,4,0,6,15,18,72,25,76,66,88,35,17,61,52,87,51,68,62,39,45,24,43,12,9,10,19,23,73,38,21,14,71,85,53,60,41,64,28,33,83,40,42,74,54,63,69,8 3769.0 87.48000000000002 18.0
79,58,33,29,30,54,59,56,72,44,24,48,41,66,70,1,87,10,77,34,23,63,64,11,32,39,31,5,45,28,25,0,50,68,86,22,81,61,62,16,83,60,2,21,4,47,76,55,7,14,42,38,35,26,73,19,36,6,53,46,85,52,74,78,69,75,8,51,49,71,18,15,82,37,17,65,20,13,88,3,27,40,84,12,9,43,57,67,80 4085.0 88.98400000000001 14.0
#
44,77,86,59,28,60,63,20,76,54,87,11,16,35,70,15,10,14,45,41,40,36,50,24,51,48,69,22,52,7,83,68,30,81,66,62,71,65,74,25,18,12,49,46,39,80,3,17,33,26,47,75,67,1,88,38,19,79,64,2,0,9,61,55,32,58,4,82,57,6,73,37,72,13,27,43,31,85,8,5,29,53,78,34,84,21,56,23,42 4236.0 74.69600000000001 14.0
29,47,21,36,14,60,39,65,73,69,79,2,49,13,30,0,15,38,27,11,41,23,52,35,25,59,70,81,45,5,72,71,22,88,63,34,7,43,3,64,53,48,26,19,85,37,54,40,20,86,12,87,76,66,84,8,51,17,78,74,33,28,61,55,32,58,4,82,57,77,9,10,31,6,83,16,56,75,50,62,46,18,1,42,44,67,80,68,24 3797.0 53.7 20.0
36,72,82,8,11,21,78,77,55,7,42,68,41,24,64,50,79,30,38,29,65,46,14,43,22,57,58,1,84,70,73,63,66,69,88,23,59,13,15,52,4,45,75,81,32,54,40,20,86,12,87,76,61,48,9,80,26,60,3,37,44,0,47,74,10,71,25,28,35,6,51,53,85,62,17,19,56,5,49,67,2,33,31,83,27,34,18,16,39 4034.0 88.76 14.0
4,6,65,17,11,48,34,56,29,31,42,28,70,86,45,57,30,82,71,40,23,63,35,50,59,44,72,54,21,58,18,51,16,52,83,39,61,64,19,74,81,12,60,46,20,80,3,62,79,26,47,75,67,1,88,38,43,33,66,27,10,36,0,37,22,84,15,87,8,32,13,69,73,9,14,49,76,5,41,7,25,78,53,77,2,68,85,24,55 3794.0 58.64999999999999 20.0
4,6,8,62,57,21,56,77,10,9,42,68,28,53,86,45,5,30,82,71,40,23,63,35,50,59,44,72,73,48,13,18,51,16,52,83,39,61,64,19,74,81,12,60,46,20,80,3,17,79,65,47,75,67,1,88,38,43,33,66,27,29,36,32,37,22,84,58,31,26,0,15,24,34,41,14,49,76,11,7,78,25,87,70,54,2,85,69,55 3621.0 74.92000000000002 16.0
15,75,0,69,79,62,39,43,87,83,29,23,68,1,63,80,34,28,47,67,52,53,11,55,27,9,16,12,57,19,6,32,48,76,21,50,78,40,71,42,65,26,3,74,66,17,44,25,77,36,31,64,30,49,84,8,51,37,7,5,33,18,61,35,22,4,58,82,45,20,59,10,81,72,86,24,88,56,41,60,2,70,85,13,54,46,14,38,73 4109.0 84.77 14.0
4,76,22,65,13,21,54,77,8,7,55,34,28,70,86,43,68,2,82,71,40,23,63,35,50,59,44,72,11,48,58,18,51,16,52,83,39,61,66,19,36,81,12,60,46,20,80,3,17,33,26,47,75,67,1,88,38,45,79,64,30,0,9,74,53,84,85,6,57,14,49,87,73,37,78,42,10,5,62,29,25,15,31,32,27,24,41,69,56 3796.0 63.736 17.0
4,6,8,62,57,21,53,55,10,78,42,28,70,64,50,47,30,38,12,71,65,14,15,22,26,0,68,72,41,69,63,60,86,36,52,20,45,43,61,25,18,81,82,74,46,83,80,3,17,79,40,75,39,67,1,88,5,56,33,66,27,29,16,32,37,35,84,58,31,51,59,13,24,34,73,23,49,76,11,7,9,19,87,44,54,2,85,48,77 3816.0 76.85499999999999 15.0
4,17,22,65,13,21,54,77,3,7,55,34,28,70,86,43,11,30,82,80,40,23,63,75,50,26,44,46,67,48,58,18,51,16,52,83,39,61,66,47,36,81,12,6,72,59,71,8,76,14,20,19,35,68,1,88,38,45,79,64,2,0,9,74,53,84,85,60,57,33,49,87,73,37,78,42,10,5,62,29,25,15,31,32,27,24,41,69,56 4023.0 52.974999999999994 19.0
4,6,8,62,57,21,56,77,10,9,42,68,28,53,86,45,5,30,82,71,40,23,63,35,50,59,44,72,73,48,13,18,51,16,52,83,39,61,64,19,74,81,12,60,25,20,80,3,17,79,65,47,75,67,1,88,38,43,33,66,27,29,36,32,37,22,84,58,31,26,0,15,24,34,41,14,49,76,11,7,78,46,87,70,54,2,85,69,55 3664.0 59.84 18.0
19,4,58,9,16,56,1,6,7,27,64,41,40,42,39,59,73,57,67,72,38,3,14,31,24,83,15,54,44,63,45,68,80,22,50,76,82,51,35,46,74,70,77,55,26,65,12,47,25,36,86,43,79,23,88,69,2,81,18,66,48,87,10,20,49,37,71,0,11,60,62,13,32,61,52,28,30,85,8,5,29,53,78,34,84,21,33,17,75 3768.0 122.89500000000001 15.0
36,72,82,85,61,21,3,6,55,7,42,28,71,49,64,50,79,30,38,29,65,46,14,43,22,26,58,1,48,70,73,63,37,69,88,39,86,13,15,80,62,45,75,35,32,16,57,51,2,12,47,76,78,41,27,25,44,54,83,19,59,52,24,84,23,60,68,4,0,77,20,9,8,87,66,67,56,5,53,11,40,33,31,81,74,34,18,17,10 3976.0 65.10000000000001 15.0
4,6,8,75,60,21,56,77,10,9,42,68,28,53,47,45,5,30,82,71,40,23,63,35,50,59,3,72,73,80,13,18,51,16,52,83,39,61,64,74,81,67,57,7,70,48,44,25,54,49,86,62,12,79,88,38,43,33,66,27,29,36,32,37,22,84,58,31,65,0,15,24,34,41,14,26,76,11,17,78,46,87,20,1,2,85,69,55,19 3621.0 65.85000000000001 19.0
57,55,32,52,73,48,79,54,70,29,43,50,7,12,26,77,58,42,51,82,74,88,4,84,61,36,45,13,53,78,46,18,30,85,56,17,64,24,65,22,44,31,8,60,11,20,80,3,34,33,86,47,75,67,1,76,71,19,23,83,2,0,9,40,68,35,38,6,63,14,49,87,72,37,21,81,10,5,62,28,25,15,59,66,27,39,41,69,16 4041.0 85.10000000000001 13.0
4,6,15,71,11,21,34,80,29,31,35,54,70,86,62,57,30,55,17,13,16,42,81,24,60,25,28,48,41,61,63,20,69,87,23,59,32,45,40,52,77,10,18,56,7,46,49,51,85,84,79,26,47,67,1,88,38,75,43,33,66,27,0,37,22,36,65,83,8,64,19,74,73,9,14,3,76,5,58,39,72,78,53,50,2,68,12,44,82 3979.0 92.59500000000001 14.0
4,76,66,61,13,21,56,77,8,35,55,34,28,65,86,43,11,30,63,71,40,48,50,7,82,32,57,54,88,73,74,52,17,26,51,64,24,70,22,44,18,75,31,6,72,59,80,3,85,87,60,47,53,67,1,68,38,45,79,83,2,0,9,58,81,84,36,16,19,46,49,23,33,37,78,42,10,5,62,29,25,15,12,20,27,39,41,69,14 3905.0 58.898999999999994 16.0
4,6,8,13,57,21,56,77,10,9,42,18,28,53,86,45,5,63,82,39,40,23,50,24,51,48,69,22,75,7,83,68,30,81,66,62,71,65,74,19,64,16,12,60,25,20,80,3,17,79,61,47,52,67,1,88,38,43,33,73,27,29,36,32,37,72,84,58,31,26,0,15,35,34,41,14,49,76,11,59,78,46,87,70,54,2,85,44,55 3940.0 73.09 15.0
85,18,82,80,70,17,39,43,42,9,13,51,64,60,52,28,48,23,65,53,88,3,20,30,55,2,21,5,86,4,35,47,67,63,45,1,69,68,62,74,71,83,38,6,8,59,40,77,10,56,12,61,19,50,75,25,26,44,54,33,66,27,29,36,32,37,22,84,58,31,0,15,24,34,41,14,49,76,11,7,78,46,87,57,16,81,79,72,73 3877.0 53.6 20.0
4,6,8,75,60,21,56,77,10,9,42,68,28,53,47,45,5,30,82,71,40,23,63,35,50,59,3,72,73,80,13,18,19,51,16,52,83,39,61,64,74,81,67,57,7,70,48,44,25,54,26,86,62,12,79,88,38,43,33,66,27,29,36,32,37,22,84,58,31,65,0,15,24,34,41,14,49,76,11,17,78,46,87,20,1,2,85,69,55 3763.0 69.94 16.0
15,18,11,80,48,17,39,43,42,52,13,51,64,60,36,30,70,84,65,53,87,3,32,28,55,2,21,5,24,4,22,7,67,63,37,1,69,68,62,23,71,33,38,6,26,49,40,77,10,58,12,61,66,31,34,25,44,54,83,19,8,29,0,20,45,78,74,56,50,27,9,85,86,75,82,72,59,79,46,47,35,41,88,57,16,81,76,14,73 3832.0 59.79400000000001 18.0
69,11,70,62,57,21,56,77,10,9,42,68,28,53,86,45,5,30,82,71,40,23,63,75,50,26,44,46,67,48,13,18,51,16,52,83,39,61,64,19,74,81,12,60,72,20,80,3,17,79,65,47,35,73,1,88,38,43,33,66,27,29,36,55,32,58,4,15,49,6,2,37,41,59,0,7,31,85,8,76,54,24,78,34,84,22,14,25,87 3654.0 72.65 17.0
19,4,27,80,33,17,39,61,42,58,46,68,64,60,52,28,70,31,49,53,87,3,32,30,6,44,77,54,83,63,45,41,9,22,50,76,82,51,35,40,74,73,15,55,26,65,12,47,25,36,86,43,79,23,88,69,2,81,18,66,48,38,10,20,67,37,71,0,11,7,62,13,14,24,1,59,57,85,8,5,29,72,78,34,84,21,16,56,75 3787.0 58.97000000000001 19.0
4,6,8,62,57,21,56,77,10,9,42,68,28,53,86,45,5,30,82,59,40,23,63,35,61,71,44,72,73,48,13,18,51,16,52,83,39,50,64,19,74,81,12,60,46,20,3,17,79,26,47,1,88,38,43,33,66,27,67,29,36,32,37,22,84,58,31,65,0,15,24,34,75,41,14,49,76,11,7,78,80,87,70,54,2,85,69,55,25 3810.0 65.72000000000001 16.0
#
87,73,58,30,31,6,9,12,65,62,13,37,46,59,1,15,10,35,74,40,54,79,7,21,71,60,45,56,22,5,47,3,85,20,50,39,83,86,88,23,64,61,33,78,29,17,11,27,41,80,26,38,34,82,70,57,68,8,19,75,4,32,77,14,81,36,24,49,63,66,2,43,42,84,16,25,72,44,67,51,55,53,0,48,52,18,28,69,76 3761.0 54.970000000000006 21.0
45,3,80,0,53,20,74,67,73,9,29,7,64,40,79,10,52,41,48,50,33,81,51,57,21,75,78,38,25,14,71,54,85,87,44,65,56,63,2,34,19,88,15,77,6,42,43,5,46,61,30,60,24,69,72,4,32,86,84,23,39,8,49,1,76,35,12,59,17,31,26,68,18,28,47,36,66,70,37,62,16,55,83,11,82,22,58,13,27 4067.0 71.38000000000001 13.0
82,1,13,64,40,45,74,87,16,76,79,49,30,85,43,24,32,42,31,47,57,27,83,15,62,84,8,51,86,69,36,48,25,17,34,63,11,58,10,14,88,21,12,80,0,37,75,4,73,23,55,26,60,33,22,70,54,68,6,19,38,41,77,61,81,35,50,46,66,56,18,9,7,52,78,71,65,39,29,28,2,44,5,72,3,59,67,20,53 3904.0 72.62 15.0
45,50,66,86,52,58,62,87,33,18,2,49,25,85,43,81,70,9,68,30,84,51,39,71,74,38,75,56,11,67,57,3,13,6,12,61,65,23,64,54,88,20,5,80,0,55,60,19,8,53,14,15,24,22,72,4,32,44,47,17,35,41,77,48,10,36,31,34,63,82,29,28,59,73,16,46,83,79,21,37,69,27,1,42,7,40,78,26,76 3782.0 57.114000000000004 19.0
45,27,46,11,24,8,62,33,42,4,85,51,43,34,40,14,10,1,74,56,23,79,39,71,87,52,58,80,72,5,47,3,13,20,83,7,65,86,76,54,64,61,12,78,29,17,30,73,16,9,26,60,32,22,77,68,84,50,19,75,35,6,70,15,81,36,31,49,63,66,2,21,59,57,41,25,82,44,67,37,55,53,0,48,38,18,28,69,88 3918.0 52.879999999999995 22.0
45,57,66,5,65,40,22,19,7,10,37,11,86,2,26,71,70,51,50,64,36,41,81,82,25,63,54,3,34,42,88,73,83,87,13,14,15,78,79,67,80,62,74,6,47,43,38,46,61,30,20,24,69,72,4,32,44,84,23,39,8,49,1,76,35,12,59,17,31,16,33,52,28,85,55,58,75,18,9,29,56,53,0,21,60,27,68,77,48 3713.0 65.136 20.0
48,45,68,5,65,40,22,19,7,10,37,11,86,2,26,71,70,51,50,64,36,41,81,75,58,63,54,3,34,42,88,73,83,87,13,14,15,78,79,67,80,62,74,6,47,43,38,46,61,30,20,24,69,72,4,32,18,84,23,39,8,49,1,76,35,12,59,17,31,55,33,52,28,57,16,25,82,44,85,9,29,21,66,60,77,0,56,53,27 3693.0 79.071 19.0
45,27,46,11,24,8,62,33,42,4,85,22,43,34,40,14,10,1,74,5,58,79,39,71,87,35,56,51,9,68,72,13,20,83,7,65,86,88,54,64,61,12,78,29,17,30,73,41,80,59,52,50,3,77,47,23,84,32,19,75,60,6,70,15,81,36,31,49,63,66,2,21,26,57,16,25,82,44,67,37,55,53,0,48,38,18,28,69,76 3889.0 54.95 21.0
45,27,46,11,24,8,3,33,42,4,60,51,43,19,59,14,10,52,79,9,23,39,71,74,38,85,56,81,67,47,5,62,13,20,83,7,65,86,88,54,64,61,12,78,29,17,30,73,41,58,40,1,50,72,77,68,84,32,34,75,35,6,70,15,80,36,31,49,63,66,2,21,26,57,16,25,82,44,22,37,55,53,0,48,87,18,28,69,76 3762.0 72.60600000000001 17.0
48,45,80,75,65,40,69,58,43,10,37,1,86,9,26,52,70,51,50,64,39,8,76,82,74,23,85,3,18,42,16,73,12,27,47,13,14,33,78,79,15,24,66,25,56,87,7,71,46,11,83,55,32,22,62,57,68,0,19,17,35,41,77,61,81,36,28,49,63,20,88,67,38,34,54,30,84,29,31,2,44,5,21,72,60,59,4,6,53 3986.0 61.33 16.0
52,53,61,50,1,9,82,43,58,14,35,76,10,70,38,32,30,42,31,47,57,27,83,15,62,5,8,51,86,69,36,48,4,17,34,63,11,23,22,40,87,74,33,19,60,55,7,88,68,80,18,49,78,65,45,71,20,12,81,85,46,56,39,79,0,77,75,28,64,66,2,21,59,84,16,25,72,44,67,37,3,29,6,26,24,41,73,13,54 4021.0 67.6 15.0
48,45,80,75,65,40,69,58,43,10,37,1,86,71,26,52,70,51,50,64,39,8,76,82,27,23,85,3,18,42,16,73,12,24,56,13,14,66,33,78,79,15,74,6,47,38,28,9,46,11,83,55,32,22,62,57,68,0,19,17,35,41,77,61,81,36,31,49,63,20,88,67,87,34,54,30,84,29,7,2,44,5,21,72,60,59,4,53,25 3879.0 79.579 15.0
45,57,59,12,65,40,31,80,7,10,37,11,86,79,26,71,70,51,50,64,36,41,81,82,8,63,54,3,67,42,62,73,83,87,13,14,74,78,2,34,19,88,15,77,6,43,38,46,61,30,20,24,69,72,4,35,17,84,23,53,25,32,68,16,49,5,66,44,22,76,33,52,28,85,55,58,75,18,9,29,56,39,0,21,60,27,1,47,48 3757.0 60.339999999999996 19.0
78,51,61,42,1,16,81,74,72,14,11,76,8,2,30,36,3,25,53,10,22,82,32,60,43,58,57,31,28,62,45,27,50,73,75,87,34,65,56,85,37,80,69,54,6,47,84,55,9,70,33,35,52,66,79,26,21,44,23,7,64,19,71,48,83,20,12,59,24,17,39,18,38,5,68,4,40,0,49,88,86,29,15,77,46,41,67,13,63 3679.0 86.665 19.0
48,45,80,75,65,40,69,58,43,10,37,1,86,9,26,52,70,51,50,64,39,8,76,82,74,23,85,3,18,42,16,73,12,24,47,13,14,66,33,78,79,15,27,2,56,87,44,71,46,11,83,55,32,22,62,57,68,0,19,17,5,41,77,61,81,36,31,49,63,20,88,67,38,34,54,30,84,29,28,25,7,35,21,72,60,59,4,6,53 3841.0 64.31 17.0
48,45,68,5,24,8,77,33,7,10,37,11,86,2,26,71,70,51,50,64,36,41,81,82,25,63,54,3,34,42,88,73,83,87,13,14,15,78,79,67,80,62,74,6,47,43,38,46,61,30,20,65,69,72,4,32,44,84,23,39,40,17,1,76,35,12,31,49,59,16,19,52,28,85,55,58,75,18,9,57,29,21,66,60,22,0,56,53,27 3726.0 60.035000000000004 20.0
48,45,80,75,65,40,69,58,43,10,37,1,86,9,26,52,70,51,50,64,39,8,76,82,74,23,85,3,18,42,16,73,12,66,47,13,14,24,33,78,79,15,27,25,56,87,7,71,46,11,83,55,32,22,62,57,68,0,19,17,35,41,77,61,81,36,31,49,63,20,88,67,38,34,54,30,84,29,28,2,44,5,21,72,60,59,4,53,6 3958.0 63.62899999999999 16.0
48,45,80,75,65,40,69,58,43,10,37,1,86,9,26,52,70,51,50,64,39,8,76,82,74,23,85,3,18,42,16,73,12,24,47,13,14,66,33,78,79,15,27,25,56,87,7,71,46,11,83,31,55,32,62,57,68,0,19,17,35,41,77,61,81,36,22,49,63,20,88,67,38,34,54,30,84,29,28,2,44,5,21,72,60,59,4,6,53 3962.0 63.25 16.0
82,1,13,64,40,45,74,87,16,76,79,49,30,85,43,24,32,42,31,47,57,27,83,15,62,84,8,51,86,69,36,48,25,17,34,63,11,58,10,14,88,21,12,80,0,37,75,4,73,23,55,26,60,33,22,70,54,68,6,19,38,41,77,61,81,35,50,46,66,56,18,9,7,52,78,71,65,39,29,2,44,5,28,72,3,59,67,20,53 3964.0 76.41 14.0
87,73,58,30,31,36,41,63,65,62,13,37,11,67,1,8,2,75,74,72,54,80,42,78,14,60,45,56,22,34,82,3,85,53,50,10,81,27,51,32,25,61,57,16,6,47,84,55,9,70,33,35,52,66,79,26,21,44,23,7,64,19,71,48,83,20,12,59,24,17,39,18,38,5,68,4,40,0,49,88,86,29,15,77,46,69,28,43,76 3650.0 65.744 22.0
48,45,68,5,65,40,22,19,7,10,37,11,86,44,26,71,70,51,50,52,36,41,81,82,4,63,54,34,42,88,73,83,87,13,76,12,78,79,35,80,62,74,6,47,38,28,9,61,64,20,24,85,58,46,3,43,29,8,60,75,27,59,77,15,33,14,31,49,67,66,2,32,84,16,25,72,18,30,21,1,55,53,0,57,56,69,17,23,39 3801.0 55.46000000000001 19.0
45,27,46,11,18,52,3,31,9,61,2,26,19,59,54,14,8,4,57,12,39,71,78,73,85,56,81,64,17,5,23,13,20,83,7,65,86,88,10,67,80,62,74,6,47,43,38,41,58,40,1,50,72,77,68,84,32,34,75,35,29,70,15,60,36,33,49,63,66,51,21,30,42,16,25,82,44,22,79,37,55,53,0,48,87,24,28,69,76 3730.0 67.16 18.0
48,45,80,75,65,40,62,58,43,10,37,77,86,9,26,52,70,51,50,64,19,17,61,82,74,0,85,3,18,42,88,73,83,87,13,14,15,78,33,66,79,47,27,25,56,55,7,71,46,11,12,24,69,72,4,32,44,84,23,39,8,49,1,76,81,36,31,41,63,20,16,67,38,34,54,30,68,29,28,2,57,5,21,22,60,59,35,53,6 3831.0 62.74 18.0
48,45,80,75,65,40,69,58,43,10,37,1,86,9,26,52,70,51,50,64,39,8,76,82,74,23,85,3,18,42,16,73,12,24,47,13,14,33,78,79,15,27,66,25,56,87,7,71,46,11,83,55,32,22,62,57,68,0,19,17,35,41,77,61,81,36,31,49,63,20,88,67,38,34,54,30,5,29,59,6,28,72,84,44,60,2,4,53,21 3901.0 66.22899999999998 16.0
48,45,80,75,65,40,69,58,43,10,37,1,86,9,26,52,70,51,50,64,39,8,76,82,74,23,85,3,18,42,16,73,12,27,47,13,14,33,78,79,15,24,66,25,56,87,7,71,46,11,83,31,55,32,62,57,68,0,19,17,35,41,77,61,81,22,36,49,63,20,88,67,38,34,54,30,84,29,28,2,44,5,21,72,60,59,4,6,53 3945.0 64.62899999999999 16.0
48,45,68,5,65,40,22,19,7,10,37,11,86,29,26,71,70,51,64,36,41,81,82,9,63,54,3,34,42,88,73,83,27,78,13,14,2,79,67,50,80,62,74,6,47,43,38,46,61,30,20,24,69,72,4,32,44,84,23,39,8,49,1,76,35,12,59,17,31,16,33,52,28,85,55,58,18,87,21,77,25,53,0,57,56,66,15,60,75 3785.0 70.666 16.0
82,1,27,50,52,0,62,74,33,18,2,49,85,43,81,14,25,8,4,30,57,79,39,71,87,35,56,51,9,68,47,48,13,20,83,7,65,86,88,76,64,15,72,40,69,53,84,55,42,16,58,45,12,6,70,37,44,10,21,75,5,59,22,28,19,41,67,24,3,73,66,17,46,23,34,38,32,29,61,26,31,80,63,78,60,36,54,77,11 3870.0 58.42 17.0
48,45,80,75,65,40,69,58,43,10,37,1,86,9,26,52,70,51,50,64,39,8,76,82,74,23,85,3,18,42,16,73,12,27,47,13,14,33,78,79,15,24,66,25,56,87,7,71,46,11,44,83,55,32,22,62,57,68,0,19,17,35,41,77,61,81,36,31,49,63,20,88,54,38,34,67,30,5,29,59,84,28,21,72,60,2,4,53,6 3881.0 69.62899999999999 16.0
22,53,88,83,4,37,18,73,54,48,35,86,0,8,69,39,67,55,74,17,23,52,10,81,11,64,12,19,47,9,76,82,85,38,27,65,13,14,31,78,79,61,24,20,25,56,87,7,71,46,58,40,1,50,72,77,68,84,32,34,75,6,70,3,16,15,63,28,60,59,57,26,21,2,80,5,45,44,66,42,36,41,43,29,33,62,49,30,51 3926.0 71.15 15.0
48,45,80,75,65,40,69,58,43,10,37,1,86,71,26,52,70,51,50,64,39,8,76,82,27,23,85,3,18,42,16,73,12,24,56,13,14,66,33,78,79,15,74,6,47,38,28,9,46,11,83,55,32,22,62,57,68,0,19,17,35,41,77,61,81,36,7,49,63,20,88,67,87,34,54,30,84,29,31,2,44,5,21,72,60,59,4,53,25 3858.0 82.579 15.0
#
69,67,74,1,20,60,77,39,78,56,63,50,72,68,79,7,24,33,82,43,51,15,87,5,30,41,17,47,86,75,40,19,9,45,2,59,73,81,32,42,65,6,12,64,8,36,61,28,4,54,23,11,49,27,84,71,34,76,66,53,14,62,29,18,48,37,58,88,80,70,52,38,16,57,85,46,22,3,26,31,10,55,21,44,35,25,0,13,83 3756.0 68.59 16.0
73,22,74,59,12,86,77,39,88,68,5,69,48,79,78,13,43,40,67,52,32,51,41,0,80,75,10,23,34,16,71,7,60,9,1,28,47,25,64,56,54,65,20,62,42,2,26,61,36,38,6,66,63,50,15,14,81,44,53,17,33,11,3,76,45,37,18,8,55,83,46,35,30,57,29,72,19,24,85,87,82,31,21,4,84,49,58,27,70 3852.0 71.4 15.0
73,44,41,11,40,0,29,88,4,64,19,48,78,31,76,13,61,32,49,8,33,69,27,63,25,16,35,74,68,5,43,42,65,53,3,46,71,30,56,83,87,22,86,60,18,52,36,26,28,80,54,23,21,79,57,85,1,2,20,82,14,7,34,47,17,38,77,12,70,67,72,15,81,10,50,75,55,6,84,24,58,45,51,37,9,39,62,59,66 4094.0 77.08500000000001 14.0
52,83,74,1,58,33,77,88,78,56,63,10,72,4,5,7,40,85,82,43,22,15,49,35,30,45,37,47,54,75,24,2,9,38,76,48,16,32,42,23,36,12,71,84,68,61,69,57,50,65,79,62,17,11,20,87,67,39,29,80,8,25,18,26,34,13,46,53,60,19,55,14,6,73,86,64,51,59,44,81,66,41,21,3,28,31,0,27,70 3886.0 58.87600000000001 15.0
73,22,85,1,25,52,77,88,4,56,63,48,27,78,23,45,40,19,76,32,7,70,28,17,18,20,54,36,46,49,71,34,67,82,66,64,31,81,68,86,29,87,53,57,79,55,9,6,5,65,37,15,14,72,11,60,62,10,75,26,41,43,24,0,58,80,51,83,30,50,13,16,12,2,61,8,39,44,84,42,74,33,69,38,3,35,21,59,47 4063.0 81.27 13.0
19,57,6,41,7,35,70,5,51,88,54,37,83,8,25,64,84,73,48,61,12,72,15,87,86,74,52,34,0,76,44,42,53,85,1,28,47,77,56,39,59,14,33,60,58,71,82,36,45,24,66,63,67,4,30,81,80,40,17,75,27,32,69,55,20,21,68,78,46,50,13,16,18,62,23,9,31,43,65,26,49,2,22,38,3,79,11,29,10 3726.0 92.16499999999999 16.0
73,22,85,1,25,52,77,88,4,56,63,48,27,78,58,15,45,40,19,76,32,47,70,28,17,18,20,54,23,0,46,34,24,53,9,82,86,6,43,31,41,36,67,71,5,68,14,75,57,72,81,79,62,26,55,87,11,65,10,60,29,7,64,37,49,80,51,83,30,50,13,16,12,2,61,8,39,44,84,42,74,33,69,38,3,35,21,59,66 3952.0 90.67 14.0
19,57,6,41,7,35,70,5,51,88,54,37,83,8,25,64,84,73,48,61,12,72,15,87,86,74,52,34,0,76,44,42,53,85,1,47,79,77,56,39,30,14,33,9,60,22,71,28,82,36,45,24,66,63,67,4,59,81,80,40,17,75,27,32,69,3,20,21,2,43,68,65,16,38,11,10,26,78,50,23,58,62,46,29,55,31,18,49,13 3766.0 53.336 17.0
19,57,34,41,7,35,70,5,51,88,54,37,83,0,25,64,42,73,48,61,12,72,1,87,30,65,26,47,8,75,44,84,74,2,15,9,6,67,77,56,39,86,59,33,60,22,71,82,36,45,24,66,63,79,4,14,81,80,40,17,76,27,32,69,3,20,21,68,78,46,10,28,50,13,85,16,11,38,31,18,23,62,52,55,29,53,58,43,49 3727.0 60.33400000000001 21.0
19,57,6,41,7,35,70,5,51,88,54,37,83,8,25,64,84,73,48,61,12,72,15,87,86,74,52,34,0,76,44,42,53,85,1,28,47,79,77,56,39,30,59,33,60,22,71,82,24,36,66,63,67,4,14,81,80,40,17,75,27,32,69,3,45,20,62,38,21,68,78,46,10,9,50,13,2,16,11,31,18,23,26,55,29,65,58,43,49 3729.0 83.29500000000002 16.0
73,22,85,1,25,52,77,88,4,2,56,63,48,27,78,23,45,40,19,76,32,47,70,28,17,18,20,54,21,46,49,71,30,67,82,66,64,50,81,68,86,29,87,83,57,79,55,9,6,5,65,37,15,16,72,11,60,62,10,80,26,41,43,24,0,58,75,36,53,34,13,59,14,12,61,8,39,44,84,42,74,33,69,38,3,35,51,31,7 4010.0 78.23000000000002 14.0
73,22,85,25,8,77,88,61,56,63,48,27,78,23,45,40,19,76,32,7,70,28,17,18,20,54,36,46,49,71,44,39,82,66,64,31,81,68,86,29,87,53,57,79,55,9,6,5,65,37,15,14,72,11,60,84,10,75,26,41,43,24,0,58,80,51,83,30,50,13,16,12,2,4,52,67,34,62,42,74,1,33,69,38,3,35,21,59,47 3898.0 102.35999999999999 14.0
73,30,85,1,25,52,77,88,4,56,60,48,27,8,23,45,40,19,76,32,47,70,28,17,18,80,54,58,0,44,34,24,53,15,39,82,86,6,43,42,41,36,67,71,5,61,14,75,83,72,81,79,29,26,55,87,84,65,12,63,51,7,64,37,49,20,62,38,21,68,78,46,10,9,50,13,2,16,11,31,74,33,69,57,3,35,22,59,66 4038.0 91.01899999999999 12.0
19,57,6,7,35,41,70,5,51,88,54,37,83,8,25,64,84,73,48,61,12,72,15,87,86,74,52,34,0,76,44,42,53,85,1,28,38,47,79,20,56,39,30,59,33,62,60,22,71,82,36,45,24,66,63,67,4,14,81,80,40,17,75,32,69,3,9,21,2,43,68,65,16,77,11,10,26,78,50,23,58,27,46,29,55,31,18,49,13 3708.0 64.23 19.0
19,57,6,41,7,35,70,5,51,88,54,37,83,8,25,64,84,73,48,61,12,72,15,87,86,74,52,34,0,76,44,42,53,85,1,47,79,77,56,39,71,14,33,9,13,60,22,82,36,45,24,66,63,67,4,30,81,80,40,17,75,59,28,27,32,69,3,62,21,2,43,68,65,16,38,11,10,26,78,50,31,18,23,46,29,55,20,58,49 3744.0 63.39000000000001 17.0
19,57,6,41,7,35,70,5,51,88,54,37,83,8,25,64,84,73,48,61,12,72,15,87,86,74,52,34,20,76,44,42,53,85,1,28,47,79,77,56,39,30,59,33,60,22,71,82,36,45,24,66,63,67,4,62,81,80,40,17,75,27,32,69,3,0,21,68,78,38,14,46,10,9,50,13,2,16,11,31,18,23,26,55,29,65,58,49,43 3850.0 92.09 15.0
19,57,6,41,7,35,70,5,51,88,54,37,83,8,25,64,84,73,48,61,12,72,15,87,86,74,52,34,0,76,44,42,53,85,1,28,47,79,77,56,45,39,30,14,33,62,60,22,71,82,36,24,66,63,67,4,59,81,80,40,17,75,32,69,3,20,21,2,43,68,65,31,16,38,11,10,26,78,50,18,23,46,29,55,9,27,58,49,13 3698.0 66.92999999999999 18.0
19,57,34,41,7,35,70,5,51,88,54,37,83,0,25,64,42,73,48,61,12,72,1,87,30,65,26,47,8,75,44,84,74,2,15,9,6,67,77,56,39,86,59,33,60,22,71,82,36,45,24,66,63,79,4,14,81,80,40,17,76,27,32,69,3,20,21,68,78,46,10,28,62,38,50,13,85,16,11,31,18,23,52,55,29,53,58,43,49 3730.0 52.25 21.0
58,7,35,41,43,5,70,6,49,88,54,37,83,8,25,64,84,73,48,80,12,72,15,87,86,74,52,34,0,76,44,42,53,85,1,28,47,79,77,56,39,30,14,33,62,60,22,71,82,36,45,24,66,63,67,4,59,81,61,40,17,75,27,32,69,3,20,21,68,78,46,10,9,50,13,2,16,11,38,31,18,23,26,55,29,65,51,57,19 3689.0 63.025 21.0
19,57,6,41,7,35,70,5,51,88,54,37,83,8,25,64,84,73,48,61,44,72,15,87,86,74,52,34,0,76,12,42,53,85,1,28,47,79,77,56,39,30,14,33,62,60,22,71,82,36,45,63,67,4,24,81,80,66,40,17,75,27,32,69,3,20,21,68,78,46,10,9,50,13,2,16,11,38,31,18,23,26,55,29,65,58,43,49,59 3630.0 76.31 19.0
73,22,85,25,8,77,88,61,56,63,48,27,78,23,45,26,19,76,32,7,70,28,41,18,20,54,36,46,49,71,44,39,82,66,64,31,10,68,86,29,87,53,57,79,55,9,6,5,65,37,15,14,72,11,60,62,81,80,40,17,75,24,0,58,43,51,83,30,50,13,16,12,2,4,52,67,34,84,42,74,1,33,69,38,3,35,21,59,47 3992.0 86.62 14.0
19,57,6,41,7,35,70,5,51,88,54,37,83,8,25,64,84,73,48,61,12,72,15,87,86,74,52,34,0,76,44,42,53,85,1,28,47,79,77,56,39,30,14,33,62,60,22,71,82,36,45,24,66,67,4,59,81,80,40,17,75,27,32,69,3,20,21,2,43,68,65,16,38,11,10,26,78,50,31,18,23,58,55,13,49,9,63,46,29 3662.0 70.83 18.0
19,57,6,41,7,35,70,5,51,88,54,37,83,8,25,64,84,73,48,61,12,72,15,87,86,74,52,34,0,76,44,42,53,85,1,47,79,77,56,39,71,14,33,9,13,60,22,82,36,45,24,66,63,67,4,30,81,80,40,17,75,59,28,27,32,69,3,62,21,2,68,65,16,38,11,10,26,78,50,31,18,23,46,29,55,20,58,49,43 3766.0 63.39000000000001 16.0
19,57,6,41,7,35,70,5,51,88,54,37,83,8,25,64,84,73,48,15,61,12,72,87,86,74,52,34,0,76,44,42,53,85,1,28,47,79,77,56,39,55,30,14,33,62,60,22,71,82,36,45,24,66,63,67,4,59,81,80,40,17,75,27,32,69,3,20,21,2,43,68,65,16,38,11,10,78,13,31,18,58,26,46,29,50,23,49,9 3679.0 71.245 17.0
19,57,6,7,35,41,70,5,51,88,54,37,83,8,25,64,84,73,48,61,12,72,15,87,86,74,52,34,0,76,44,42,53,85,1,28,78,47,79,20,56,39,30,59,33,46,60,22,71,82,36,45,24,66,63,67,68,14,81,80,40,27,75,32,69,29,9,21,77,43,4,50,13,2,16,11,58,38,65,18,62,23,26,3,49,31,17,55,10 3759.0 65.09599999999999 16.0
19,57,6,41,7,35,70,5,51,88,54,37,83,8,25,64,84,73,48,12,72,15,87,86,74,52,34,0,76,44,42,53,85,1,61,28,47,79,77,56,39,30,14,33,62,60,22,71,82,36,45,24,66,67,4,59,81,80,40,17,75,27,32,69,3,20,21,2,43,68,65,16,38,11,10,26,78,50,31,18,23,58,55,13,49,9,63,46,29 3629.0 83.745 19.0
58,7,35,41,43,5,70,6,49,88,54,37,83,8,25,64,84,73,48,61,12,72,15,87,86,74,52,34,0,76,44,42,53,85,1,28,47,40,77,56,39,30,59,33,60,22,82,71,62,36,45,24,66,63,67,4,14,81,17,79,80,75,27,32,69,3,20,21,68,78,46,10,9,50,13,2,16,11,38,31,18,23,26,55,29,65,51,57,19 3653.0 67.174 22.0
#
16,23,81,87,54,15,88,11,46,29,0,37,1,44,38,76,35,64,5,79,9,18,41,20,72,24,77,42,63,19,55,83,85,33,57,28,58,84,17,7,66,50,31,56,21,68,43,6,78,52,74,73,86,30,12,4,8,67,2,3,40,26,27,59,34,70,65,71,39,22,49,69,13,75,62,14,32,80,51,60,36,25,10,45,48,82,53,61,47 3722.0 59.635999999999996 20.0
72,58,65,80,85,28,62,35,64,81,11,52,70,69,25,7,31,50,33,37,44,0,9,10,87,56,51,86,46,88,23,59,13,74,68,57,1,71,40,78,14,4,15,67,73,42,84,38,20,2,36,26,82,29,24,19,66,27,48,49,79,39,77,21,5,76,8,17,63,61,47,30,6,12,53,83,18,55,43,60,41,34,45,22,75,54,32,3,16 3893.0 59.51500000000001 18.0
16,23,3,87,54,15,88,11,46,29,0,37,26,44,38,76,35,75,5,79,9,18,4,40,72,24,34,42,63,19,55,12,85,33,57,28,58,67,17,7,66,50,31,56,21,68,70,6,78,52,74,73,86,43,83,41,27,84,30,81,20,59,32,1,77,14,65,71,39,22,49,69,13,64,62,2,8,80,51,60,36,25,10,45,48,82,53,47,61 3784.0 56.92400000000001 20.0
16,23,3,87,18,38,69,11,0,6,46,29,26,10,15,76,35,64,5,52,79,9,54,4,40,24,34,42,63,19,55,12,33,57,28,58,85,67,17,7,66,50,31,56,21,68,70,49,78,74,73,86,43,83,41,27,84,30,81,20,59,32,1,77,14,44,22,75,48,37,88,72,13,71,62,2,8,80,51,60,36,25,65,45,39,82,53,61,47 3733.0 54.21999999999999 22.0
72,58,65,80,85,28,62,35,64,81,11,52,70,69,25,7,31,50,33,37,63,0,9,10,87,24,34,42,44,88,23,59,13,74,68,57,1,71,40,78,14,4,15,67,73,86,84,38,26,20,2,36,82,29,56,19,66,27,48,49,79,39,77,21,5,76,8,17,46,61,47,30,6,12,53,83,18,55,43,60,41,51,45,22,75,54,32,3,16 3708.0 60.82 16.0
16,23,3,81,38,69,11,0,6,46,29,26,10,15,76,35,64,5,12,79,9,54,4,40,24,34,42,63,19,55,85,33,57,28,58,67,17,7,66,50,31,56,21,68,70,49,30,78,52,74,73,86,43,83,41,27,84,87,20,59,32,1,77,14,44,22,75,48,37,88,72,80,71,62,2,8,13,51,60,36,25,65,45,39,82,53,18,61,47 3807.0 59.95 18.0
16,23,3,87,18,19,79,24,62,20,26,82,68,38,57,22,30,5,69,49,76,54,4,40,11,34,42,63,10,55,12,85,33,15,28,58,67,17,7,66,50,31,56,21,0,70,64,78,52,74,73,86,43,83,41,27,84,35,81,29,59,32,1,77,39,14,44,9,75,48,37,88,72,13,71,46,2,80,51,60,8,25,36,45,65,6,53,61,47 3647.0 65.166 19.0
73,26,61,33,50,77,76,49,16,84,29,87,72,11,22,12,36,64,56,5,3,37,20,41,24,28,51,46,42,88,2,10,35,25,69,60,44,18,43,67,14,78,74,81,75,19,38,47,59,40,0,70,71,23,82,8,21,32,17,6,4,9,34,15,86,52,55,48,66,79,54,39,83,68,31,57,62,80,7,13,63,30,65,45,58,1,53,85,27 3692.0 84.705 17.0
72,58,65,80,56,28,62,35,64,81,11,1,70,69,25,7,31,50,33,37,63,0,9,10,87,20,51,26,60,46,88,23,59,13,54,8,57,41,76,19,47,4,15,67,21,68,43,6,78,52,74,73,86,30,29,24,53,66,27,48,49,79,39,77,17,5,36,82,83,12,44,22,2,71,85,40,38,14,34,42,3,16,84,18,45,55,75,32,61 4048.0 88.19 15.0
80,68,62,18,24,45,53,54,12,23,36,67,74,35,50,26,21,32,70,3,48,4,25,85,27,34,42,63,19,55,73,40,16,82,86,46,49,11,28,41,43,44,2,78,87,22,30,29,75,65,83,33,79,31,6,47,66,81,58,1,8,39,77,64,5,71,7,38,0,51,15,52,10,76,57,14,56,88,17,60,84,72,59,61,20,69,9,37,13 4104.0 76.565 15.0
72,60,65,80,85,28,62,35,64,81,11,52,42,69,25,7,31,14,33,37,38,0,9,10,87,15,51,86,46,23,59,13,74,68,57,1,71,40,78,50,88,56,21,76,70,49,44,20,2,36,26,82,29,24,19,66,27,48,4,84,79,39,77,67,5,73,8,17,63,61,47,30,6,12,53,83,18,55,43,58,41,34,45,22,75,54,32,3,16 4028.0 108.68999999999998 15.0
16,23,3,87,18,38,69,11,46,29,0,6,26,10,15,76,35,64,5,79,9,54,4,40,24,34,42,63,19,55,12,85,33,57,28,58,67,17,7,66,50,31,56,21,68,70,49,78,52,74,73,86,43,83,41,27,30,84,81,20,59,32,1,77,14,44,22,75,48,37,88,72,80,71,62,2,8,13,51,60,36,25,65,45,39,82,53,61,47 3718.0 55.1 21.0
72,58,65,80,85,54,62,35,64,22,11,52,75,69,25,7,31,50,33,37,44,0,9,10,87,56,51,86,46,88,23,59,13,74,68,57,1,36,71,40,78,14,4,15,67,73,42,84,38,20,2,26,82,29,24,19,66,27,48,49,79,39,77,21,5,76,8,17,63,61,47,30,6,12,53,83,18,55,43,60,16,70,34,45,81,3,32,28,41 3933.0 56.949999999999996 18.0
80,68,62,18,24,45,53,54,12,23,36,67,74,35,50,26,21,32,70,3,48,4,25,85,27,34,42,63,19,55,73,40,16,82,86,46,49,11,28,41,43,44,2,78,87,51,84,38,20,47,17,7,8,29,6,65,66,81,58,1,79,39,77,64,5,71,33,31,0,22,15,52,10,57,14,56,76,88,83,60,30,72,59,61,75,69,9,37,13 3989.0 58.81 17.0
16,23,3,87,18,19,79,24,62,20,26,82,68,38,57,22,30,5,69,49,76,54,4,40,11,34,42,63,10,55,12,85,33,15,28,58,67,17,7,66,50,31,56,21,0,70,64,78,52,74,73,86,43,83,41,27,84,35,81,29,59,32,1,77,39,14,44,9,75,48,37,13,80,36,72,53,2,65,88,51,6,8,45,25,61,60,71,47,46 3612.0 65.89399999999999 20.0
80,51,62,18,24,45,53,54,12,23,36,67,17,35,50,26,21,5,64,3,48,4,25,85,66,34,42,63,9,55,7,40,16,82,8,46,15,11,28,33,29,44,2,79,87,68,70,6,78,52,74,73,86,43,83,41,27,84,30,81,20,59,32,1,77,14,65,71,39,22,49,69,13,57,31,56,76,88,38,60,58,72,0,61,75,47,19,37,10 3876.0 55.47 19.0
80,68,62,18,24,45,53,54,12,23,36,67,74,35,50,26,21,32,70,3,48,4,25,85,27,34,42,63,28,55,73,40,16,82,86,46,49,11,41,19,43,44,2,78,87,51,84,38,20,47,17,7,8,29,6,65,66,81,58,1,79,39,77,64,5,71,33,31,0,22,15,52,10,76,57,14,56,88,83,60,30,72,59,61,75,69,9,37,13 4160.0 66.916 15.0
16,23,3,87,54,33,88,11,46,29,0,37,26,44,38,76,35,75,5,79,9,18,4,40,72,24,34,42,63,19,55,12,85,15,28,58,67,17,7,66,50,31,56,21,68,70,64,78,52,74,73,86,8,20,41,27,84,30,81,83,59,32,1,77,25,45,62,82,65,13,36,80,57,10,48,39,2,60,51,14,49,22,61,53,69,6,47,43,71 3889.0 52.606 20.0
80,68,62,18,24,45,53,54,12,23,36,67,74,35,50,26,21,32,70,3,48,4,25,85,27,34,42,63,19,55,73,40,16,52,86,46,49,11,28,41,56,44,2,78,87,51,84,38,20,47,17,7,8,29,6,65,66,81,58,1,79,39,77,64,5,71,33,31,0,22,15,82,10,76,57,14,43,88,83,60,30,72,59,61,75,69,9,37,13 4071.0 58.516 16.0
72,58,65,66,59,28,62,31,50,81,11,52,26,10,15,76,35,64,5,79,9,54,4,40,24,34,42,63,19,55,12,85,33,74,68,57,1,71,69,78,14,87,25,67,73,86,84,38,70,20,2,36,82,29,6,47,80,27,48,49,37,39,77,21,13,7,8,17,46,61,44,30,56,23,53,83,18,88,43,60,41,51,45,75,22,16,32,0,3 3855.0 56.574000000000005 20.0
16,23,3,87,18,10,29,0,46,11,26,6,69,38,15,76,35,64,5,52,79,9,54,4,40,24,34,42,7,63,19,12,55,33,57,28,58,85,67,17,66,50,31,56,21,68,70,49,78,74,73,86,43,83,41,27,84,30,81,20,59,32,1,77,14,44,22,75,48,37,88,72,13,71,62,2,8,80,51,60,36,25,65,45,39,82,53,61,47 3776.0 53.32 22.0
80,68,62,18,24,45,53,54,12,23,36,67,74,35,50,26,21,32,70,3,48,4,34,85,27,25,42,63,19,55,73,40,16,82,86,46,49,11,28,41,43,44,2,78,87,51,1,38,20,47,17,7,8,29,6,65,66,81,58,84,79,39,77,64,5,71,33,31,0,22,15,52,10,76,57,14,56,88,83,60,30,72,59,61,75,69,9,37,13 4058.0 58.599999999999994 17.0
72,60,65,80,85,28,64,24,62,20,26,82,68,38,57,22,30,5,69,49,33,0,9,10,87,15,51,86,46,23,59,13,74,42,25,1,71,40,78,50,88,56,21,76,70,37,44,81,2,36,11,52,29,35,19,66,27,48,4,84,79,39,77,67,14,73,8,17,63,61,47,31,6,12,53,83,18,55,43,58,41,34,45,7,75,54,32,3,16 4110.0 70.736 15.0
16,23,3,87,18,38,69,24,46,29,68,6,26,19,57,76,35,49,5,79,9,54,4,40,11,34,42,63,10,55,12,85,33,15,28,58,67,17,7,66,50,31,56,21,0,70,64,78,52,74,73,86,43,83,41,30,27,84,81,20,59,32,1,77,14,44,22,75,48,37,88,72,80,71,62,2,8,13,51,60,36,25,65,45,39,82,53,61,47 3770.0 57.95900000000001 20.0
16,23,3,87,18,19,79,24,62,20,26,82,68,38,57,22,30,5,69,49,76,54,4,40,11,34,42,63,10,55,12,85,33,15,28,58,67,17,7,66,50,31,56,21,0,70,64,78,52,74,86,43,83,41,27,84,35,81,29,59,32,1,77,39,14,44,9,75,48,37,13,80,36,72,53,2,65,88,51,73,6,8,45,25,61,60,71,47,46 3644.0 67.16600000000001 19.0
80,68,62,18,24,45,53,54,12,23,36,67,74,35,50,26,21,32,70,3,48,4,25,85,27,34,42,63,19,55,73,40,16,82,86,46,49,11,28,41,43,44,2,78,87,51,84,38,20,47,17,7,8,29,6,65,66,81,58,1,79,39,77,64,5,71,33,31,0,22,15,52,10,76,57,14,56,88,83,60,30,9,72,59,61,75,69,37,13 4056.0 60.075 16.0
16,23,3,87,18,38,69,11,0,71,46,6,26,8,15,76,35,64,5,79,9,54,4,40,24,34,22,63,19,55,12,48,33,57,28,62,75,17,7,2,50,31,56,21,72,70,49,30,78,52,74,73,86,43,13,41,27,88,81,20,59,32,1,77,14,44,42,67,85,65,68,61,29,58,66,10,83,51,84,60,36,25,37,45,39,82,80,53,47 4123.0 70.02000000000001 15.0
#
15,83,42,85,33,72,71,45,0,64,55,4,57,47,1,3,58,5,40,29,68,53,7,65,24,56,35,73,67,84,12,16,11,23,43,37,34,78,31,25,86,39,61,88,18,27,74,26,59,10,49,70,14,8,21,54,48,13,32,80,41,81,20,6,66,87,44,46,9,17,69,79,22,38,30,60,82,77,75,2,50,63,36,52,28,76,51,19,62 3884.0 95.285 13.0
52,88,60,48,28,37,38,50,35,18,87,16,55,29,45,27,51,54,79,76,5,56,24,2,6,78,82,74,73,15,25,7,36,20,13,32,84,67,31,66,3,71,40,57,83,21,17,65,80,22,49,43,59,42,0,8,85,86,30,4,58,61,39,23,41,47,68,14,81,34,63,10,46,19,69,9,11,62,26,12,75,1,64,53,44,77,72,70,33 4010.0 78.89499999999998 14.0
24,27,72,34,21,16,20,45,48,0,50,11,70,30,80,73,40,7,57,43,88,49,35,86,66,15,26,25,56,71,22,69,63,23,54,64,76,6,28,60,19,59,3,4,84,8,9,46,75,33,42,36,83,17,68,65,62,74,53,38,58,61,79,51,41,82,5,78,81,2,67,10,52,85,87,18,12,32,13,44,37,77,29,55,14,31,39,1,47 3767.0 80.62600000000002 18.0
16,39,7,25,26,14,34,70,54,35,69,28,75,24,77,60,29,27,1,64,45,37,19,62,33,53,47,21,42,66,56,9,83,55,76,84,46,63,31,15,3,71,40,57,36,74,17,65,80,22,49,43,59,68,51,13,52,86,30,4,58,61,79,48,41,82,5,78,81,2,67,10,8,85,87,18,12,32,88,44,6,23,0,38,20,11,50,73,72 3654.0 95.335 22.0
24,27,72,32,85,41,20,26,81,30,43,66,70,49,35,17,40,7,87,10,76,13,51,48,75,67,29,68,62,71,12,65,84,11,2,54,34,18,6,28,31,25,44,38,4,8,60,57,78,33,42,36,83,55,50,59,5,53,46,14,9,15,0,80,73,61,64,69,19,86,22,37,79,63,23,82,88,56,77,21,16,52,45,74,3,58,39,1,47 3786.0 54.6 21.0
34,79,23,7,64,1,88,16,53,82,5,66,13,37,36,58,80,2,49,45,11,76,21,8,60,73,20,24,3,15,54,86,63,28,83,30,69,19,0,17,61,62,39,43,4,84,85,9,75,12,31,40,68,51,18,52,70,55,10,87,74,81,26,46,50,33,44,72,59,41,56,78,25,35,57,32,77,71,67,48,22,42,29,65,14,38,6,47,27 3861.0 62.706 19.0
73,82,58,29,47,25,79,53,41,32,1,65,60,4,11,16,2,7,21,88,71,64,59,18,34,30,6,76,20,24,3,15,54,86,63,28,83,69,19,0,17,61,62,39,43,36,84,85,9,75,12,31,40,68,51,13,52,70,55,10,87,74,81,26,46,50,33,44,72,8,22,37,27,78,23,42,49,35,5,48,57,56,66,14,77,45,67,38,80 3831.0 64.34000000000002 18.0
73,33,23,7,84,1,16,41,53,5,2,18,85,46,70,51,43,66,82,49,45,11,76,21,52,60,68,20,24,3,15,54,86,63,28,83,30,69,19,0,57,81,29,36,40,26,27,12,59,61,65,87,42,48,64,8,13,47,9,4,58,32,35,62,50,75,78,38,79,22,37,25,44,74,88,31,71,72,10,34,6,56,55,14,77,39,67,17,80 3771.0 71.78000000000003 17.0
87,79,23,29,33,25,48,65,41,70,5,82,2,83,46,24,51,20,55,71,39,73,1,36,6,64,72,11,60,47,42,15,34,40,85,9,7,63,38,57,81,68,52,28,26,27,12,4,61,53,18,8,21,54,16,13,32,75,59,50,3,35,62,58,76,78,0,86,22,84,37,30,44,74,88,31,49,43,10,19,69,56,66,14,77,45,67,17,80 3766.0 70.97 19.0
52,88,60,48,28,37,38,50,35,18,87,16,55,29,45,27,51,54,79,76,5,56,24,2,6,78,82,74,73,15,25,7,36,20,13,32,84,67,31,66,3,71,40,57,83,21,17,65,80,22,49,43,34,42,0,8,85,86,30,4,58,61,39,23,41,47,33,44,72,59,63,10,46,19,69,9,11,62,26,12,75,1,64,53,14,77,81,70,68 4012.0 69.07499999999999 14.0
54,1,9,6,55,47,85,22,4,41,24,2,40,28,45,27,78,43,38,82,10,75,81,60,61,13,31,52,12,77,3,84,36,86,63,42,83,70,44,50,48,21,66,7,23,19,49,34,68,30,67,29,88,5,46,16,37,32,76,35,74,65,39,0,80,58,57,71,18,73,20,87,62,11,15,53,8,69,17,33,56,51,14,26,25,72,79,59,64 4084.0 53.42 22.0
87,79,34,29,33,1,14,26,41,64,17,2,40,28,45,12,27,78,43,38,82,67,75,81,60,61,13,31,52,77,3,84,36,86,63,42,83,30,44,50,48,21,66,7,23,19,49,85,68,22,10,72,71,74,46,16,37,32,76,35,5,65,39,0,80,58,57,88,47,8,20,25,73,24,55,70,9,6,69,11,15,18,54,56,4,51,62,53,59 3667.0 56.255 20.0
73,82,50,29,54,58,61,7,41,81,74,1,3,0,4,11,68,24,51,43,88,71,39,87,75,65,6,18,13,72,70,59,47,8,15,76,40,52,9,48,83,31,27,79,30,21,28,26,57,63,33,55,62,78,36,46,16,42,5,53,38,60,49,35,85,25,34,12,2,86,22,37,64,44,23,84,32,20,10,19,69,56,66,14,77,45,67,17,80 3880.0 81.97 14.0
15,18,42,88,21,61,67,45,48,77,50,85,70,30,41,2,7,82,43,78,49,47,86,66,10,55,31,52,83,22,13,63,23,39,64,81,6,28,60,19,1,3,4,84,12,9,68,17,69,53,57,14,8,33,54,46,16,32,40,80,29,34,20,79,24,87,44,0,72,59,56,26,27,38,5,25,58,37,75,74,35,11,36,71,73,76,51,65,62 3742.0 87.68399999999998 19.0
87,79,23,29,33,1,48,65,41,71,17,82,2,18,32,4,37,66,85,45,11,76,10,63,13,61,21,77,5,12,80,88,34,42,83,69,30,47,40,64,14,54,39,57,15,49,68,24,36,55,62,0,50,60,20,53,16,84,51,74,81,26,46,31,3,44,28,59,52,8,78,25,73,43,22,70,9,6,86,58,19,7,35,56,72,67,75,27,38 3827.0 67.95 19.0
15,83,42,85,33,72,71,45,0,64,55,4,57,47,1,3,58,5,40,29,68,53,7,65,24,56,35,73,67,84,12,16,11,23,43,37,34,78,31,25,86,39,61,88,18,27,41,26,59,10,49,70,14,8,21,54,48,13,32,51,74,81,20,6,66,87,44,46,9,17,69,79,22,38,30,60,82,77,75,2,50,63,36,52,28,76,80,19,62 3856.0 80.71 16.0
4,6,7,70,25,72,14,0,54,35,69,28,75,24,77,60,29,27,1,64,45,37,19,62,33,53,47,21,42,66,56,9,83,55,76,52,36,80,44,50,48,31,82,84,23,40,49,34,68,43,10,13,71,74,46,16,67,32,63,41,5,65,39,22,30,58,11,88,18,73,20,87,2,81,57,15,61,8,17,12,3,51,85,26,86,78,79,59,38 3829.0 109.23500000000001 16.0
87,79,23,29,33,25,56,30,41,70,5,82,40,18,53,48,4,38,20,66,49,45,11,76,21,8,24,31,52,77,9,83,86,63,42,75,62,65,47,2,17,14,16,39,43,36,26,85,64,0,13,81,44,68,46,12,37,32,50,59,84,15,55,80,73,61,34,69,19,60,10,71,1,54,57,22,78,51,6,88,58,28,7,35,3,74,67,72,27 3884.0 55.26 18.0
73,82,50,29,54,58,61,7,81,41,24,86,40,28,45,84,27,78,43,88,71,39,23,75,65,6,20,37,72,70,59,47,8,15,76,0,30,9,48,83,31,1,79,64,21,4,26,57,63,33,55,62,51,36,60,16,42,5,53,38,46,74,49,35,19,25,34,68,3,2,67,10,52,85,87,18,12,32,13,44,69,56,66,14,77,11,22,17,80 4198.0 68.03999999999999 14.0
34,79,23,7,64,1,88,16,41,55,86,70,66,13,37,36,58,45,2,49,67,11,76,21,12,87,59,20,24,3,15,54,82,63,28,83,30,69,19,0,17,61,52,39,43,4,84,72,10,75,8,81,40,6,65,85,62,5,53,9,60,74,31,26,46,50,57,71,18,73,56,78,25,35,33,32,77,44,80,48,22,42,29,51,14,38,68,47,27 3835.0 71.39600000000002 17.0
73,82,18,29,54,70,61,7,41,75,1,3,34,72,4,11,46,24,52,43,88,71,50,26,81,59,55,39,79,8,58,68,48,0,78,17,40,51,38,36,76,49,16,13,64,25,28,87,57,15,33,42,47,83,6,65,85,62,5,53,9,60,74,31,35,27,21,12,2,86,22,37,30,44,23,84,32,20,10,19,69,56,66,14,77,45,67,63,80 4082.0 60.620000000000005 15.0
73,88,6,48,29,47,57,85,22,4,41,24,2,40,28,45,12,27,78,43,38,82,67,75,81,60,61,13,31,52,77,3,84,36,20,5,32,7,56,74,66,25,71,55,83,21,17,65,80,50,49,79,59,42,0,8,76,86,30,35,58,54,39,23,18,37,68,14,16,34,63,10,46,19,69,9,11,62,26,51,87,1,64,53,44,15,72,70,33 3710.0 104.004 17.0
73,82,50,29,54,58,61,7,41,81,74,1,3,0,4,11,68,24,51,43,88,71,39,87,75,65,6,18,13,72,70,59,47,8,15,76,40,52,9,48,83,31,27,79,30,21,28,26,57,63,33,55,62,78,36,46,16,42,5,53,38,60,49,35,85,25,34,12,2,86,22,37,44,23,84,32,20,10,19,69,56,64,66,14,77,45,67,17,80 3972.0 75.97 15.0
73,78,79,7,84,56,16,50,35,5,2,18,13,38,27,51,87,55,82,48,45,88,76,25,52,60,68,20,24,36,15,54,6,37,28,29,74,67,31,66,3,71,40,57,83,21,17,65,80,22,49,43,34,42,0,8,85,86,30,4,58,61,39,23,41,47,33,44,72,59,63,10,46,19,69,9,11,62,26,12,75,1,64,53,14,77,81,70,32 3756.0 86.845 18.0
73,82,50,29,54,58,61,7,41,81,38,1,3,0,4,11,68,24,51,84,88,71,39,21,75,36,78,18,13,72,70,59,55,8,26,76,40,52,63,44,49,16,20,32,25,28,87,57,15,33,42,47,83,6,65,85,62,5,53,9,60,74,31,35,46,30,34,12,2,86,22,37,48,23,43,79,27,10,19,69,56,64,66,14,77,45,67,17,80 4035.0 68.04599999999999 13.0
73,82,59,29,54,58,64,60,41,81,1,12,0,4,11,76,40,24,51,43,88,36,39,87,31,65,6,9,13,55,70,78,47,8,15,42,83,80,44,50,48,19,66,56,23,49,85,68,22,10,72,71,74,46,16,26,62,5,53,38,79,63,52,14,57,25,34,3,21,2,86,17,37,27,18,61,84,32,20,33,69,28,7,35,77,45,67,75,30 3877.0 59.099999999999994 16.0
52,88,60,48,28,37,38,50,35,18,25,87,16,55,29,45,27,51,54,23,76,5,56,24,2,6,78,82,74,73,15,7,36,39,13,32,84,67,31,66,3,71,40,57,83,21,17,65,80,22,49,43,61,42,0,8,85,86,30,4,58,34,20,79,41,47,33,44,72,59,63,10,46,19,69,9,11,62,26,12,75,1,64,53,14,77,81,70,68 3969.0 81.235 15.0
73,82,50,29,79,58,62,7,41,81,1,38,0,4,48,46,24,51,43,88,71,64,87,15,28,6,33,31,52,77,9,83,86,63,42,75,44,30,47,40,3,12,54,39,80,57,36,74,49,34,68,61,65,11,21,16,76,5,53,2,27,78,45,35,85,25,18,55,13,8,22,37,59,72,23,20,32,84,10,19,69,56,66,14,70,26,67,17,60 3817.0 68.80999999999999 18.0
87,79,23,29,33,25,48,65,41,70,5,82,2,83,46,24,51,20,55,71,39,73,1,36,6,64,72,11,60,47,42,15,34,40,85,9,7,63,38,57,81,68,52,28,26,27,12,4,61,53,18,8,21,54,16,13,32,75,59,50,3,35,62,58,43,31,78,77,86,0,67,10,19,22,66,88,74,80,76,49,44,56,69,45,14,30,17,84,37 3806.0 69.57000000000001 19.0
#
