# Problem = StaticVNFPlacementProblem
# Variables = 1
# Objectives = 3
69,52,33,71,27,24,11,41,37,26,14,56,68,25,19,44,55,18,17,16,72,1,65,73,51,23,66,30,29,64,80,45,10,74,77,9,79,4,28,61,8,20,59,15,31,81,57,49,36,46,40,21,7,60,34,0,63,38,48,42,22,35,58,43,5,53,2,67,75,76,32,50,39,12,47,6,3,13,78,62,70,54 3666.0 102.99600000000001 11.0
69,29,33,80,25,68,54,11,58,63,53,73,23,42,32,16,75,28,72,8,51,57,36,19,27,38,43,52,18,22,35,6,62,12,5,10,55,47,70,61,2,20,59,15,4,81,1,49,56,64,40,45,7,60,77,0,46,17,14,9,67,41,71,21,76,48,74,34,79,50,26,31,37,24,66,30,3,13,78,65,39,44 3573.0 50.602000000000004 18.0
79,29,57,36,18,66,63,11,16,28,52,8,47,13,21,62,74,67,26,77,15,60,35,56,45,54,32,41,2,61,43,12,50,25,72,37,81,34,4,22,39,59,23,75,69,9,73,5,76,6,78,70,71,20,53,7,42,3,10,64,17,51,49,24,65,38,30,27,0,1,31,80,40,55,48,68,14,46,33,58,19,44 3557.0 57.108000000000004 15.0
54,59,39,65,11,1,38,35,42,13,40,10,6,25,63,15,55,23,17,76,51,57,49,81,2,0,14,44,37,30,53,73,21,20,67,9,75,24,47,72,66,77,46,19,69,36,8,5,41,4,78,70,71,61,60,80,7,32,43,62,33,29,56,74,18,26,34,45,27,12,50,48,31,52,58,22,79,64,28,16,68,3 3680.0 55.983999999999995 14.0
50,39,3,80,25,68,54,11,58,63,53,73,23,42,32,16,75,46,12,76,51,57,36,19,27,38,43,52,18,22,35,6,62,72,5,10,55,47,70,61,2,20,59,15,4,81,1,49,56,64,40,45,7,60,77,0,28,17,66,9,33,29,14,21,30,26,71,44,13,48,8,37,24,69,74,65,67,31,78,41,79,34 3437.0 84.71200000000002 13.0
54,59,39,67,11,1,38,35,42,13,40,10,6,25,53,15,2,23,17,8,47,57,49,36,55,27,14,74,52,0,63,76,44,61,30,81,28,58,80,16,22,34,45,62,69,48,73,5,41,4,78,70,71,20,60,51,7,32,43,19,33,29,56,21,18,26,77,46,12,50,9,31,37,24,66,79,64,75,72,68,65,3 3349.0 53.21800000000001 18.0
69,18,33,0,68,5,31,58,24,63,53,73,62,42,32,16,55,49,6,65,35,11,23,81,2,64,14,56,52,76,22,51,48,40,37,10,3,66,70,61,74,20,59,17,80,7,57,60,43,79,34,36,28,75,50,12,78,15,38,9,67,41,25,45,1,30,44,27,77,19,72,13,54,47,21,39,26,71,4,29,46,8 3898.0 106.372 10.0
54,59,39,67,11,1,38,35,42,13,40,10,6,25,53,15,2,23,58,8,51,57,49,36,55,44,14,74,52,0,63,76,27,61,30,81,28,17,80,16,22,34,45,62,69,48,73,5,41,4,78,70,71,20,60,47,7,32,43,19,33,29,56,21,18,26,77,46,12,50,9,31,37,24,66,79,64,75,72,68,65,3 3332.0 70.248 14.0
54,59,39,67,11,1,38,35,42,13,40,10,6,25,63,15,55,23,17,76,51,57,49,81,2,0,14,74,52,27,53,8,44,61,30,36,28,58,80,16,22,34,45,62,69,48,73,5,41,4,78,70,71,20,60,47,7,32,43,19,33,29,56,21,18,26,77,46,12,50,9,31,37,24,66,79,64,75,72,68,65,3 3374.0 61.69800000000001 14.0
54,59,39,67,11,1,38,35,42,13,40,10,6,25,53,15,2,23,17,8,51,57,49,36,55,27,14,74,52,65,63,76,44,61,30,81,28,58,80,16,22,34,45,62,69,48,73,5,41,4,78,70,71,20,60,47,7,32,43,19,33,29,56,21,18,26,77,46,64,50,9,31,37,24,66,79,12,75,72,68,0,3 3291.0 57.114000000000004 19.0
54,59,39,67,11,1,38,35,42,13,40,10,6,25,53,15,55,49,17,8,51,57,23,36,2,27,14,74,52,0,63,76,44,61,30,81,28,58,80,16,22,34,45,62,69,48,5,73,41,4,78,70,71,20,60,47,7,32,43,19,33,29,56,21,18,26,77,46,12,50,9,31,37,24,66,79,64,75,72,68,65,3 3305.0 82.358 15.0
54,59,39,67,11,1,38,35,42,13,40,10,6,25,53,15,2,28,23,17,8,51,57,49,36,55,27,14,74,52,65,63,76,44,61,30,81,58,80,16,22,34,45,62,69,48,73,5,41,4,78,70,71,20,60,47,7,32,43,19,33,29,56,21,18,26,77,46,12,50,9,31,37,24,66,79,64,75,72,68,0,3 3401.0 61.1 16.0
54,59,39,67,11,1,38,35,42,13,40,10,6,25,63,15,55,23,17,76,51,57,49,81,2,0,14,74,52,27,53,8,44,61,30,36,28,58,80,16,22,34,45,62,69,48,73,5,41,4,78,29,71,20,60,47,7,32,43,19,70,33,56,21,18,26,77,46,12,50,9,31,37,24,66,79,64,75,72,68,65,3 3407.0 57.53800000000001 14.0
54,59,39,67,11,1,38,35,42,13,40,10,6,25,53,15,2,28,23,17,8,51,57,49,36,55,27,14,74,52,65,63,76,44,61,30,81,58,80,16,22,34,45,62,69,48,73,5,41,4,78,70,71,46,20,60,47,7,32,43,19,33,29,56,21,18,26,77,12,50,9,31,37,24,66,79,64,75,72,68,0,3 3432.0 56.0 16.0
54,59,39,67,11,1,38,35,42,13,40,10,6,25,63,15,55,23,17,76,51,57,49,81,2,0,14,74,52,27,53,8,44,61,30,36,28,58,80,3,22,34,45,62,69,48,73,5,41,4,78,70,71,20,21,47,7,32,43,19,33,29,56,60,18,26,77,46,12,50,9,31,37,24,66,79,64,75,72,68,65,16 3373.0 61.81500000000001 14.0
54,59,39,67,11,1,38,35,42,13,40,10,6,25,53,15,2,23,17,8,51,57,49,36,27,14,74,52,65,63,76,44,61,30,81,28,58,80,55,16,22,34,45,62,69,48,73,5,41,4,78,70,71,20,60,47,7,32,43,19,33,29,56,21,18,26,77,46,12,50,9,31,37,24,66,79,64,75,72,68,0,3 3286.0 65.78 17.0
50,15,46,6,40,42,57,1,55,39,35,3,75,68,72,17,76,74,24,31,25,20,11,23,54,67,14,56,52,65,22,8,44,61,30,36,28,58,80,16,63,34,45,62,69,48,73,5,41,4,78,13,71,79,60,47,7,66,43,19,33,29,37,2,18,26,77,27,70,9,21,12,49,53,64,59,0,81,38,32,10,51 3672.0 58.15000000000001 13.0
54,59,39,67,11,1,38,35,58,13,40,10,6,25,53,15,2,23,17,8,51,57,49,36,55,27,14,74,52,0,63,76,44,61,30,81,28,42,80,16,22,34,45,62,69,48,73,5,41,4,78,70,71,20,60,47,7,32,43,19,33,29,56,21,18,26,77,46,64,50,68,9,31,37,24,66,79,12,75,72,65,3 3312.0 60.198 18.0
54,59,39,67,11,1,38,35,42,13,40,10,6,25,53,15,2,23,17,8,51,57,49,36,55,27,14,74,52,65,63,76,44,61,30,81,28,58,80,16,22,34,45,62,69,48,73,5,41,4,78,68,70,71,20,60,47,7,32,43,19,33,29,56,21,18,26,77,46,12,50,9,31,37,24,66,79,64,75,72,0,3 3294.0 77.368 16.0
54,59,39,67,11,1,38,35,42,13,40,10,6,25,53,15,2,23,17,8,51,57,49,36,55,27,14,74,52,0,63,76,16,44,61,81,28,58,80,30,22,34,45,62,69,48,73,5,41,4,78,70,71,20,60,47,7,32,43,19,33,29,56,21,18,26,77,46,12,50,9,31,37,24,66,79,64,75,72,68,65,3 3331.0 57.114000000000004 18.0
54,59,39,67,35,1,38,11,42,13,40,10,6,25,63,15,55,23,17,76,51,57,49,81,2,0,14,74,52,27,53,8,44,61,30,36,28,58,80,16,22,34,45,62,69,48,73,41,4,78,70,71,20,60,47,7,32,43,19,33,29,56,5,21,18,26,77,46,12,50,9,31,37,24,66,79,64,75,72,68,65,3 3448.0 59.110000000000014 12.0
54,59,39,67,11,1,38,35,42,13,40,10,6,25,53,15,2,23,17,8,51,57,49,36,55,27,14,74,52,65,63,76,44,61,30,81,28,58,80,16,22,34,45,62,69,48,73,5,0,4,78,70,71,20,60,47,7,32,43,19,33,29,56,21,18,26,77,46,12,50,9,31,37,24,66,79,64,75,72,68,41,3 3261.0 81.768 16.0
54,59,39,67,11,1,38,35,42,13,40,10,6,25,53,15,2,23,17,8,51,57,49,36,55,27,14,74,52,0,63,76,44,61,30,81,28,58,80,16,22,34,45,62,69,48,73,5,41,4,78,70,71,20,60,47,7,32,43,19,33,29,56,21,18,26,77,46,64,50,68,9,31,37,24,66,79,12,75,72,65,3 3330.0 58.198 18.0
#
21,3,45,26,1,66,18,6,81,7,64,52,53,47,28,34,11,44,58,76,14,51,25,75,71,56,46,22,65,41,8,38,0,63,15,32,77,2,33,12,43,16,4,48,50,73,74,24,23,61,78,42,13,69,19,20,57,40,60,35,17,54,55,59,29,62,37,49,27,79,31,70,72,5,39,9,36,10,68,67,80,30 3714.0 75.59000000000002 10.0
21,3,47,49,48,45,14,6,63,20,64,77,76,27,53,60,33,2,57,79,22,37,11,16,75,32,50,72,8,29,78,1,26,24,81,39,9,42,69,70,18,38,15,46,25,30,56,0,4,52,36,43,67,59,71,19,35,68,28,73,51,40,17,65,66,55,62,12,23,58,44,34,13,5,61,54,7,10,74,31,80,41 3410.0 55.422000000000004 14.0
21,3,12,24,48,66,18,20,81,16,19,23,32,74,40,33,13,52,6,76,35,25,17,71,57,46,65,26,8,39,45,63,58,61,54,31,38,68,34,47,2,7,41,1,30,78,0,4,44,36,43,67,59,75,64,22,56,28,69,51,60,53,29,11,55,62,37,49,27,79,77,70,72,5,14,9,15,10,73,42,80,50 3532.0 61.900000000000006 12.0
21,3,26,25,48,45,14,6,33,78,19,27,77,71,53,75,50,18,57,47,31,55,54,51,60,22,63,2,36,37,56,24,81,7,44,61,46,70,1,74,20,8,0,62,79,49,28,65,34,35,69,15,59,38,64,76,13,4,68,16,40,9,17,52,29,66,30,67,12,23,58,39,43,72,5,42,11,10,73,32,80,41 3389.0 57.214000000000006 14.0
21,3,18,49,48,24,66,60,81,16,19,27,44,47,53,58,13,52,6,76,35,25,17,71,57,46,65,20,14,4,8,38,0,63,61,54,31,68,34,74,2,7,41,1,30,78,45,26,77,36,43,67,59,75,64,22,56,28,69,51,33,40,29,11,55,62,37,12,23,79,32,70,72,5,39,9,15,10,73,42,80,50 3879.0 69.612 11.0
21,3,26,25,48,45,14,6,33,11,19,27,77,71,53,75,50,18,57,47,31,55,54,51,60,22,63,2,36,67,56,24,81,7,44,9,42,69,70,1,74,20,8,0,62,79,49,28,65,35,46,15,59,38,64,76,13,4,68,16,40,17,52,29,66,43,37,12,23,58,39,34,72,5,61,30,78,10,73,32,80,41 3260.0 62.58400000000001 14.0
21,3,47,49,48,45,14,6,59,20,19,27,77,53,60,68,2,57,63,79,22,66,11,16,75,32,50,8,29,78,1,74,24,81,39,9,42,69,70,65,67,72,73,25,30,35,58,4,52,36,43,71,64,76,38,33,46,28,18,51,40,17,26,56,55,62,37,12,23,0,44,34,15,5,61,54,7,10,13,31,80,41 3437.0 64.26200000000001 13.0
21,3,47,49,48,45,46,6,63,20,43,77,52,27,53,60,33,2,57,79,22,66,11,16,75,32,50,8,29,35,78,1,56,24,81,39,9,42,69,18,26,0,72,73,25,30,13,19,4,36,67,59,71,64,76,38,68,28,70,51,40,17,65,14,55,62,37,12,23,58,61,34,15,5,44,54,7,10,74,31,80,41 3352.0 71.40499999999999 13.0
21,3,47,49,48,45,67,41,6,63,20,43,77,30,27,53,60,33,2,57,79,22,66,11,16,75,32,50,8,29,35,78,1,56,24,81,39,9,42,69,18,13,19,52,72,73,46,26,37,4,5,25,68,71,64,76,38,59,28,70,51,17,65,14,55,62,0,12,23,58,44,34,15,36,61,54,7,10,74,31,80,40 3401.0 56.208999999999996 15.0
21,3,47,49,48,45,46,6,63,20,43,77,52,27,53,60,33,2,57,79,22,66,11,16,75,32,50,78,8,29,35,1,56,24,81,39,9,42,69,18,13,19,72,73,25,30,26,0,4,36,67,59,71,64,76,38,68,28,70,51,40,17,65,14,55,62,37,23,58,44,34,15,12,5,61,54,7,10,74,31,80,41 3305.0 54.29999999999998 16.0
21,3,47,49,48,45,46,6,63,20,43,77,52,27,53,60,33,2,57,79,22,11,16,75,32,50,8,29,35,78,1,56,24,81,39,9,42,69,18,13,19,72,73,66,25,30,26,0,76,5,67,59,71,64,4,38,68,28,70,51,40,17,65,14,55,62,37,61,74,44,23,34,41,36,12,31,15,10,54,58,80,7 3299.0 58.218 14.0
21,3,74,43,48,45,49,6,63,47,46,77,52,27,53,60,33,2,57,79,22,66,11,16,75,32,50,8,70,35,78,1,56,24,81,39,9,42,69,18,26,0,72,73,25,30,13,19,4,36,67,59,71,64,76,38,68,28,29,51,40,17,65,14,55,62,37,12,23,58,44,34,15,5,61,54,7,10,20,31,80,41 3551.0 54.42000000000001 14.0
21,3,47,49,48,45,46,6,63,20,43,77,52,27,53,60,33,2,57,79,22,66,11,16,75,32,50,72,8,29,78,1,26,24,81,39,70,42,69,18,56,0,35,73,25,30,13,19,4,36,67,59,71,64,76,38,68,28,9,51,40,17,65,14,55,62,37,12,23,58,44,34,15,5,61,54,7,10,74,31,80,41 3358.0 57.013999999999996 15.0
21,3,47,49,48,45,67,41,6,63,20,43,77,30,27,53,60,33,2,57,79,22,66,11,16,75,32,50,8,29,35,78,1,56,24,81,39,9,42,69,18,13,19,52,72,73,46,26,0,4,5,25,68,71,64,76,38,59,28,70,51,17,65,14,55,62,37,12,23,58,44,34,15,36,61,54,7,10,74,31,80,40 3387.0 56.20900000000001 15.0
21,3,47,49,48,45,14,6,63,64,77,76,27,53,60,33,2,57,79,22,37,20,11,16,75,32,50,72,8,29,78,1,26,24,81,39,9,42,69,70,18,38,13,74,25,30,56,0,4,52,36,43,67,59,71,58,35,68,28,73,51,40,17,65,66,55,62,12,23,19,44,34,15,5,46,61,31,80,41,7,10,54 3501.0 54.445 13.0
21,3,47,49,48,45,46,6,63,20,43,77,52,27,53,60,33,2,57,79,22,66,11,16,75,32,50,8,29,37,78,1,56,24,81,39,9,42,69,18,26,0,72,73,25,30,13,19,4,36,67,59,71,64,76,38,68,28,70,51,40,17,65,14,55,62,35,12,23,58,44,34,15,5,61,54,7,10,74,31,80,41 3412.0 53.394 15.0
#
8,18,37,33,64,35,2,29,53,6,36,63,24,81,42,72,46,48,65,56,80,25,76,3,71,68,19,50,62,38,45,20,32,41,23,67,14,16,51,13,78,74,28,1,49,54,27,10,11,12,73,47,61,58,55,69,44,4,30,43,31,39,57,0,40,77,52,15,60,66,75,7,59,5,21,9,70,22,26,79,34,17 3447.0 59.304 12.0
70,52,9,4,71,6,31,65,5,74,55,80,49,37,41,42,72,17,21,3,0,40,33,78,35,30,81,53,79,63,48,50,76,23,57,77,16,19,64,32,68,27,20,36,1,60,26,24,15,10,38,44,75,56,67,58,66,62,7,61,28,54,18,45,2,34,59,39,69,51,14,12,11,13,8,47,43,29,73,46,22,25 3337.0 85.494 17.0
79,34,24,76,52,4,22,46,66,39,70,68,65,2,36,81,21,71,33,3,20,15,77,23,29,18,45,26,50,0,5,63,55,74,9,49,16,72,12,32,51,37,78,28,14,31,59,38,64,75,47,19,6,10,25,61,56,60,43,67,62,48,54,13,80,58,53,41,1,17,40,8,73,69,7,30,44,11,57,35,42,27 3423.0 88.63 14.0
8,18,37,33,64,35,46,29,53,6,36,63,24,81,42,71,2,55,65,56,80,25,76,3,72,68,19,50,62,38,45,20,32,41,23,67,14,16,51,13,78,74,28,1,49,54,27,10,9,11,12,73,47,61,58,48,69,44,4,30,43,31,39,57,0,40,77,52,15,60,66,75,7,59,5,21,70,22,26,79,34,17 3557.0 91.71400000000001 11.0
70,73,9,4,71,6,78,53,77,18,19,8,55,39,61,35,2,11,48,34,52,32,41,74,38,28,50,29,65,45,20,7,23,12,69,81,51,54,37,36,33,67,24,15,31,63,59,13,64,75,3,57,27,42,80,17,1,10,72,40,46,68,5,22,76,43,79,25,16,21,47,56,26,49,14,0,30,58,66,62,60,44 3474.0 53.81000000000001 18.0
50,34,24,76,52,4,22,46,66,3,70,25,33,1,2,71,44,73,55,39,28,54,38,78,58,19,36,61,79,0,5,63,65,74,9,49,16,72,12,32,51,37,23,20,14,31,59,77,64,75,47,18,6,10,68,26,56,60,43,67,62,48,15,13,80,29,45,41,53,17,40,8,81,69,7,30,21,11,57,35,42,27 3418.0 87.54 15.0
50,71,46,0,60,24,45,32,44,42,35,30,72,76,67,29,54,25,7,21,56,1,4,36,3,14,22,57,65,38,61,78,63,49,28,81,77,79,8,73,34,9,58,37,69,39,74,13,26,16,59,55,11,23,10,40,5,43,64,62,6,18,15,80,19,53,2,47,51,17,31,27,41,52,68,48,75,12,33,20,70,66 3421.0 55.164 17.0
8,18,15,33,79,35,2,34,53,59,36,19,13,26,62,42,72,46,48,17,56,69,25,76,3,38,68,50,22,65,45,20,7,41,23,67,14,16,51,37,78,28,12,1,49,74,63,27,10,11,54,73,71,61,58,55,32,44,9,30,21,31,39,57,0,75,60,70,77,47,64,52,4,29,80,81,66,5,6,24,40,43 3650.0 57.71000000000001 11.0
70,52,9,4,71,6,31,65,5,1,55,80,36,20,41,42,72,17,21,3,0,40,68,78,35,30,81,53,79,60,48,50,76,23,38,77,16,19,64,32,33,67,24,49,74,63,27,37,15,10,57,44,75,56,26,58,66,62,7,61,28,54,18,45,2,34,59,39,69,51,14,12,11,13,8,47,43,29,73,46,22,25 3374.0 98.14800000000001 16.0
79,34,21,76,52,4,22,46,66,15,70,68,65,29,54,25,24,7,72,40,8,77,38,81,2,74,3,61,18,49,60,12,67,11,14,48,16,51,73,78,28,30,50,35,36,63,59,13,64,75,47,19,6,10,23,9,56,5,43,26,62,55,31,39,57,58,53,41,1,17,0,80,45,69,71,33,44,32,20,37,42,27 3373.0 69.81 18.0
8,18,15,33,79,35,2,34,53,59,36,19,13,26,62,42,72,46,48,17,56,69,25,76,3,38,68,50,22,65,45,20,32,41,5,67,14,54,66,78,28,9,1,37,74,63,27,10,11,51,73,71,61,58,55,7,44,12,30,21,31,39,57,0,75,60,70,77,47,64,52,16,4,29,80,81,49,23,6,24,40,43 3718.0 58.753 10.0
50,71,46,0,60,45,32,44,70,35,30,72,76,67,29,54,25,24,7,21,56,1,23,36,41,14,22,57,3,65,16,61,78,63,49,28,81,77,79,8,48,34,9,58,37,69,74,27,10,11,38,73,47,26,55,13,40,5,43,64,62,6,18,15,80,19,53,2,51,17,31,39,4,52,68,59,75,12,33,20,42,66 3465.0 55.763999999999996 15.0
50,71,46,0,60,45,32,44,42,35,30,72,76,67,29,54,25,24,7,21,56,1,4,36,41,14,22,57,65,38,61,78,63,49,28,81,77,26,8,73,34,9,58,37,69,39,74,13,79,16,59,55,11,23,10,40,5,43,64,62,6,18,15,80,19,53,2,47,51,17,31,27,3,52,68,48,75,12,33,20,70,66 3609.0 52.95 14.0
70,52,9,4,71,6,31,65,24,74,55,67,49,37,41,51,7,58,69,38,0,61,33,35,60,81,53,18,66,48,50,45,23,44,77,12,19,64,32,36,11,39,15,63,30,62,5,54,43,3,57,27,42,80,17,1,10,72,40,46,68,13,29,76,16,78,22,14,20,21,47,75,56,34,8,79,2,26,73,28,59,25 3409.0 61.04400000000001 16.0
8,18,15,33,64,35,2,29,80,59,36,19,13,26,62,42,72,46,48,17,56,69,25,76,3,38,68,50,22,65,45,20,32,41,23,67,14,16,54,66,78,28,9,1,37,74,63,27,10,11,51,73,71,61,58,55,7,44,12,30,31,21,39,57,0,77,75,60,52,79,40,49,34,24,4,81,47,5,53,6,70,43 3628.0 82.08200000000001 11.0
8,18,37,33,42,64,35,46,29,53,6,36,63,24,81,71,2,55,65,56,80,25,76,3,72,68,19,50,62,38,45,20,32,41,23,67,14,16,51,13,78,28,9,1,49,54,27,10,74,11,12,73,47,61,58,48,69,44,4,30,43,31,39,57,0,40,77,52,15,60,66,75,7,59,5,21,70,22,26,79,34,17 3510.0 56.483999999999995 12.0
50,71,46,0,60,45,32,44,70,35,30,21,76,29,54,25,24,7,72,56,1,23,36,41,14,22,57,3,65,16,64,78,67,63,49,55,81,77,26,8,59,34,9,58,10,69,39,74,62,79,11,73,28,38,4,37,47,12,13,61,43,6,18,15,80,19,53,2,40,51,17,31,27,52,68,48,75,5,33,20,42,66 3476.0 52.56200000000001 16.0
50,71,46,0,60,45,32,44,42,35,30,72,76,67,29,54,25,24,7,21,56,1,4,36,3,14,22,57,65,38,61,78,63,49,28,81,77,79,8,73,34,9,58,37,69,39,74,13,26,16,80,59,55,11,23,10,40,5,43,64,62,6,18,15,19,53,2,47,51,17,31,27,41,52,68,48,75,12,33,20,70,66 3490.0 49.77 15.0
8,18,15,33,79,35,2,34,53,59,36,19,13,26,62,42,72,46,48,17,56,69,25,76,3,38,68,50,22,65,45,20,32,41,16,0,51,12,54,66,78,28,9,1,37,74,63,27,67,11,14,73,71,61,58,55,7,44,5,30,21,31,39,57,10,43,60,52,75,80,23,29,81,24,6,4,40,70,64,77,47,49 3567.0 54.714999999999996 14.0
50,71,46,0,60,24,45,32,44,42,35,30,72,76,67,29,54,25,7,21,56,1,4,36,3,14,22,57,65,38,61,78,63,9,58,81,77,79,73,8,19,49,28,12,69,39,74,13,26,16,59,55,11,23,10,40,5,43,64,62,6,18,15,80,34,53,2,47,51,17,31,27,41,52,68,48,75,37,33,20,70,66 3362.0 64.47 19.0
50,34,24,76,52,4,22,46,66,3,70,25,33,1,2,71,44,73,55,39,28,54,38,78,58,19,36,61,79,0,5,63,65,74,9,49,16,57,64,32,68,27,20,21,81,60,26,41,15,10,37,43,75,56,67,77,48,62,7,53,35,11,13,29,45,72,18,14,17,69,47,51,12,6,23,31,30,8,42,40,59,80 3426.0 60.63900000000001 14.0
8,18,37,33,64,35,2,29,53,6,36,63,24,81,42,72,46,48,65,80,56,71,25,76,3,38,68,50,62,19,45,20,32,41,23,67,14,16,51,13,78,74,28,1,49,54,27,10,11,12,73,47,61,58,55,69,44,4,30,43,31,39,57,0,40,77,52,15,60,66,75,7,59,5,21,9,70,22,26,79,34,17 3487.0 55.016999999999996 14.0
#
15,29,25,52,48,10,40,81,62,68,51,54,11,43,66,3,38,69,28,76,77,74,39,4,9,78,7,72,35,75,1,21,17,20,18,45,12,59,53,24,32,6,19,60,47,73,8,49,14,0,46,64,30,2,37,36,71,57,79,22,23,34,26,16,42,27,50,41,80,58,5,13,61,56,55,33,31,65,67,63,44,70 3459.0 70.16000000000001 15.0
14,71,55,9,42,6,52,37,78,65,22,19,3,18,5,76,50,0,79,24,30,40,60,56,64,25,74,54,45,29,49,20,39,59,27,31,33,35,11,57,68,26,34,15,21,17,13,61,53,10,12,63,28,8,36,77,62,73,66,16,47,32,23,7,51,72,80,44,58,38,1,75,81,67,4,48,69,46,43,2,41,70 3581.0 61.684000000000005 14.0
70,41,51,22,5,77,68,56,54,34,48,12,11,52,62,69,78,72,18,25,21,7,15,53,63,26,13,74,32,6,64,0,36,73,28,81,31,14,79,33,80,9,65,27,44,47,37,40,46,30,1,49,38,16,59,75,39,45,60,50,58,57,55,8,17,24,23,3,42,10,4,43,29,35,2,61,19,66,71,67,76,20 3469.0 59.839999999999996 15.0
16,0,47,41,22,75,54,14,71,73,64,21,51,36,69,53,61,72,20,65,9,76,50,19,2,6,38,43,26,4,31,30,60,10,37,56,7,42,59,39,80,24,77,58,11,44,63,13,67,62,32,8,25,49,46,29,23,40,66,28,1,68,48,33,70,34,15,45,5,27,78,35,79,18,17,52,55,57,12,3,74,81 3428.0 74.73 13.0
15,73,10,25,39,1,47,11,27,8,54,35,31,70,20,32,29,38,43,63,77,62,66,5,42,48,33,52,76,13,68,56,16,55,78,28,71,26,22,81,60,37,2,12,51,74,19,49,14,0,30,67,21,75,34,64,6,44,3,69,7,53,46,80,17,24,59,50,72,65,4,23,79,40,9,36,41,58,61,45,57,18 3572.0 77.97 11.0
15,73,10,25,23,6,74,9,55,54,66,31,70,20,32,29,37,38,43,4,63,77,62,35,24,42,48,33,52,76,13,68,16,27,78,40,71,26,22,81,60,8,2,12,50,47,3,75,65,45,58,49,21,69,34,64,1,11,72,67,17,53,0,7,80,5,61,51,19,57,56,39,18,28,44,36,41,30,59,46,14,79 3389.0 78.89 15.0
7,26,51,22,5,77,68,56,54,34,13,12,11,52,24,32,61,63,20,65,9,70,43,19,71,42,48,33,69,6,64,0,36,73,28,8,31,14,79,74,80,21,25,27,44,47,37,3,46,30,1,49,38,16,59,75,39,45,60,50,58,57,55,81,18,76,23,40,41,10,35,15,29,4,2,78,53,66,72,67,62,17 3490.0 65.935 14.0
15,29,25,59,48,10,40,81,62,68,49,54,55,63,60,37,12,8,35,23,20,17,32,44,22,39,34,45,61,70,11,13,3,41,71,36,53,52,38,24,78,6,19,66,47,0,69,51,28,73,46,64,30,2,74,72,18,57,79,9,76,7,26,16,42,27,50,77,80,58,5,21,14,56,1,33,31,65,67,43,4,75 3407.0 93.47999999999999 12.0
70,76,72,10,12,80,57,53,55,49,35,14,38,46,39,69,78,18,24,30,40,60,37,64,25,74,50,45,29,41,21,36,0,44,47,79,7,42,59,16,56,3,26,58,43,11,48,4,13,67,65,32,17,34,73,20,22,5,62,66,6,23,33,77,19,9,81,51,63,1,28,54,75,68,61,52,15,71,27,2,31,8 3654.0 57.629999999999995 12.0
70,36,51,22,5,72,77,45,46,23,47,8,81,12,48,56,44,6,34,62,20,17,14,75,25,68,9,35,41,49,63,10,53,52,80,37,43,7,42,59,16,31,24,26,58,11,30,4,13,67,65,32,64,19,73,76,69,29,40,66,28,1,2,57,33,55,15,54,71,27,50,3,39,78,21,61,38,60,74,18,79,0 3390.0 71.13000000000001 14.0
15,73,10,25,23,6,47,11,27,8,54,35,31,70,20,32,29,38,43,63,77,62,66,24,42,48,33,52,76,13,68,4,16,55,78,40,71,26,22,19,81,60,37,2,12,50,74,72,49,14,0,30,69,21,75,34,64,1,9,3,67,17,56,45,7,80,5,61,51,57,53,39,18,28,44,36,41,58,59,46,65,79 3778.0 80.99000000000001 10.0
79,54,43,31,6,20,29,9,77,38,47,19,27,63,65,15,8,10,32,35,23,62,51,24,71,42,48,33,52,76,13,68,4,28,55,78,40,26,22,81,60,37,2,12,50,74,72,49,14,0,30,69,21,75,34,64,1,11,3,67,17,53,45,7,80,5,61,66,70,57,56,39,18,16,44,36,41,58,59,73,25,46 3347.0 68.82000000000001 17.0
16,0,47,41,22,75,54,14,71,73,64,21,51,36,58,53,6,34,62,20,17,76,50,19,2,61,38,43,26,4,31,30,60,10,37,56,7,42,59,39,80,24,77,69,11,44,63,13,67,65,32,8,25,49,46,29,23,40,66,28,1,68,48,33,70,72,15,45,5,27,78,35,79,18,9,52,55,3,57,74,12,81 3535.0 70.94500000000001 13.0
15,73,10,25,23,6,47,11,27,8,54,35,31,70,20,32,29,38,43,63,77,62,51,24,42,48,33,52,59,76,13,65,4,16,55,78,40,26,22,81,60,37,2,12,50,74,72,49,14,0,30,69,21,75,34,64,1,9,3,46,17,53,45,7,80,5,61,66,19,57,56,39,18,28,44,36,41,58,71,67,68,79 3502.0 93.22400000000002 12.0
10,66,0,48,33,49,55,14,27,8,54,35,31,70,20,32,29,38,43,63,68,64,17,75,44,22,39,6,51,45,62,69,5,73,11,7,72,23,47,78,28,2,3,46,34,24,40,12,74,1,25,26,77,41,4,37,76,9,21,13,67,19,59,53,56,16,15,81,71,80,42,52,79,18,61,60,58,50,65,36,30,57 3349.0 53.080000000000005 16.0
70,36,51,22,5,72,77,45,46,23,47,8,81,12,48,56,44,6,34,62,20,17,14,75,25,68,35,41,49,63,10,53,52,80,37,43,7,42,59,16,31,24,26,58,11,30,4,13,67,65,32,64,19,73,76,69,29,40,66,28,1,2,57,33,55,15,9,54,71,27,50,3,39,78,21,61,38,60,74,18,79,0 3463.0 67.36 15.0
70,36,51,5,77,56,54,10,48,12,11,78,62,69,52,34,55,25,73,7,15,53,63,29,26,13,74,32,58,75,1,71,21,42,20,18,31,14,22,39,33,28,2,35,27,44,47,61,57,81,30,0,49,38,16,43,64,19,60,41,6,3,8,67,80,17,24,50,72,68,4,23,79,40,9,37,45,66,59,46,65,76 3548.0 72.82000000000001 12.0
70,36,51,22,5,77,45,46,23,47,8,81,12,48,56,44,6,34,20,25,57,14,7,53,63,68,9,35,41,49,62,10,75,52,80,37,43,17,42,59,16,31,24,26,58,11,30,4,13,67,65,32,64,19,73,76,69,29,40,66,28,1,2,55,72,15,54,71,27,78,38,79,18,60,0,21,33,39,74,61,3,50 3530.0 51.92899999999999 15.0
50,38,29,25,52,48,54,72,81,45,68,15,46,76,70,27,41,9,17,40,80,61,55,5,73,49,63,53,22,69,21,20,0,60,47,62,7,42,59,16,56,24,26,58,18,11,30,4,13,67,65,32,64,2,37,36,71,57,79,66,6,23,33,77,19,34,43,31,3,51,14,12,44,8,35,39,78,1,75,74,28,10 3605.0 62.830000000000005 13.0
#
7,4,71,29,14,17,53,58,66,59,10,54,41,6,31,37,33,49,22,2,48,40,32,61,63,50,47,52,30,34,70,3,56,11,64,21,15,35,9,25,0,79,20,67,24,73,68,45,44,81,65,60,55,46,62,19,72,80,51,16,5,18,1,28,36,26,39,69,42,78,38,76,13,27,57,23,75,43,12,8,77,74 3616.0 98.434 11.0
63,78,36,11,25,54,1,10,64,3,17,20,43,56,55,42,0,66,49,70,45,59,4,39,28,22,38,19,79,13,26,75,46,41,77,69,72,12,23,74,81,2,68,40,47,48,33,57,18,8,16,53,7,51,71,50,14,73,27,76,58,65,21,32,29,60,24,62,9,5,52,31,35,67,37,80,30,6,15,44,34,61 3638.0 63.49 12.0
14,62,60,81,68,6,59,41,21,56,24,5,65,3,26,80,2,61,38,18,74,58,47,8,36,54,4,37,35,64,75,32,34,23,40,44,52,9,71,43,13,27,49,0,53,45,28,1,73,48,17,7,39,79,51,55,72,30,66,29,31,12,20,70,63,57,11,78,46,50,42,76,15,77,33,22,10,25,19,16,67,69 3481.0 63.150000000000006 15.0
0,53,17,65,60,31,27,75,68,6,11,69,22,80,30,28,79,7,74,20,77,32,52,50,39,73,48,21,66,37,61,58,78,26,56,57,23,62,4,19,63,72,55,71,24,34,46,54,42,45,59,10,2,67,18,81,49,1,25,64,47,14,8,70,44,16,5,40,29,9,36,76,15,13,3,33,41,43,12,51,38,35 3527.0 64.394 14.0
0,53,17,65,34,81,27,75,66,59,11,54,62,24,30,28,79,39,74,9,72,73,21,23,63,36,18,52,68,14,69,55,10,38,41,20,45,71,70,31,7,77,19,56,80,60,6,61,4,57,29,48,33,22,40,58,49,35,25,64,47,37,8,78,44,16,5,2,46,50,42,76,15,13,3,32,67,43,12,51,26,1 3445.0 70.238 15.0
0,53,17,65,34,81,27,75,66,59,11,54,62,24,30,28,79,39,74,9,72,73,21,23,63,36,18,52,68,14,69,55,10,38,41,20,45,71,70,31,7,77,19,56,80,60,6,61,4,57,29,48,33,22,40,58,49,35,25,64,47,37,8,78,44,3,46,5,42,26,16,76,13,67,51,32,15,43,12,1,50,2 3477.0 66.738 15.0
7,4,71,29,14,17,53,58,66,59,10,54,41,6,31,37,33,49,22,2,48,40,32,61,63,50,47,52,30,34,70,3,56,11,64,21,15,35,9,25,0,79,20,67,24,73,68,45,44,74,81,65,60,55,46,62,19,72,80,51,16,5,18,1,28,36,26,39,69,42,78,38,76,13,27,57,23,75,43,12,8,77 3565.0 72.02 12.0
31,12,44,79,33,25,77,3,20,29,1,35,0,43,8,13,11,60,74,9,72,65,49,50,39,73,48,21,66,37,61,58,78,26,56,57,23,62,4,19,63,36,55,71,24,34,46,10,42,45,59,54,2,67,18,81,6,70,51,16,80,75,68,14,41,30,38,53,28,17,69,5,40,32,22,64,7,15,27,52,76,47 3518.0 54.62 18.0
21,53,72,33,12,67,31,29,24,62,17,37,39,57,51,58,38,70,16,28,32,45,19,11,64,71,77,1,6,4,8,13,42,55,75,78,10,63,56,23,36,74,68,40,47,20,59,30,26,25,46,76,34,48,7,79,69,81,54,60,44,9,0,73,49,50,15,80,2,22,43,18,3,5,66,61,65,35,52,27,14,41 3654.0 59.64200000000001 15.0
74,12,44,79,33,25,77,3,20,29,1,35,0,43,8,13,11,9,31,60,36,65,49,50,39,73,48,21,66,37,61,58,78,26,56,57,23,62,4,19,63,72,71,24,34,46,54,42,45,59,10,2,67,18,5,81,70,51,16,80,75,68,14,41,30,38,53,28,17,69,55,40,32,22,64,7,15,27,52,76,6,47 3478.0 59.30000000000001 16.0
59,63,33,18,7,50,53,44,21,35,24,5,65,3,16,80,2,61,38,13,77,74,58,47,8,36,54,4,37,45,34,70,10,14,56,49,32,68,12,23,52,78,30,9,39,42,81,66,43,62,22,57,28,76,60,41,26,19,0,51,79,71,46,69,64,1,6,25,29,27,75,72,15,48,55,31,67,40,20,11,73,17 3477.0 76.72000000000001 14.0
7,4,71,29,78,17,53,34,21,59,65,54,60,41,6,31,37,33,49,22,2,48,40,32,61,63,50,47,52,24,58,10,14,39,38,18,11,68,9,25,0,79,42,20,67,30,73,66,45,44,81,70,35,55,46,62,19,72,64,51,16,5,80,1,28,56,26,36,69,3,75,76,13,77,8,57,15,27,12,43,74,23 3610.0 67.53 13.0
31,12,44,79,33,25,48,3,20,29,1,35,0,43,8,13,60,74,9,72,45,19,50,11,66,71,77,21,39,37,61,58,78,26,56,57,23,62,4,49,63,36,55,73,24,34,46,10,42,65,59,54,2,67,18,81,6,70,51,16,80,75,68,14,41,30,38,53,28,17,69,5,40,32,22,64,7,15,27,52,76,47 3302.0 76.91999999999999 19.0
7,4,71,29,14,17,53,58,21,59,10,54,60,41,6,31,37,33,49,22,2,48,40,32,61,63,50,52,65,34,78,36,75,38,18,11,68,9,47,25,0,79,42,20,67,30,73,66,45,44,81,70,35,55,46,62,19,72,64,51,16,5,80,1,56,69,28,74,39,77,24,76,15,13,3,23,27,43,12,57,26,8 3458.0 105.4 13.0
7,4,71,29,14,17,53,58,66,59,10,54,41,6,31,37,33,49,22,2,48,40,32,61,63,50,47,52,30,34,70,3,56,11,64,21,15,35,9,25,0,79,20,67,24,73,68,45,44,74,81,65,60,57,46,62,19,51,16,5,18,1,28,36,26,39,69,42,75,38,76,13,27,55,23,80,43,78,12,8,77,72 3645.0 83.26400000000001 10.0
3,73,57,55,7,74,39,9,71,36,53,6,72,43,17,65,69,44,80,58,15,45,42,11,28,24,70,78,79,41,26,54,0,1,38,31,66,56,63,51,68,76,21,77,61,12,30,4,34,16,29,64,25,46,35,60,2,47,5,22,13,23,62,32,50,67,19,8,33,52,10,81,14,18,75,27,40,20,48,59,49,37 3601.0 60.83 14.0
0,53,17,65,34,81,27,75,66,59,11,54,62,24,30,28,79,39,74,57,72,73,21,23,63,4,18,52,42,14,69,55,10,38,22,20,45,71,48,58,7,77,19,56,80,60,29,61,36,9,6,76,40,41,32,31,49,1,25,64,47,37,8,78,44,16,5,2,46,50,68,70,15,13,3,33,67,43,12,51,26,35 3513.0 75.20800000000001 12.0
53,37,19,11,73,25,2,20,57,71,36,52,40,41,66,63,24,47,8,23,62,43,6,10,72,14,34,59,79,58,80,75,46,70,9,30,32,12,60,50,49,21,77,61,67,31,4,55,29,48,33,0,65,22,7,17,68,64,51,16,5,18,1,28,56,26,39,69,42,3,38,76,13,27,44,54,81,35,78,74,15,45 3469.0 68.7 16.0
53,76,19,11,73,25,2,20,57,71,36,52,40,38,66,63,24,47,1,23,62,43,6,10,64,56,3,5,79,13,26,75,46,70,9,30,32,12,51,50,49,21,77,61,67,31,4,16,29,48,33,0,65,22,7,17,68,72,60,55,18,59,8,78,44,27,69,41,35,58,34,37,81,74,42,14,80,54,15,28,45,39 3357.0 102.595 15.0
7,4,71,29,78,17,53,34,21,59,65,54,60,41,6,31,37,33,49,22,2,48,40,32,61,63,50,47,52,24,58,10,14,39,38,18,11,68,9,25,0,79,42,20,67,30,73,66,45,44,81,70,35,55,46,62,19,72,64,51,16,5,12,1,28,56,26,36,69,3,75,76,13,77,8,57,15,27,80,43,74,23 3539.0 68.715 13.0
72,6,17,20,56,59,27,67,49,62,31,79,48,50,68,42,15,44,38,18,74,69,45,8,36,54,4,37,26,9,64,75,32,34,23,40,65,13,12,61,52,78,30,73,10,21,81,1,58,80,5,7,39,60,19,55,14,70,66,29,16,25,28,3,63,57,11,53,46,35,22,76,2,77,33,41,43,71,51,47,24,0 3672.0 55.989999999999995 11.0
53,3,43,17,51,60,35,27,80,65,79,11,75,68,7,22,28,6,31,20,63,77,32,52,50,39,73,48,21,76,37,61,58,78,26,56,57,23,62,4,19,72,55,71,24,34,46,54,42,45,59,10,40,66,36,44,38,64,25,67,18,33,8,1,14,12,47,15,74,30,41,13,9,5,0,16,81,2,70,29,69,49 3430.0 57.666000000000004 20.0
74,12,44,79,33,25,77,3,20,29,1,35,0,43,8,13,11,9,31,60,36,65,49,48,39,73,50,21,66,37,61,63,78,26,56,57,23,81,4,19,72,52,55,71,24,34,18,54,42,45,59,10,2,67,46,62,70,51,16,80,75,68,14,41,30,38,53,28,17,69,5,40,32,22,64,7,15,27,58,76,6,47 3384.0 66.558 17.0
23,73,57,55,7,74,39,9,59,36,53,6,72,43,17,65,69,44,80,58,15,45,42,11,28,24,70,78,79,41,26,54,0,1,38,31,66,56,63,51,68,76,21,77,61,33,30,4,16,18,8,13,25,75,64,50,14,19,27,2,40,3,81,32,29,60,22,62,10,5,52,46,35,67,37,49,48,20,71,12,34,47 3583.0 55.276999999999994 17.0
21,65,72,33,12,48,31,29,24,62,34,37,39,57,79,58,50,25,54,20,3,45,19,11,66,71,77,1,46,4,8,13,42,10,44,78,43,63,49,23,26,74,59,56,73,60,35,61,36,9,0,2,67,18,81,64,70,51,5,16,80,75,68,14,41,30,38,53,28,17,69,55,40,32,22,7,15,27,52,76,6,47 3287.0 80.488 19.0
74,12,44,79,33,25,77,3,20,29,1,35,0,43,8,13,11,9,31,60,36,65,49,50,39,73,48,21,66,37,61,58,78,26,56,57,23,62,4,19,63,72,71,24,47,46,54,42,45,59,55,2,67,18,5,81,70,51,52,75,32,14,41,16,30,38,53,28,17,69,10,40,80,22,64,7,15,27,68,76,6,34 3448.0 59.30000000000001 17.0
53,37,19,11,73,25,2,20,57,71,36,52,40,48,66,65,4,10,27,58,29,31,42,39,72,14,34,59,79,23,80,75,46,70,9,30,32,12,60,50,49,21,77,61,67,43,24,55,62,41,33,0,63,22,7,17,68,64,51,16,5,18,1,28,56,26,47,69,6,3,38,76,13,8,44,54,81,35,78,74,15,45 3271.0 85.08000000000003 16.0
31,12,44,79,33,25,77,3,20,29,1,35,0,43,8,13,11,60,74,9,72,65,49,39,73,48,21,66,37,61,58,78,26,56,57,23,62,4,19,63,36,55,50,71,24,34,46,10,42,45,59,54,2,67,18,81,6,70,51,16,80,75,68,14,41,30,38,53,28,17,69,5,40,32,22,64,7,15,27,52,76,47 3418.0 58.14800000000001 21.0
59,63,33,18,4,2,53,31,68,62,46,26,8,39,74,70,50,42,38,67,24,80,72,11,43,73,48,21,66,37,61,75,78,35,56,57,23,29,44,19,49,16,71,36,34,1,54,60,45,3,10,25,9,79,81,13,51,5,52,58,32,14,41,12,30,0,77,28,17,69,55,40,20,22,64,7,15,27,65,76,6,47 3464.0 90.33000000000001 14.0
7,4,71,29,14,17,53,58,66,59,10,54,41,6,31,37,33,49,22,2,48,40,32,61,63,50,47,52,30,34,70,3,56,11,64,21,15,35,9,25,0,79,20,67,24,73,68,45,44,74,81,65,60,55,46,62,19,51,16,5,18,1,28,36,26,39,69,42,75,38,76,13,27,57,23,80,43,78,12,8,77,72 3634.0 81.16000000000001 11.0
14,62,60,81,68,6,59,41,21,56,24,5,52,3,35,80,2,61,38,18,74,58,45,8,36,54,4,37,26,9,64,75,32,34,23,40,65,13,71,43,44,27,49,0,53,47,28,1,73,48,17,7,39,79,51,55,72,30,66,29,31,12,20,70,63,57,11,78,46,50,42,76,15,77,33,22,10,25,19,16,67,69 3499.0 58.11000000000001 16.0
7,4,71,29,14,17,53,56,21,59,10,54,60,41,6,31,37,33,49,22,2,48,40,78,32,61,63,50,47,52,30,34,65,36,75,80,66,11,25,0,79,20,67,24,73,68,45,44,81,70,35,55,46,16,9,62,19,72,64,51,5,18,26,1,28,57,23,74,77,8,42,76,15,13,3,39,38,43,12,27,58,69 3501.0 81.24 12.0
31,12,44,79,33,25,77,3,20,29,1,35,0,43,8,13,11,60,74,9,36,65,49,50,39,73,48,21,66,37,61,63,78,26,56,57,23,62,4,19,72,58,55,71,24,34,46,10,42,45,59,54,2,18,81,67,6,70,51,16,80,75,68,69,41,30,38,53,28,17,14,5,40,32,22,64,7,27,15,76,52,47 3360.0 62.684000000000005 19.0
31,12,44,79,33,25,48,3,20,29,1,39,0,43,8,13,19,60,45,9,72,74,50,11,66,71,77,21,35,64,75,32,34,26,56,57,23,62,4,49,63,36,55,73,24,78,67,10,42,65,59,54,2,46,18,81,6,70,51,16,80,61,68,14,41,30,38,53,28,17,69,5,40,58,22,37,7,15,27,52,76,47 3365.0 67.24 17.0
74,12,44,79,33,25,77,3,20,29,1,35,0,43,8,13,11,9,31,60,36,65,49,48,39,73,50,21,14,66,37,61,63,78,26,56,57,23,81,4,19,72,52,55,71,24,34,18,54,42,45,59,10,2,67,46,62,70,51,16,80,75,68,41,30,38,53,28,17,69,15,5,40,32,22,64,7,27,58,76,6,47 3421.0 70.835 15.0
14,62,60,81,68,6,59,41,32,56,24,5,52,3,35,80,2,8,38,18,72,73,21,61,63,54,4,37,26,9,64,75,45,34,23,58,65,13,71,43,44,27,49,0,53,47,28,1,40,74,17,78,39,79,51,55,48,30,66,29,31,12,20,70,36,57,11,7,46,50,42,76,15,77,33,22,10,25,19,16,67,69 3498.0 68.576 14.0
0,53,17,65,60,31,27,75,68,6,11,69,22,80,30,28,79,7,74,20,77,32,52,50,39,73,48,21,26,37,61,58,78,66,56,57,23,62,4,19,63,72,55,71,24,34,46,54,42,45,59,10,2,67,18,81,49,1,25,64,47,14,8,70,44,16,5,40,29,9,36,76,15,13,3,33,41,43,12,51,38,35 3589.0 63.864000000000004 14.0
53,3,43,17,51,60,35,27,80,65,79,11,75,68,7,22,28,6,31,20,63,77,32,56,50,39,73,48,21,66,37,61,58,78,26,57,23,62,4,19,72,52,55,71,24,34,46,54,42,45,59,10,2,67,18,25,49,1,81,64,47,14,8,70,44,16,5,40,29,9,36,76,15,13,38,0,74,41,12,30,69,33 3435.0 57.035000000000004 19.0
#
24,30,55,22,20,13,6,47,16,51,56,27,79,18,71,39,40,33,21,10,17,57,25,43,68,65,46,4,59,3,81,58,75,29,77,70,5,64,9,73,67,53,61,50,69,28,48,12,49,54,45,2,11,74,36,38,66,42,72,76,41,23,15,37,62,60,7,31,34,1,52,26,63,32,19,44,0,14,35,8,78,80 3356.0 55.134 16.0
24,30,55,22,20,13,6,47,16,51,56,27,79,18,71,39,40,33,21,10,17,57,25,43,68,46,4,59,3,81,58,75,29,77,70,5,64,9,65,73,67,53,61,50,69,28,48,12,49,54,45,2,11,74,36,38,66,42,72,76,41,23,15,37,62,60,7,31,34,1,52,26,63,32,19,44,0,14,35,8,78,80 3343.0 59.38 15.0
67,15,6,65,54,53,1,69,24,49,9,73,37,18,12,48,40,27,10,17,77,25,47,64,0,11,43,4,76,23,35,66,3,20,63,30,32,7,42,75,56,61,81,29,62,13,50,79,45,19,52,44,34,2,71,38,28,14,60,46,31,22,72,39,57,41,21,16,5,33,74,68,36,26,55,58,78,80,8,51,59,70 3593.0 56.68000000000001 13.0
23,15,72,65,8,53,1,69,24,49,9,73,26,18,31,39,40,7,10,17,48,25,33,64,14,54,43,16,46,67,61,27,35,59,4,44,68,2,11,57,58,28,42,77,56,60,79,12,36,74,45,76,5,55,3,63,6,71,30,50,47,13,70,34,52,75,41,21,32,0,81,78,19,51,20,29,80,38,37,62,66,22 3466.0 67.81400000000001 12.0
67,15,6,65,54,53,1,69,24,49,9,73,37,18,12,48,40,27,10,17,77,25,47,64,0,11,43,4,76,23,35,66,3,20,28,30,32,7,42,75,56,61,81,29,62,13,50,79,45,19,52,44,34,2,71,38,63,55,60,46,31,22,72,39,57,41,21,16,5,33,74,68,36,26,14,58,78,80,8,51,59,70 3443.0 64.56099999999999 13.0
10,66,0,78,15,38,31,44,2,20,68,51,39,14,32,61,46,6,57,28,48,72,1,49,77,65,27,7,64,53,54,26,11,16,9,24,3,73,45,67,33,25,42,69,56,60,79,12,36,74,59,76,5,55,8,63,37,30,50,47,13,70,34,52,75,41,18,40,22,43,19,29,17,81,58,62,71,35,4,23,80,21 3397.0 68.48 14.0
24,30,55,22,20,13,6,47,16,51,56,27,79,18,71,39,40,33,21,10,17,57,25,43,68,65,46,4,59,3,81,58,75,29,77,70,5,64,9,73,67,53,61,50,69,28,48,12,49,54,45,2,11,74,36,38,66,42,72,35,41,23,15,37,62,60,7,31,34,1,52,26,63,32,19,44,0,14,76,8,78,80 3420.0 57.39000000000001 15.0
23,15,6,65,3,53,1,69,24,49,9,73,26,18,31,39,40,7,10,17,48,25,33,64,30,54,43,16,47,67,8,27,35,59,4,28,21,2,11,57,58,44,42,77,56,60,79,12,36,74,45,76,5,55,61,63,37,14,50,46,13,70,34,52,75,68,41,32,72,38,20,78,19,51,81,29,80,0,71,62,66,22 3506.0 53.53800000000001 15.0
24,30,55,22,20,13,6,47,16,51,56,27,79,18,71,39,40,33,21,10,17,57,25,43,68,46,4,59,3,81,58,75,29,77,70,5,64,9,65,73,67,53,61,50,69,28,48,12,49,54,45,2,32,1,34,38,66,42,72,76,41,78,23,15,37,62,60,7,31,36,74,52,26,63,11,19,44,0,14,35,8,80 3235.0 47.63800000000001 17.0
23,15,6,65,3,53,1,69,24,49,9,73,79,18,12,39,40,55,10,17,31,25,33,64,14,54,43,48,46,67,27,35,61,59,4,44,68,2,36,7,26,16,29,77,56,60,58,28,11,74,45,76,30,57,8,63,71,5,50,47,13,70,34,52,75,41,21,32,0,38,81,78,19,51,20,42,80,72,37,62,66,22 3746.0 66.68 10.0
23,15,6,65,3,53,1,69,24,49,9,73,26,18,31,39,40,7,10,17,48,25,33,64,30,54,43,16,46,36,71,76,27,11,59,21,44,47,55,42,56,61,81,29,62,13,50,12,45,19,41,35,5,34,2,77,38,28,14,60,4,79,72,8,67,75,74,68,32,70,63,57,78,51,20,37,80,0,58,52,66,22 3582.0 49.580000000000005 16.0
23,15,6,65,3,53,1,69,24,49,9,73,26,18,31,39,40,7,10,17,16,25,33,64,14,54,43,48,46,67,61,27,35,59,4,44,2,11,57,58,28,42,77,56,60,79,12,68,36,19,52,75,34,20,29,38,50,62,81,32,22,45,8,72,30,0,80,74,21,63,51,78,47,37,55,5,70,41,71,76,66,13 3510.0 60.846 13.0
15,6,65,3,53,1,69,24,49,9,73,57,18,12,39,40,21,10,17,48,25,33,64,14,54,43,31,23,46,67,61,27,11,59,58,36,56,42,35,26,4,28,2,77,68,60,22,79,45,74,44,76,5,55,8,63,71,30,50,47,13,70,34,52,75,41,62,32,72,38,81,78,19,51,20,37,80,0,29,7,66,16 3592.0 85.36399999999999 10.0
23,15,6,65,3,53,1,69,24,49,9,73,26,18,31,39,40,7,10,17,16,25,33,64,14,54,43,48,46,67,61,27,35,59,29,4,28,21,2,11,57,58,44,42,77,56,60,79,12,36,74,45,76,30,55,71,38,37,5,50,47,13,8,72,20,0,80,52,68,63,51,78,34,62,75,66,32,70,81,19,41,22 3593.0 52.83800000000001 15.0
23,15,6,65,3,53,1,69,24,49,9,73,26,18,31,39,40,7,10,17,16,25,33,64,14,54,43,48,46,67,61,27,35,59,22,4,28,21,2,11,57,58,44,42,77,56,60,79,12,36,74,45,76,30,55,0,38,37,5,50,47,13,70,34,52,75,41,68,32,72,63,81,8,20,66,51,80,62,78,71,19,29 3667.0 50.388000000000005 14.0
23,15,6,65,3,53,1,69,24,49,9,73,31,18,12,39,40,55,10,17,48,25,33,64,30,54,43,16,46,36,71,76,27,11,59,21,44,47,7,42,56,61,81,29,62,13,50,26,45,19,52,5,34,2,77,38,28,14,60,4,79,72,8,67,20,0,63,57,32,35,74,58,22,37,51,66,78,70,80,68,41,75 3733.0 58.730000000000004 12.0
23,15,6,65,3,53,1,69,24,49,9,73,26,18,31,39,40,7,10,16,17,25,33,64,14,54,43,48,46,67,61,27,35,59,4,68,2,11,57,34,58,28,42,77,56,60,79,19,12,36,74,44,45,20,29,63,71,5,50,47,13,70,76,52,75,41,21,32,0,38,81,78,30,51,55,8,80,72,37,62,66,22 3523.0 75.3 11.0
8,15,6,65,3,53,1,69,24,49,9,73,79,18,12,39,40,55,10,17,48,25,4,64,30,54,43,67,47,31,37,27,14,59,58,36,56,42,44,7,32,51,29,62,13,50,61,45,19,78,75,34,2,28,38,76,23,60,46,20,35,22,72,26,57,0,52,16,5,33,74,68,63,11,81,66,71,70,80,21,41,77 3529.0 61.36100000000002 11.0
10,66,0,78,15,38,31,24,73,20,3,16,39,14,53,61,46,6,67,25,48,72,1,49,69,64,19,7,65,9,27,81,59,51,32,44,68,2,11,57,58,28,42,77,56,60,79,12,36,74,45,76,5,55,8,63,37,30,50,47,13,70,34,52,75,41,17,4,21,71,62,35,29,40,54,43,80,33,26,18,23,22 3379.0 80.73 14.0
23,15,6,65,3,53,1,69,24,49,9,73,18,26,31,39,40,7,10,17,16,25,33,64,14,54,43,48,46,67,61,27,35,59,4,28,21,2,11,57,58,44,42,77,56,60,79,12,36,74,45,47,34,55,8,63,37,30,50,76,13,70,5,52,75,41,72,32,68,71,62,51,29,78,20,19,80,38,0,81,66,22 3577.0 50.38800000000001 16.0
23,15,6,65,3,53,1,69,24,49,9,73,26,18,31,39,40,7,10,17,48,25,33,64,30,54,43,16,47,67,8,27,35,59,4,28,21,2,11,57,58,44,42,77,56,60,79,12,36,74,45,76,34,0,71,38,66,14,13,46,37,22,72,29,75,41,32,63,5,51,81,68,52,50,55,62,78,80,19,61,20,70 3477.0 54.852000000000004 14.0
23,15,6,65,67,53,1,69,24,49,9,73,26,18,31,39,40,7,10,17,76,16,25,33,64,14,54,43,48,46,3,81,27,35,59,4,44,68,2,11,57,58,28,42,29,62,13,50,79,45,19,52,34,21,71,38,37,30,12,47,60,70,5,36,75,55,41,20,32,72,63,78,74,51,8,77,80,0,61,56,66,22 3417.0 64.67 14.0
23,15,6,65,3,69,53,1,81,24,73,9,26,18,31,39,40,7,10,49,48,25,33,64,14,54,43,16,46,67,71,27,35,59,4,28,21,2,11,57,58,44,42,77,56,60,79,12,36,74,45,76,5,55,61,63,37,30,13,47,50,22,34,52,75,41,68,32,72,78,62,0,29,17,66,8,80,38,19,51,20,70 3500.0 61.626 13.0
23,15,6,65,3,53,1,69,24,49,9,73,18,31,39,40,7,10,17,16,25,33,64,14,54,43,48,46,67,61,27,35,59,4,28,21,2,11,57,58,44,42,77,56,60,79,12,36,74,45,76,30,55,8,63,71,5,50,47,13,70,34,52,75,41,68,32,0,38,81,26,78,19,51,20,29,80,72,37,62,66,22 3639.0 52.72 15.0
23,15,6,65,3,53,1,69,24,49,9,73,26,18,31,39,40,7,10,47,17,16,25,33,64,14,54,43,48,46,67,61,27,35,59,29,4,28,21,2,11,57,58,44,42,77,56,79,12,36,74,45,76,30,55,8,63,71,5,50,13,70,34,72,20,0,80,52,68,38,51,78,60,62,75,66,32,37,81,19,41,22 3523.0 53.050000000000004 16.0
#
8,51,53,57,52,18,74,44,50,61,73,10,71,6,35,78,21,46,27,81,70,12,72,20,36,47,54,42,56,3,5,67,19,7,38,76,58,1,31,75,41,80,68,64,40,62,16,77,79,49,32,29,0,15,2,69,17,24,9,30,34,33,39,4,37,43,11,23,48,28,55,26,60,22,45,66,59,14,25,13,65,63 3633.0 71.264 11.0
50,53,19,41,51,75,44,61,31,71,73,33,42,76,1,28,17,56,58,6,29,7,78,72,18,40,63,13,79,35,57,59,68,32,15,60,46,16,38,49,24,65,55,4,26,67,22,9,74,2,21,0,10,20,70,45,3,80,34,52,30,12,14,11,5,81,47,27,39,36,8,23,69,48,54,77,37,66,25,62,43,64 3580.0 50.730000000000004 16.0
1,41,79,7,63,65,48,44,29,74,16,52,34,78,24,26,42,5,54,51,31,35,38,32,18,3,69,70,61,20,13,75,77,12,46,50,10,80,53,81,4,2,66,17,62,49,28,60,8,22,15,68,40,9,56,64,55,25,30,67,71,33,39,23,37,43,11,19,0,76,59,57,21,58,27,73,14,72,36,6,45,47 3289.0 82.08999999999999 19.0
50,53,57,70,51,52,44,61,7,77,73,59,65,6,14,3,81,46,19,23,21,80,12,5,38,1,47,2,43,29,17,26,66,35,42,56,10,32,74,20,39,4,75,58,31,62,49,28,60,8,22,15,68,71,40,9,63,64,55,25,30,67,33,34,27,37,36,11,0,76,54,24,45,72,41,48,78,79,13,16,69,18 3540.0 56.75 13.0
50,53,57,70,67,52,44,43,7,77,73,23,65,11,1,78,33,46,27,81,80,12,72,2,14,47,16,36,29,17,26,66,35,42,56,10,32,74,20,34,4,75,58,31,62,49,28,60,8,22,6,68,71,40,9,0,54,64,55,39,30,51,21,19,59,37,61,15,63,76,25,13,24,45,48,41,5,3,79,38,69,18 3439.0 66.771 12.0
50,53,57,70,51,52,44,61,7,77,73,59,65,6,14,3,81,46,19,23,21,80,12,5,38,1,47,2,43,29,17,26,66,35,63,11,16,48,49,42,8,36,34,18,28,74,13,56,22,68,69,0,40,32,9,64,55,25,15,67,33,39,72,37,30,10,41,78,20,62,24,75,79,76,45,71,54,4,27,60,58,31 3491.0 63.300000000000004 13.0
75,77,49,10,52,33,69,44,65,55,12,24,62,73,20,43,28,45,39,48,5,76,16,72,34,17,29,71,70,35,40,67,19,1,38,51,58,7,22,50,18,80,68,64,25,3,53,79,13,14,27,54,63,15,2,61,47,11,9,59,0,46,8,78,81,6,4,31,74,37,32,56,60,57,26,21,30,41,66,36,23,42 3345.0 65.16 14.0
50,53,57,70,51,52,44,61,7,77,73,59,65,6,14,3,81,46,19,23,21,80,12,5,38,1,47,2,43,29,17,26,66,35,42,56,10,32,74,20,34,4,75,58,31,62,49,28,60,8,22,15,68,71,40,9,63,64,55,25,30,67,33,39,72,37,27,11,0,76,54,24,45,48,16,41,36,78,79,13,69,18 3567.0 59.980000000000004 12.0
50,53,57,70,51,52,44,61,7,77,73,59,65,6,1,43,21,46,39,81,80,12,68,9,14,47,15,55,19,64,40,66,35,42,56,10,63,74,20,67,23,75,58,31,62,49,28,60,8,22,16,72,0,26,2,32,17,29,71,25,30,5,33,34,27,37,36,11,3,76,54,24,45,38,41,48,78,79,13,4,69,18 3511.0 62.38400000000001 13.0
50,53,57,70,17,52,44,43,7,77,73,23,65,61,1,80,51,46,47,81,59,12,68,9,14,39,76,32,6,64,40,13,66,35,42,56,54,28,74,20,19,21,75,58,36,62,49,63,60,8,22,16,72,0,26,2,55,25,30,67,34,33,27,4,37,78,11,29,71,31,15,10,24,45,48,41,5,3,79,38,69,18 3395.0 54.199 15.0
50,53,57,70,60,52,44,61,7,77,73,59,65,6,14,3,81,46,19,23,21,80,12,5,38,1,47,2,43,29,67,26,66,35,42,56,10,55,74,20,34,4,49,58,31,45,75,28,22,15,68,71,40,9,63,64,32,17,25,30,51,8,33,39,27,37,36,11,0,76,54,24,62,72,41,48,78,79,13,16,69,18 3651.0 54.515 13.0
50,53,57,70,51,52,44,61,7,77,73,59,65,6,15,39,81,46,19,23,21,80,12,5,38,1,47,58,43,29,17,26,66,35,42,56,10,74,20,67,68,75,55,31,62,49,28,60,8,22,16,72,0,63,2,32,40,36,25,30,34,33,27,4,37,78,11,64,71,76,54,24,45,48,41,9,3,79,13,14,69,18 3524.0 52.543000000000006 15.0
75,77,49,73,10,52,33,69,44,65,55,12,24,62,20,43,28,59,39,48,5,76,16,72,34,17,29,71,70,35,40,67,19,1,38,51,58,7,42,50,18,80,68,64,25,3,53,79,13,14,27,54,63,15,37,31,57,4,60,47,23,46,8,78,81,0,11,61,74,2,32,56,9,45,26,21,30,41,66,36,6,22 3366.0 62.9 14.0
75,77,49,73,18,52,33,69,44,65,55,12,24,62,22,43,28,45,39,48,5,76,16,72,58,17,29,13,79,35,40,37,8,27,81,46,10,32,74,20,34,4,80,51,50,2,68,41,66,54,42,61,25,0,59,31,57,7,23,78,38,60,11,56,63,14,70,71,53,36,67,21,15,1,26,47,64,30,19,3,6,9 3324.0 69.28800000000001 16.0
50,53,57,70,51,52,44,61,7,77,73,59,65,6,14,3,81,46,19,23,21,80,12,5,38,1,47,2,43,29,17,26,66,35,42,56,10,32,74,20,34,4,75,58,31,62,49,28,60,67,22,15,68,71,40,9,63,64,55,25,30,8,33,39,27,37,72,11,0,76,54,24,45,48,16,41,36,78,79,13,69,18 3514.0 59.980000000000004 13.0
50,53,57,70,51,52,44,61,7,77,73,59,65,6,14,3,81,46,19,23,21,80,12,5,38,1,47,2,43,29,17,26,66,35,42,56,10,32,74,20,34,4,75,58,31,62,49,28,60,8,22,15,68,71,40,9,63,64,55,25,30,67,33,39,72,37,36,11,0,76,54,24,45,27,41,48,78,79,13,16,69,18 3555.0 62.06 12.0
50,53,19,40,51,52,44,61,31,58,73,59,23,6,1,78,21,46,11,45,80,29,72,28,36,56,22,74,47,30,69,33,60,32,20,10,3,18,16,38,49,24,55,4,63,67,68,79,13,14,27,54,26,15,2,76,41,7,42,75,37,9,17,70,5,81,12,71,65,39,8,34,57,48,77,0,35,66,25,62,43,64 3669.0 62.335 11.0
75,77,49,24,10,52,33,69,44,65,55,12,62,73,20,40,43,28,45,39,48,5,76,16,72,34,17,29,71,70,35,67,19,1,38,51,58,7,22,50,18,80,68,64,25,3,23,79,13,14,27,54,63,15,2,61,47,11,9,59,0,46,8,78,81,6,4,31,74,37,32,56,60,57,26,21,30,41,66,36,42,53 3549.0 72.32300000000001 11.0
75,77,49,10,52,33,69,44,65,55,12,24,62,73,35,43,28,45,39,48,5,76,16,72,17,34,29,70,61,20,40,59,30,32,15,19,23,81,38,22,58,51,80,4,50,2,68,41,66,54,74,79,25,0,37,31,57,64,60,47,18,46,8,78,7,6,11,71,27,3,1,56,9,67,26,21,53,14,13,36,63,42 3303.0 70.409 17.0
75,77,49,10,52,33,69,44,65,55,12,24,62,73,20,43,28,45,39,48,5,76,16,72,34,17,29,71,70,35,40,67,19,1,38,51,58,81,22,50,15,80,68,4,63,3,53,79,13,54,74,61,25,0,37,31,57,64,60,47,18,46,8,78,7,6,11,14,27,2,32,56,9,59,26,21,30,41,66,36,23,42 3342.0 83.66799999999999 14.0
75,77,49,24,10,52,33,69,44,65,55,12,62,73,20,40,43,28,45,39,48,5,76,16,72,34,17,29,71,70,35,67,19,1,38,51,58,7,31,50,18,80,68,64,25,3,53,79,13,14,27,54,63,15,37,61,57,4,60,47,59,46,8,78,32,42,11,0,74,2,81,22,9,23,26,21,30,41,36,66,56,6 3453.0 58.489999999999995 14.0
75,77,49,10,52,33,69,44,65,55,12,24,62,73,20,43,28,45,39,48,5,76,16,72,34,17,29,71,70,35,40,67,19,1,38,51,58,7,42,50,18,80,68,64,25,3,66,79,13,14,27,54,63,15,2,61,47,36,11,9,59,0,37,32,41,57,31,23,81,21,8,26,60,22,46,53,30,6,56,78,74,4 3344.0 57.399 16.0
#
6,22,64,46,30,62,58,75,38,11,37,65,17,21,0,60,10,50,52,3,54,2,67,42,27,77,70,13,66,33,55,31,47,63,45,79,40,41,81,19,34,49,72,71,28,26,8,59,74,43,57,35,48,73,16,9,5,61,51,1,32,25,78,15,12,44,53,68,14,24,18,69,7,29,23,20,56,80,76,39,36,4 3513.0 53.625 16.0
10,81,34,62,29,74,4,65,3,66,1,37,22,72,44,32,18,23,17,5,67,24,71,14,36,28,15,50,80,70,56,21,58,68,47,9,42,40,48,30,73,0,6,53,43,38,27,35,11,57,75,16,55,46,19,20,78,77,12,49,8,31,76,26,41,25,79,52,45,61,39,63,69,54,33,2,51,7,60,13,64,59 3690.0 89.688 11.0
67,65,1,21,20,52,73,8,14,74,7,54,61,4,59,39,57,43,46,33,75,30,66,77,10,2,79,24,48,68,38,5,72,27,78,71,80,64,81,6,29,62,37,42,12,23,28,15,49,31,60,70,36,19,41,51,18,47,13,11,25,63,16,0,53,40,32,56,69,44,34,55,50,17,26,45,35,58,9,3,22,76 3566.0 53.414 19.0
67,33,4,46,68,52,48,1,80,74,51,24,16,61,81,64,27,76,21,65,50,7,78,63,53,23,28,20,71,31,26,40,56,10,22,45,32,58,5,44,43,39,35,66,47,41,34,59,19,14,62,2,60,73,79,25,69,9,18,57,0,54,49,77,30,29,12,17,38,11,8,75,70,37,72,42,55,15,6,13,3,36 3469.0 56.89 14.0
7,9,31,42,28,5,71,47,57,79,52,20,55,45,74,37,50,40,73,22,68,25,65,77,58,17,78,62,38,24,12,19,53,11,63,36,61,51,1,67,80,4,44,26,3,0,39,46,8,10,2,43,23,13,14,32,16,76,70,27,35,72,18,48,60,75,21,29,59,41,6,81,69,54,33,56,64,15,30,66,49,34 3333.0 67.35 16.0
6,22,64,46,30,62,58,76,11,37,13,21,0,60,65,10,50,68,3,54,20,67,42,28,77,70,17,66,63,80,19,71,23,14,38,55,40,41,26,31,34,49,7,44,29,81,8,59,74,18,57,35,36,73,16,9,5,24,56,1,32,47,78,15,12,25,79,52,45,61,39,53,69,27,33,2,51,72,75,43,48,4 3314.0 91.19800000000001 20.0
67,78,9,66,81,55,7,23,52,17,51,70,38,68,36,73,22,74,45,76,58,34,29,61,19,35,77,47,13,24,25,28,41,62,53,63,50,10,39,37,8,26,54,21,43,59,72,16,60,0,2,15,44,31,46,1,64,30,3,11,49,79,4,42,65,14,5,56,69,6,80,71,27,40,75,12,33,32,20,57,48,18 3592.0 92.84400000000001 12.0
79,7,45,20,9,52,74,29,55,42,31,50,68,75,25,47,28,5,34,77,33,37,73,15,17,78,62,38,24,12,19,53,11,63,36,61,51,1,67,80,4,44,26,3,60,39,46,8,10,2,43,23,13,14,32,16,76,70,22,69,35,72,18,48,0,21,71,59,41,6,81,27,64,58,56,54,40,30,66,49,57,65 3400.0 68.44200000000001 15.0
51,33,62,81,44,36,25,75,13,70,21,53,1,67,17,68,24,0,15,64,72,38,40,45,23,59,16,35,69,31,56,55,52,3,48,26,54,19,79,76,18,8,30,58,10,78,73,20,46,80,7,77,39,65,22,57,5,61,50,74,43,27,9,37,63,41,2,71,34,14,6,66,11,49,32,42,4,12,60,47,29,28 3708.0 85.53900000000002 11.0
50,52,22,20,9,74,33,78,68,61,81,29,5,30,48,14,17,62,66,46,80,72,10,75,73,45,77,8,76,31,56,55,37,21,12,26,54,43,60,67,58,4,79,42,2,23,28,15,49,6,1,70,36,19,41,51,18,47,13,11,25,63,16,0,53,40,32,65,69,44,34,38,27,64,71,59,35,24,57,3,39,7 3437.0 57.086 18.0
72,46,45,20,9,22,57,74,13,54,40,35,62,19,80,75,18,47,17,5,59,77,71,73,44,64,28,15,69,41,23,1,8,67,36,76,38,6,68,52,39,61,11,26,21,37,14,58,32,27,4,49,79,0,63,30,12,2,24,66,31,16,51,25,7,34,60,81,53,50,42,33,78,29,48,55,56,43,10,70,3,65 3593.0 70.94700000000002 12.0
79,7,45,20,9,52,74,29,55,42,31,38,68,75,25,47,78,5,34,77,33,24,11,8,14,36,28,15,50,80,70,27,21,58,63,17,61,51,1,67,37,4,44,26,3,60,39,46,10,2,43,23,13,62,32,18,76,12,22,69,35,72,16,0,53,40,73,59,41,6,81,56,64,71,19,54,48,30,66,49,57,65 3610.0 51.724000000000004 13.0
7,9,31,42,28,5,20,47,57,79,1,37,22,72,68,75,18,29,73,55,74,25,65,77,33,17,78,62,80,70,12,19,53,11,38,54,40,41,81,64,34,49,0,71,30,26,61,59,58,50,14,35,36,3,16,21,66,24,56,46,32,76,63,15,44,67,69,51,13,27,48,6,39,52,4,23,10,43,45,2,60,8 3529.0 86.48 13.0
#
68,3,76,21,46,25,38,53,74,45,35,57,58,59,26,6,79,69,8,11,77,51,67,4,17,12,22,56,49,9,16,52,0,1,14,23,50,47,7,62,71,2,81,66,55,32,20,70,33,5,63,44,29,42,10,39,54,41,40,80,15,34,28,19,48,61,31,75,18,64,65,73,13,72,43,60,27,78,36,37,30,24 3545.0 62.888000000000005 14.0
21,13,6,63,0,7,3,48,50,19,49,53,26,79,4,68,60,8,25,35,36,14,2,41,69,1,81,37,16,51,33,78,74,28,40,73,55,54,18,9,47,72,46,32,76,61,12,70,57,5,29,34,52,22,20,30,15,43,38,27,24,42,23,80,77,11,75,64,65,59,71,31,66,67,17,62,58,45,44,39,10,56 3523.0 63.055 14.0
43,40,35,18,11,81,54,37,14,79,55,21,2,6,42,16,65,71,76,15,20,10,60,12,51,0,19,41,77,47,1,31,23,30,26,4,22,28,36,17,32,5,25,70,78,58,7,48,62,52,39,57,67,53,49,33,61,73,27,63,38,75,69,46,72,13,34,59,74,80,9,44,50,64,56,68,24,29,8,66,45,3 3553.0 55.498000000000005 14.0
1,23,25,34,45,33,77,48,20,40,66,58,0,55,14,5,39,27,75,15,37,49,9,17,51,60,32,3,24,65,36,19,41,47,70,21,69,18,64,54,53,43,6,56,79,81,67,68,50,26,29,63,42,73,12,46,61,4,28,76,7,38,44,30,22,11,62,13,59,74,2,35,16,52,57,80,72,78,8,71,31,10 3505.0 58.67 16.0
21,42,6,63,0,7,3,48,60,19,38,25,41,47,9,51,50,18,66,1,29,75,39,24,58,56,32,14,43,45,77,67,64,74,28,40,73,55,54,49,12,79,72,46,23,4,68,70,76,26,11,36,34,52,69,20,30,33,16,8,35,37,13,31,15,22,53,57,65,59,71,80,61,78,17,62,81,5,44,10,2,27 3558.0 60.88400000000001 13.0
19,75,25,56,51,27,64,29,15,45,68,39,55,62,40,13,54,52,0,41,24,65,14,53,1,81,37,16,4,33,78,74,11,71,73,77,23,46,50,38,26,57,80,35,59,43,34,32,67,76,72,5,31,66,3,8,12,6,60,36,47,9,7,58,17,69,70,28,21,20,48,61,22,10,79,49,44,30,2,18,42,63 3378.0 75.9 17.0
68,3,76,21,46,25,38,53,74,48,57,58,59,35,26,27,6,79,69,8,11,77,51,67,4,40,39,22,56,49,9,16,52,0,1,14,23,50,47,7,62,71,2,81,66,55,32,20,70,33,19,63,44,29,42,10,41,54,12,17,80,15,34,28,5,45,75,30,24,60,73,13,37,78,43,65,72,61,64,18,36,31 3633.0 49.09 16.0
1,23,30,34,59,79,8,48,20,40,57,58,0,55,16,5,31,78,75,73,37,49,9,17,18,60,32,22,63,64,28,38,13,70,26,66,43,51,81,33,24,69,6,27,72,65,42,46,56,39,47,44,14,15,45,54,61,4,36,76,11,19,80,71,52,7,62,29,74,12,53,25,67,3,21,2,10,50,77,35,41,68 3358.0 93.11800000000001 16.0
21,13,6,63,0,7,3,48,50,19,49,53,26,15,4,68,60,8,25,35,36,14,2,73,41,27,1,81,37,16,51,30,78,74,28,40,55,54,18,9,47,72,46,32,76,61,12,70,57,5,29,34,52,22,20,33,79,43,38,69,24,42,23,80,77,11,75,64,65,59,71,31,66,67,17,62,58,45,44,39,10,56 3523.0 62.811 15.0
21,25,67,1,60,7,77,66,74,62,47,81,42,64,27,6,61,5,38,24,2,3,63,41,43,44,75,18,29,39,9,48,56,28,40,73,55,54,49,12,79,72,45,46,23,4,68,70,76,26,11,36,34,52,22,20,30,33,16,8,35,37,13,69,31,15,53,57,65,59,71,80,0,14,17,58,19,78,50,32,51,10 3425.0 80.4 15.0
21,25,67,1,23,60,7,77,66,74,24,47,81,42,64,68,46,73,55,30,62,8,34,78,11,17,12,51,18,29,39,9,48,56,28,40,61,5,54,49,44,79,72,45,6,4,27,70,76,26,41,36,3,52,22,20,38,33,16,2,35,37,13,69,31,15,53,57,65,59,71,80,0,14,43,58,19,63,50,32,75,10 3452.0 75.78000000000002 15.0
21,42,6,63,0,7,3,48,60,19,38,61,41,47,9,51,50,18,66,1,29,75,39,40,58,56,32,14,4,45,77,73,64,74,28,24,67,55,54,49,12,79,72,46,23,68,43,70,76,26,11,36,34,52,22,20,30,33,16,8,35,37,13,69,31,15,53,57,65,59,71,80,25,78,17,62,81,5,44,2,10,27 3576.0 65.452 11.0
21,42,6,29,0,1,3,72,60,25,52,43,49,54,70,73,67,77,50,66,63,75,39,19,56,23,14,12,55,32,51,74,18,38,45,4,46,37,41,15,24,9,40,57,31,64,68,28,76,26,34,35,20,36,53,65,33,79,16,8,48,7,44,30,22,11,62,13,59,71,80,61,78,17,47,81,5,69,58,2,10,27 3501.0 66.59100000000001 15.0
21,25,67,1,6,29,7,77,66,74,24,47,81,42,9,68,46,73,55,30,17,8,34,28,11,5,62,27,64,65,61,38,13,50,57,41,78,49,54,44,12,79,18,53,23,4,16,70,76,26,40,36,3,52,22,20,72,33,51,2,35,37,48,69,31,15,45,39,60,59,71,80,0,14,43,58,19,63,56,32,75,10 3399.0 89.10999999999999 14.0
21,25,67,1,6,29,7,77,66,74,24,47,81,42,9,68,46,73,55,30,17,8,34,28,11,5,62,27,64,65,61,38,13,50,57,41,78,49,54,44,12,79,18,53,23,72,2,16,76,26,40,36,3,52,22,20,4,33,51,70,35,37,48,69,31,15,45,39,60,59,71,80,0,14,43,58,19,63,56,32,75,10 3383.0 96.91 15.0
68,3,76,21,46,25,38,53,74,45,57,58,59,35,26,6,79,69,8,11,77,51,67,4,40,39,22,56,49,9,16,52,0,1,14,23,50,47,7,62,71,2,81,66,55,32,20,70,33,5,63,44,29,42,10,12,30,24,36,72,64,37,13,27,31,15,60,54,65,48,61,80,18,43,17,28,19,78,73,41,34,75 3512.0 53.42 16.0
19,70,27,78,46,25,38,53,74,45,35,57,58,59,26,6,79,69,8,11,77,51,67,4,17,12,22,56,49,9,16,52,60,71,73,24,23,65,50,64,40,39,47,68,62,43,7,32,14,76,72,36,31,66,3,0,41,54,81,1,80,15,34,28,48,5,33,75,55,21,20,61,37,10,13,29,44,30,2,18,42,63 3585.0 52.87800000000001 15.0
21,71,33,63,66,31,3,28,10,17,48,54,25,81,34,45,73,20,69,44,11,77,51,67,4,40,39,22,56,49,9,16,52,0,1,14,23,50,47,55,35,79,18,68,7,72,2,13,61,5,8,19,75,37,36,53,43,57,15,27,76,24,42,38,30,41,64,80,6,32,59,65,70,74,46,58,60,78,26,29,62,12 3455.0 71.45800000000001 15.0
37,42,6,63,0,7,3,48,60,19,38,61,41,5,9,51,50,31,66,1,29,69,39,24,58,56,32,52,43,20,33,67,64,53,28,40,73,55,30,49,12,79,72,8,16,68,70,35,26,22,36,44,14,15,45,54,77,4,23,76,13,21,75,18,11,74,57,65,59,71,80,25,78,17,62,81,47,34,2,10,46,27 3803.0 86.298 10.0
21,71,33,63,66,23,3,48,60,19,1,54,25,22,8,45,73,20,67,39,64,41,10,65,14,57,34,52,35,37,17,13,81,74,28,68,31,55,26,50,56,79,18,4,7,72,2,16,61,5,44,9,75,49,36,53,43,40,15,27,76,24,42,38,30,77,11,80,6,32,59,69,70,0,46,58,51,78,47,29,62,12 3465.0 71.99400000000001 14.0
21,71,33,63,66,31,3,56,10,17,48,54,25,81,34,45,73,20,14,44,11,77,51,67,4,12,62,16,9,60,28,38,13,70,57,69,52,50,47,55,35,79,18,68,7,72,2,23,61,5,8,19,75,37,36,53,43,1,15,27,76,24,42,22,30,41,64,80,6,32,59,65,0,74,46,58,49,78,26,29,39,40 3458.0 60.275999999999996 16.0
21,25,67,1,6,29,7,77,66,74,24,47,81,42,9,68,46,73,55,30,17,8,34,11,5,62,27,64,28,65,61,38,13,50,57,41,78,49,54,44,12,79,18,53,23,72,2,16,76,26,40,36,3,52,22,20,4,33,70,51,35,37,48,69,31,15,45,39,60,59,71,80,0,14,43,58,19,63,56,32,75,10 3369.0 100.91 15.0
21,42,6,63,0,7,3,48,60,19,38,61,41,47,9,51,50,18,66,1,29,75,39,24,58,56,32,14,43,45,77,67,64,74,28,40,73,55,54,49,12,79,72,46,23,4,68,70,76,26,10,16,44,52,15,5,81,71,31,27,8,13,62,65,57,11,34,20,22,53,78,25,17,33,30,2,59,80,37,69,36,35 3629.0 60.906000000000006 12.0
21,25,67,78,6,3,54,77,53,74,76,49,18,52,9,68,46,73,41,79,17,8,34,28,11,26,51,27,35,65,61,38,13,1,14,23,50,47,7,62,71,2,81,66,55,32,20,70,33,5,63,44,29,42,10,12,30,24,36,72,64,37,48,69,31,15,45,39,60,59,16,80,0,57,43,58,19,40,56,4,75,22 3392.0 63.31 16.0
68,3,76,21,46,25,38,53,74,45,57,58,35,26,55,27,6,79,59,69,8,11,77,51,67,4,40,39,22,56,49,9,16,52,0,1,14,23,50,47,7,62,71,2,81,66,32,20,70,33,5,63,44,29,42,10,41,54,12,17,80,15,34,28,19,48,61,31,75,18,64,65,73,13,72,43,60,78,36,37,30,24 3474.0 56.46000000000001 18.0
21,42,6,63,0,7,3,48,60,19,38,61,41,47,9,14,50,18,66,1,29,75,39,40,58,56,32,51,4,45,77,73,64,74,70,24,67,55,54,49,12,79,72,46,23,43,68,28,76,26,11,36,34,52,22,20,30,33,16,8,35,37,13,69,31,15,53,57,65,59,71,80,25,78,17,62,81,5,44,10,2,27 3519.0 65.452 12.0
#
75,11,26,61,51,58,22,19,76,16,12,2,71,4,44,49,68,67,27,28,73,23,20,46,74,32,80,63,72,43,36,70,13,7,29,10,8,78,14,0,77,5,9,33,53,31,41,6,64,50,81,21,54,66,62,47,59,45,1,24,55,38,39,42,65,17,15,52,79,56,30,3,60,37,57,18,34,40,35,25,48,69 3589.0 62.77 14.0
8,49,16,39,71,18,11,74,54,57,40,42,28,37,7,6,26,70,44,50,38,52,66,17,21,24,36,45,72,30,23,27,63,51,69,56,31,32,35,64,43,58,3,29,20,41,48,81,60,73,5,15,67,19,61,12,22,9,75,0,80,10,2,1,25,34,13,55,65,33,77,46,14,53,79,62,78,59,47,76,68,4 3561.0 55.184000000000005 17.0
24,51,26,30,37,27,11,3,39,50,62,72,8,5,35,49,68,58,47,28,73,23,20,46,74,32,80,55,65,43,36,70,13,7,29,10,48,67,14,17,34,81,54,45,18,77,0,12,63,42,76,56,60,66,2,59,69,9,44,79,53,31,22,40,33,71,25,52,16,19,75,64,38,1,21,41,15,6,57,4,61,78 3550.0 72.56 13.0
12,40,64,18,7,77,36,35,30,20,60,24,47,0,4,50,62,21,65,17,59,16,42,61,33,68,11,1,15,70,27,38,3,32,14,25,51,37,41,48,45,10,2,57,75,53,80,23,69,43,39,34,67,73,49,74,76,26,8,13,22,72,9,46,56,54,44,6,29,55,66,58,79,81,78,28,52,5,63,71,19,31 3439.0 55.77 17.0
30,38,48,39,27,9,22,31,26,62,40,0,19,77,7,71,35,46,65,44,59,51,57,58,33,68,32,1,45,21,12,72,15,18,56,60,63,17,74,16,75,50,3,53,11,42,23,80,69,43,36,61,34,14,73,49,41,76,2,67,13,64,20,8,37,54,10,6,29,55,66,70,79,81,78,28,52,25,47,5,24,4 3596.0 58.32600000000001 16.0
46,53,42,77,63,28,65,69,34,40,35,76,24,12,61,29,80,7,66,50,31,62,0,11,72,75,8,67,1,55,27,38,70,32,14,25,51,81,41,48,22,16,64,23,73,17,39,43,13,36,49,18,71,33,4,68,21,5,78,59,6,44,74,10,26,58,15,52,79,56,30,3,60,37,57,45,20,2,47,9,54,19 3826.0 89.58799999999998 10.0
3,27,10,18,32,77,46,35,60,75,30,59,41,65,40,24,51,6,52,76,17,49,42,31,21,15,62,0,80,47,4,33,12,8,54,81,45,11,39,74,58,64,71,43,9,37,57,5,44,79,70,68,38,36,23,7,29,13,26,48,16,78,20,73,56,14,69,67,50,55,66,53,34,25,72,28,1,22,63,2,19,61 3476.0 84.08000000000001 14.0
70,9,68,26,25,18,11,40,37,10,51,57,22,47,48,72,58,15,67,77,63,28,13,7,71,19,61,69,20,2,38,62,12,8,39,49,34,1,43,52,23,5,64,35,73,30,14,32,27,50,81,21,54,66,46,76,41,80,60,24,55,75,29,42,65,17,44,0,79,56,31,3,78,59,16,74,36,53,6,4,45,33 3609.0 58.138999999999996 14.0
8,49,16,39,71,18,11,74,54,57,40,42,28,37,7,6,26,70,44,50,14,52,66,17,21,24,36,45,72,30,23,27,63,51,69,56,31,32,35,46,43,58,3,29,20,41,48,81,60,73,5,67,19,15,61,12,22,9,77,0,80,10,2,53,25,34,13,55,65,33,75,64,38,1,79,62,78,59,47,76,68,4 3477.0 82.53200000000001 14.0
14,79,29,1,30,18,25,47,8,51,60,55,22,19,67,24,46,56,10,50,52,66,40,32,20,3,37,2,53,49,42,65,80,72,76,31,34,45,77,39,74,16,64,71,75,38,13,57,5,44,28,43,68,9,36,23,62,12,15,81,21,33,6,59,26,7,70,4,27,0,35,48,63,58,54,61,11,41,78,17,69,73 3542.0 77.084 14.0
24,51,26,30,37,27,11,35,8,47,64,33,68,49,72,5,39,58,50,28,73,23,20,46,74,32,80,55,65,43,36,70,13,7,29,10,48,67,14,17,34,81,54,45,18,77,0,12,63,42,76,56,60,66,2,59,69,9,44,79,53,31,22,40,3,71,25,52,16,19,75,62,38,1,21,41,15,6,57,4,61,78 3569.0 69.036 12.0
75,11,26,76,39,22,46,43,61,16,12,2,14,4,44,49,68,33,27,23,73,28,13,7,71,19,80,8,20,32,36,70,53,38,67,5,63,78,74,0,77,10,9,29,72,31,41,6,64,50,81,21,54,66,62,47,59,45,1,24,55,58,51,42,65,17,15,52,79,56,30,3,60,37,57,18,34,40,35,25,48,69 3547.0 76.36 14.0
70,36,68,26,25,18,11,40,37,10,49,57,22,47,42,72,74,24,39,77,21,28,13,7,71,45,54,52,30,23,27,63,51,69,56,2,32,35,64,43,58,65,29,20,19,48,81,60,73,5,15,67,41,61,12,1,9,75,0,80,8,55,38,31,44,14,46,66,79,34,62,3,78,59,16,50,17,53,6,4,76,33 3614.0 57.84 13.0
8,37,48,39,27,9,22,31,54,28,40,0,19,77,7,71,73,35,46,65,29,59,51,57,81,33,68,32,1,45,70,12,6,15,18,56,60,63,17,74,16,75,50,3,53,11,42,23,80,69,43,36,61,34,14,49,41,76,2,67,66,52,20,78,25,26,13,55,44,72,10,21,30,58,79,62,64,38,47,5,24,4 3633.0 59.158 12.0
8,49,16,39,71,18,11,74,54,57,40,42,28,37,7,6,26,70,44,50,38,52,66,17,21,24,36,45,72,30,23,27,63,51,69,56,31,32,35,46,43,58,3,29,20,41,48,81,60,73,5,67,19,15,61,22,9,75,0,80,10,2,1,25,34,13,55,12,65,33,77,64,14,53,79,62,78,59,47,76,68,4 3591.0 49.444 19.0
24,17,68,27,25,18,11,40,14,1,35,33,0,47,48,76,58,45,67,77,63,65,32,7,51,19,61,69,8,2,43,62,42,44,13,16,30,36,75,70,73,41,56,79,26,12,15,81,37,4,39,54,31,78,64,46,60,5,57,29,72,59,52,3,55,9,20,74,10,21,49,53,38,34,28,22,50,71,80,6,66,23 3538.0 77.46000000000001 14.0
70,36,68,26,25,18,11,40,37,10,49,57,22,47,42,72,74,24,39,77,21,28,13,7,71,45,54,52,30,23,27,63,51,69,56,2,32,35,64,43,58,65,29,20,19,48,81,5,44,79,15,67,41,61,12,1,9,75,0,80,8,55,38,31,73,14,46,66,60,34,62,3,78,59,16,50,17,53,6,4,76,33 3642.0 51.38 12.0
8,38,55,53,28,21,25,27,81,64,3,34,19,47,79,48,24,70,80,45,42,10,0,77,50,23,67,75,46,22,15,51,78,59,36,30,41,35,16,54,39,68,2,57,9,37,14,65,6,11,73,69,33,74,60,58,5,63,17,62,7,20,12,43,18,26,13,49,44,72,31,56,61,29,71,66,40,32,52,76,1,4 3565.0 58.39999999999999 15.0
46,42,45,2,53,76,77,47,14,34,65,6,17,36,61,12,80,7,70,50,37,62,0,13,18,75,39,1,72,30,73,23,27,63,51,69,56,31,32,35,64,43,58,3,29,20,41,48,81,60,5,15,67,19,4,68,71,49,57,59,55,44,74,10,26,25,8,40,21,16,66,38,79,22,78,28,52,9,54,24,11,33 3489.0 50.98000000000001 18.0
8,49,16,39,71,18,11,74,54,57,40,42,28,37,7,6,26,70,44,50,14,52,66,17,21,24,36,45,72,30,23,27,63,51,69,56,31,32,35,46,43,58,3,29,20,48,81,60,73,5,34,67,19,61,12,22,9,77,0,80,10,41,2,53,25,15,13,55,65,33,75,64,38,1,79,62,78,59,47,76,68,4 3467.0 84.13200000000002 14.0
24,17,68,27,25,18,11,40,14,1,35,33,0,47,48,76,58,45,67,77,63,65,32,7,51,19,61,6,8,2,43,62,42,44,13,16,30,36,75,70,73,41,56,79,26,12,15,81,37,4,39,54,31,78,64,66,60,5,57,29,72,59,52,3,55,9,20,74,10,21,49,53,38,34,28,22,50,71,80,69,46,23 3517.0 82.86000000000001 13.0
8,49,16,39,71,18,11,74,54,57,42,28,37,7,6,26,70,44,50,38,52,66,17,21,24,36,45,72,30,23,27,63,51,69,56,31,32,35,64,43,58,3,29,20,41,48,81,60,73,5,15,67,19,61,12,22,9,75,0,80,10,2,1,25,34,13,55,65,33,77,46,14,53,79,62,40,78,59,47,76,68,4 3355.0 63.53200000000001 15.0
8,49,16,39,71,18,11,74,54,57,40,42,28,37,34,2,25,13,44,50,38,52,66,17,80,24,61,45,72,30,9,27,63,51,69,56,31,32,35,64,5,43,58,3,29,20,41,48,0,60,73,75,67,19,36,23,62,12,15,81,21,33,6,59,26,7,70,55,65,10,77,46,14,53,79,22,78,1,47,76,68,4 3528.0 81.94600000000001 13.0
70,36,68,26,25,18,11,40,37,10,49,57,22,47,42,72,74,24,39,77,21,28,13,7,71,45,54,52,30,23,27,63,51,69,56,2,32,35,64,43,58,65,29,20,19,67,81,60,73,5,15,48,41,61,12,1,9,75,0,80,8,55,38,31,44,14,46,66,79,34,62,3,78,59,16,50,17,53,6,4,76,33 3671.0 54.629 11.0
#
