# Problem = StaticVNFPlacementProblem
# Variables = 1
# Objectives = 3
81,105,4,120,115,47,18,98,59,6,35,14,16,118,1,107,79,10,34,101,55,52,93,43,114,103,109,0,37,29,30,77,104,94,92,5,44,54,32,74,21,7,63,45,122,106,95,82,117,65,8,15,39,20,64,86,75,25,90,24,76,12,116,123,60,110,69,13,49,87,119,121,53,40,70,124,111,100,41,26,2,84,48,80,73,83,113,97,51,71,42,11,38,23,31,58,108,3,22,57,78,66,9,102,85,61,89,19,88,96,50,62,28,56,91,17,67,27,33,36,99,72,46,112,68 4833.0 83.23 24.0
81,105,4,120,115,47,18,98,59,6,35,14,16,118,1,107,79,10,34,44,55,52,93,114,103,101,43,109,0,37,30,77,104,94,92,5,29,54,32,74,21,7,45,63,122,106,95,82,117,65,8,15,25,20,64,86,75,39,90,24,76,12,116,123,121,69,13,49,87,119,60,100,53,40,70,124,111,110,41,26,2,84,48,11,80,83,113,97,51,71,42,58,38,23,31,73,108,22,33,57,78,66,9,102,85,61,89,19,88,96,50,62,28,56,91,17,67,27,3,36,99,72,46,112,68 4828.0 95.10000000000001 22.0
81,105,4,120,115,47,18,98,59,6,35,14,16,118,1,107,79,10,34,101,55,52,93,44,114,103,109,0,37,30,77,29,104,94,92,5,43,54,32,74,71,7,63,122,45,106,95,82,117,65,8,15,39,20,64,86,75,25,90,24,76,12,116,123,60,69,13,121,49,119,87,53,40,110,100,70,124,111,41,26,2,84,73,51,80,83,113,97,21,42,11,3,48,23,31,108,58,22,33,57,78,66,9,102,85,61,89,19,88,96,72,38,62,28,91,56,17,67,27,99,50,36,46,112,68 4862.0 82.25000000000001 24.0
81,105,4,120,115,47,18,98,59,6,35,14,16,118,1,107,79,10,34,29,55,52,93,77,114,103,101,109,0,37,44,30,104,94,92,5,43,54,32,74,71,7,63,122,45,106,95,82,117,65,8,15,39,20,64,86,75,25,90,24,76,12,116,123,60,110,69,13,49,87,119,121,53,40,70,124,111,100,41,26,2,84,48,80,73,83,113,97,51,21,42,11,38,23,31,58,108,3,33,57,78,66,9,102,85,61,89,19,88,96,22,62,28,56,91,17,67,27,50,36,99,72,46,112,68 4854.0 85.23 22.0
81,105,4,120,115,47,18,98,59,6,35,14,16,118,1,107,79,10,34,29,55,52,93,43,114,103,101,109,0,37,30,77,104,111,92,5,44,54,32,74,21,7,63,122,45,106,95,82,117,65,8,15,39,20,64,86,75,25,90,24,76,12,116,123,121,60,69,13,49,119,100,53,40,110,87,70,124,94,41,26,2,84,73,51,80,83,113,97,71,42,11,3,48,23,31,108,58,22,33,57,78,66,9,102,85,61,89,19,88,96,72,38,62,28,91,56,17,67,27,99,50,36,46,112,68 4922.0 78.65 24.0
81,105,4,120,115,47,18,98,6,59,35,14,16,118,1,107,79,10,34,44,55,52,93,114,103,101,109,0,37,30,77,29,104,94,92,5,43,54,32,74,21,7,63,122,45,106,95,82,117,65,8,15,39,20,64,86,75,25,90,24,76,12,116,123,60,110,69,13,49,87,119,121,53,40,70,124,111,100,41,26,2,84,48,80,73,83,113,97,51,71,42,11,38,23,31,58,108,3,22,78,33,9,102,66,85,61,89,19,96,72,57,62,28,27,91,99,17,67,56,88,50,36,46,112,68 4897.0 80.23 24.0
81,105,4,120,115,47,18,98,6,59,35,14,16,118,1,107,79,10,34,44,55,93,43,29,114,103,101,109,0,37,30,77,104,94,92,5,52,54,32,74,21,7,63,122,45,106,95,82,117,86,65,8,15,25,20,64,116,75,39,90,24,76,12,23,121,110,69,13,99,87,119,60,100,53,40,70,124,111,41,26,2,84,48,11,80,83,113,97,51,71,42,73,38,123,31,58,108,22,33,57,66,9,102,85,61,89,78,19,88,96,3,62,28,56,91,49,17,67,27,72,50,36,46,112,68 4971.0 74.94 25.0
81,105,4,120,115,47,18,101,59,6,35,14,16,118,1,107,79,10,34,29,55,52,93,43,114,103,98,109,0,37,30,77,104,111,92,5,44,54,32,74,21,7,63,45,122,106,95,82,117,65,8,15,39,20,64,86,75,25,90,24,76,12,116,23,121,110,69,13,49,87,119,60,100,53,40,70,124,94,41,26,2,84,48,11,80,83,113,97,51,71,42,73,38,123,31,58,108,22,33,57,66,9,102,85,61,89,19,78,88,96,3,62,28,72,56,91,17,67,27,99,50,36,46,112,68 4929.0 78.75 23.0
81,105,4,120,115,47,18,98,6,59,35,14,16,118,1,107,79,10,34,101,55,52,93,44,114,103,109,0,37,30,77,29,104,94,92,5,106,54,32,74,71,7,63,45,122,43,95,82,117,65,8,15,25,20,64,86,75,39,90,24,76,12,116,123,102,121,69,13,49,87,119,60,100,53,40,70,124,111,110,41,26,2,84,48,11,80,83,113,97,51,21,42,58,38,23,31,73,108,22,33,57,78,66,9,85,61,89,19,88,96,3,62,28,56,91,17,67,27,50,36,99,72,46,112,68 4964.0 104.30000000000001 21.0
81,105,4,120,115,47,18,98,59,6,35,14,16,118,1,107,79,10,34,29,55,52,93,77,114,103,101,109,0,37,44,30,104,94,92,5,43,54,32,74,21,7,63,122,45,106,95,82,117,65,8,15,39,20,64,86,75,25,90,24,76,12,116,123,60,110,69,13,49,87,119,121,53,40,70,124,111,100,41,26,2,84,80,73,83,113,97,51,71,42,11,38,48,23,31,108,58,22,33,57,78,66,9,102,85,61,89,19,88,96,3,62,28,56,91,17,67,27,50,36,99,72,46,112,68 4980.0 78.55000000000001 23.0
81,105,4,120,115,47,18,98,59,6,14,16,82,107,79,10,34,35,1,29,55,52,93,43,114,103,101,109,0,37,63,30,77,104,94,92,5,44,54,32,74,21,7,45,122,15,95,118,117,65,8,42,25,20,64,86,75,39,90,24,76,12,116,123,121,60,69,13,49,119,100,53,40,70,124,111,110,41,26,2,84,48,11,80,73,83,113,97,51,71,106,87,38,23,31,58,108,22,3,57,78,66,9,102,85,61,89,19,88,96,50,62,28,56,91,17,67,27,33,36,99,72,46,112,68 5145.0 67.32 24.0
81,105,4,120,115,47,18,98,59,6,14,16,82,107,79,10,34,35,1,29,55,52,93,43,114,103,101,109,0,37,63,30,77,104,94,92,5,44,54,32,74,21,7,45,122,42,95,118,117,65,8,15,25,20,64,86,75,39,90,24,76,12,116,123,121,60,69,13,49,119,100,53,40,70,124,111,110,41,26,2,84,48,11,80,73,83,113,97,51,71,106,58,87,3,23,31,108,22,33,57,66,9,102,85,61,89,19,78,88,96,72,38,62,28,56,91,17,67,50,36,99,27,46,112,68 5124.0 71.97 23.0
81,105,4,120,115,47,18,98,59,6,14,16,82,107,79,10,34,35,1,44,55,52,93,114,103,101,109,0,37,30,77,29,104,94,92,5,43,54,32,74,21,7,63,122,45,42,95,118,117,65,8,15,25,20,64,86,75,39,90,24,76,12,116,123,121,60,69,13,49,119,100,53,40,70,124,33,111,41,26,2,84,48,11,80,73,83,113,97,51,71,106,110,3,23,31,58,108,22,87,57,78,66,9,102,85,61,89,19,88,96,72,38,62,28,91,17,67,27,50,36,99,56,46,112,68 5112.0 75.97 23.0
81,105,4,120,115,47,18,98,59,6,35,14,16,118,1,107,79,10,34,29,55,52,93,43,114,103,101,109,0,37,30,77,104,110,92,5,44,54,32,74,21,7,63,45,122,106,8,95,82,117,65,15,25,20,64,57,75,39,90,24,76,12,116,123,33,121,69,13,49,87,119,60,100,53,40,70,124,111,41,26,2,84,48,80,73,83,113,97,51,71,42,11,38,23,31,58,108,22,94,78,86,66,9,102,85,61,89,19,88,96,72,3,62,28,56,91,17,67,27,99,50,36,46,112,68 5107.0 92.64 20.0
81,105,4,120,115,47,18,98,59,6,14,16,82,107,79,10,34,35,1,29,55,52,93,43,114,103,101,109,0,37,63,30,77,104,94,92,5,44,54,32,74,21,7,45,122,42,95,118,117,65,8,15,25,20,64,86,75,39,90,24,76,12,116,123,121,60,69,13,49,119,100,53,40,70,124,33,111,41,26,2,84,48,11,80,73,83,113,97,51,71,106,110,3,23,31,58,108,22,87,57,78,66,9,102,85,61,89,19,88,96,72,38,62,28,91,56,17,67,50,36,99,27,46,112,68 5141.0 75.97 22.0
81,105,4,120,115,47,18,98,59,6,14,16,82,107,79,10,34,35,1,29,55,52,93,43,114,103,101,109,0,37,63,30,77,104,94,92,5,44,54,32,74,21,7,45,122,42,95,118,117,65,8,15,25,20,64,86,75,39,90,24,76,12,116,123,121,60,69,13,49,119,100,53,40,70,124,111,110,41,26,2,84,48,11,80,73,83,113,97,51,71,106,58,87,38,23,31,108,22,33,57,78,66,9,102,85,61,89,19,88,96,72,3,62,28,91,56,17,67,50,36,99,27,46,112,68 5183.0 69.02000000000001 23.0
81,105,4,120,115,47,18,98,59,6,16,14,82,107,79,10,34,35,1,29,55,52,93,43,114,103,101,109,0,37,63,30,77,104,94,5,44,54,32,74,21,7,45,122,42,92,95,118,117,65,8,15,25,20,64,86,75,39,90,24,76,12,116,123,121,60,69,13,49,119,100,53,40,70,124,33,111,41,26,2,84,48,11,80,73,83,113,97,51,71,106,110,38,23,31,58,108,22,87,57,78,66,9,102,85,61,89,19,28,88,96,50,62,56,91,17,67,27,3,36,99,72,46,112,68 5179.0 71.53 22.0
81,105,4,120,115,47,18,98,59,6,14,16,82,107,79,10,34,35,1,29,55,52,93,43,114,103,101,109,0,37,63,30,77,104,94,92,5,44,54,32,74,21,7,45,122,42,95,118,117,65,8,15,25,20,64,86,75,39,90,24,76,12,116,123,121,60,69,13,49,119,100,53,40,70,124,33,111,41,26,2,84,48,11,80,73,83,113,97,51,71,106,110,38,23,31,58,108,22,87,57,78,66,9,102,85,61,89,19,88,96,72,3,28,56,91,99,17,67,27,36,62,50,46,112,68 5233.0 71.63 21.0
#
93,102,105,27,119,106,77,99,82,101,83,39,26,55,118,41,54,98,111,114,15,96,10,85,33,51,3,46,22,20,30,16,115,64,23,71,86,14,110,112,76,107,38,121,95,36,31,42,87,56,52,4,100,66,58,37,1,90,80,116,109,8,69,124,88,24,5,92,21,113,59,48,18,79,11,29,72,47,17,40,91,89,61,13,7,81,65,57,53,62,25,6,32,117,63,97,9,122,45,50,34,120,78,60,70,43,67,103,0,108,35,19,2,73,12,75,28,84,49,44,94,74,68,104,123 5039.0 103.014 28.0
93,102,105,27,119,106,77,99,82,101,83,39,26,55,118,41,54,98,111,114,15,96,10,85,33,51,3,46,22,20,30,16,115,64,23,71,86,14,110,112,76,107,38,121,95,36,31,58,42,87,56,52,4,100,66,37,1,90,80,78,116,109,8,69,124,88,24,5,92,21,113,59,29,48,18,79,11,72,47,17,40,91,89,61,62,7,81,65,57,53,25,6,32,63,97,9,122,45,50,13,35,117,28,34,108,60,70,43,67,103,0,120,94,19,2,73,12,75,84,49,44,74,68,104,123 5044.0 95.11399999999999 27.0
93,102,105,27,119,106,77,99,82,101,83,39,26,55,118,41,54,98,111,114,15,96,10,85,33,51,3,46,22,20,30,16,115,64,23,71,14,86,110,112,76,107,38,121,95,36,31,58,42,87,56,52,4,100,66,37,1,90,80,78,116,109,8,69,124,88,24,5,92,21,113,59,48,18,79,11,29,72,47,17,40,91,89,61,62,7,81,65,57,53,25,6,32,117,63,97,9,122,45,34,50,120,28,13,108,60,70,43,67,103,0,35,94,19,2,73,12,75,84,49,44,74,68,104,123 5075.0 94.51399999999998 27.0
93,102,105,119,27,65,77,99,82,101,83,39,26,55,118,51,54,98,111,114,15,96,10,85,33,41,3,46,22,20,30,16,115,64,23,71,100,14,110,112,76,107,38,121,95,36,31,58,42,87,56,52,4,86,66,37,1,78,80,90,116,109,8,69,124,88,24,5,92,21,113,59,29,48,18,79,11,72,63,91,47,17,40,89,61,62,7,81,106,57,53,25,6,32,117,97,9,122,45,34,50,120,28,13,108,60,70,43,67,103,0,35,94,19,2,73,12,75,84,49,44,123,74,68,104 5127.0 82.19200000000001 29.0
93,102,105,27,119,106,77,99,82,101,83,39,26,55,118,41,54,98,111,114,15,96,10,85,33,107,3,46,22,20,30,16,115,64,23,71,86,112,14,110,51,76,38,121,95,36,31,42,87,56,52,4,100,66,58,37,1,78,80,90,116,109,8,69,124,88,24,5,92,21,113,59,48,18,79,11,29,72,47,17,40,91,89,61,13,7,81,65,57,53,25,6,32,117,63,97,9,122,45,34,50,120,28,62,108,60,70,43,67,103,0,35,94,19,2,73,12,75,84,49,44,74,68,104,123 5134.0 86.35 27.0
93,102,105,119,27,106,77,99,82,101,83,39,55,118,51,26,54,98,111,114,15,96,10,85,33,41,3,46,22,20,30,16,115,64,23,71,14,86,110,112,76,107,38,121,95,36,31,58,42,87,56,52,4,100,66,37,1,90,80,78,116,109,8,69,124,88,24,5,92,21,113,59,48,18,79,11,29,72,47,17,40,91,89,61,62,7,81,65,57,53,25,6,32,117,63,97,9,122,45,50,34,120,13,28,108,35,70,43,67,103,104,94,19,2,73,60,12,75,84,49,44,123,0,68,74 5098.0 93.24999999999999 27.0
93,102,20,72,27,106,110,99,121,31,83,39,48,42,118,107,54,40,89,114,15,96,124,88,35,30,11,5,112,16,116,59,33,26,49,51,46,76,77,101,60,4,2,82,103,56,47,111,55,19,58,122,52,115,74,67,94,104,86,100,57,71,75,108,10,23,85,21,123,36,92,87,53,64,70,17,3,119,38,105,22,90,98,97,65,62,7,81,61,79,80,63,109,32,117,25,29,9,41,50,13,28,34,69,45,14,43,91,37,95,0,120,1,113,24,73,12,8,84,6,44,18,66,68,78 5240.0 74.68 30.0
93,102,105,119,27,106,77,99,82,101,83,39,26,55,118,107,54,98,111,114,15,96,10,85,33,58,3,46,22,20,30,16,115,64,23,71,112,100,14,110,51,76,41,38,121,95,36,31,42,87,56,52,4,86,66,37,1,78,80,90,116,109,8,69,124,88,24,5,92,21,113,59,48,18,79,11,72,91,47,17,40,89,29,61,62,7,81,65,57,53,25,6,32,117,63,97,9,122,45,35,50,13,28,34,108,60,70,43,67,103,0,120,94,19,2,73,12,75,84,49,44,74,68,104,123 5145.0 79.316 28.0
93,102,105,119,27,106,77,99,82,101,83,39,55,118,51,26,54,98,111,114,15,96,10,85,33,41,3,46,22,20,30,16,115,64,23,71,86,14,110,112,76,107,38,121,95,36,31,58,42,87,56,52,4,100,66,37,1,90,80,116,109,8,69,124,88,24,5,92,21,113,59,48,18,79,11,29,72,47,17,40,91,89,61,13,7,81,62,65,57,53,25,6,32,117,63,97,9,122,45,35,50,78,28,34,108,60,70,43,67,103,120,0,94,19,73,12,75,84,2,49,44,123,74,68,104 5118.0 90.61399999999999 25.0
93,102,105,119,27,106,77,99,82,101,83,39,55,118,51,26,54,98,111,114,15,96,10,85,33,41,3,46,22,20,30,16,115,64,23,71,86,14,110,112,76,107,38,121,95,36,31,58,42,87,56,52,4,100,66,37,1,78,80,90,116,109,8,69,124,88,24,5,92,21,113,59,29,48,18,79,11,72,47,17,40,91,89,61,62,7,81,65,57,53,25,6,32,117,63,97,9,122,45,50,13,35,28,34,60,120,108,43,70,67,103,0,94,19,73,12,75,84,2,49,44,123,74,68,104 5115.0 95.11399999999999 25.0
93,102,105,119,27,106,77,99,82,101,83,39,55,118,51,26,54,98,111,114,15,96,10,85,33,41,3,46,22,20,30,16,115,64,23,71,14,86,110,112,76,107,38,121,95,36,31,58,42,87,56,52,4,100,66,37,1,90,80,24,116,109,8,69,124,88,5,92,21,113,59,48,18,79,11,29,72,47,17,40,91,89,61,13,7,81,65,57,53,25,6,32,117,63,62,97,9,122,45,50,78,35,28,34,60,120,108,70,43,67,103,0,12,19,73,94,75,84,2,49,44,123,74,68,104 5152.0 90.01399999999998 25.0
93,102,20,72,27,106,110,99,121,31,83,39,48,42,118,107,54,40,89,114,15,96,124,88,35,30,11,5,112,6,16,116,59,33,26,49,51,46,76,77,101,60,4,2,82,103,56,47,111,55,19,58,122,52,115,74,67,94,104,86,100,57,71,75,108,10,23,85,21,123,36,92,87,53,64,70,17,3,119,38,105,22,90,98,97,65,62,7,81,61,79,80,32,109,117,63,25,29,9,41,50,13,28,34,69,14,43,91,37,95,0,120,1,113,24,45,73,12,8,84,44,18,66,68,78 5402.0 78.97 29.0
93,102,105,119,27,106,77,99,82,101,83,39,26,55,118,107,54,98,111,114,15,96,10,85,33,58,3,46,22,20,30,16,115,64,23,71,112,100,14,110,51,76,41,38,121,95,36,31,42,87,56,52,4,86,66,37,1,90,80,78,116,109,8,69,124,88,24,5,92,21,113,59,48,18,79,11,29,72,47,17,40,91,89,61,62,7,81,65,57,53,25,6,32,117,63,97,9,122,45,34,50,120,28,13,108,70,43,67,103,74,35,94,19,60,2,73,12,75,84,49,44,123,0,68,104 5308.0 86.0 25.0
93,102,105,27,119,106,77,99,82,101,83,39,26,55,118,107,54,98,111,114,15,96,10,85,33,58,3,46,22,20,30,16,115,64,23,71,112,100,14,110,51,76,41,38,121,95,36,31,42,87,56,52,4,86,66,37,1,78,80,90,116,109,8,69,124,88,24,5,21,113,59,48,18,79,11,29,72,47,17,40,91,89,61,13,7,81,65,57,53,25,6,32,117,63,62,97,9,122,45,50,92,35,28,34,60,120,108,43,70,67,103,0,94,19,73,12,75,84,2,49,44,123,104,68,74 5218.0 85.816 27.0
93,102,105,27,119,106,77,99,82,101,83,39,26,55,118,41,54,98,111,114,15,96,10,85,33,51,3,46,22,20,30,16,115,64,23,71,86,14,110,112,76,107,38,121,95,36,31,42,87,56,52,4,100,66,58,37,1,90,80,116,109,8,69,124,88,24,5,92,21,113,59,48,18,79,11,29,72,47,17,40,91,89,61,13,7,81,65,57,53,25,6,32,117,63,62,97,9,122,45,50,78,35,28,34,60,120,108,43,70,67,103,0,94,19,73,12,75,84,2,49,44,74,68,104,123 5161.0 87.19099999999999 25.0
93,102,105,119,27,106,77,99,82,101,83,39,55,118,51,26,54,98,111,114,15,96,10,85,33,41,3,46,22,20,30,16,115,64,23,71,14,86,110,112,76,107,38,121,95,36,31,58,42,87,56,52,4,100,66,37,1,90,80,78,116,109,8,69,124,88,24,5,92,21,113,59,48,29,18,79,11,72,91,47,17,40,89,61,62,7,81,65,57,53,25,6,32,117,63,97,9,122,45,50,13,60,28,34,108,70,43,120,35,67,103,0,94,19,73,12,75,84,2,49,44,123,74,68,104 5227.0 99.91399999999999 24.0
93,102,105,119,27,106,77,99,82,101,83,39,26,55,118,41,54,98,111,114,15,96,10,85,33,19,3,46,22,20,30,16,115,23,71,112,86,14,110,51,76,107,38,121,95,117,36,31,58,42,87,56,52,4,100,66,1,78,80,90,116,109,8,69,124,88,24,5,92,21,113,59,29,48,18,72,91,11,47,103,17,40,89,64,61,62,7,81,65,57,53,25,6,32,34,63,108,9,122,45,50,13,28,60,35,43,70,97,79,67,0,120,94,37,12,73,75,84,2,49,44,123,74,68,104 5558.0 80.46 27.0
93,102,105,119,27,65,77,99,82,101,83,39,26,55,118,107,54,98,111,114,15,96,10,85,33,58,3,46,22,20,30,16,115,64,23,71,112,100,14,110,51,76,41,38,121,95,36,31,42,87,56,52,4,86,66,37,1,78,80,90,116,109,8,69,124,88,24,5,92,21,113,59,29,48,18,79,11,72,91,47,17,40,89,61,62,7,81,106,57,53,25,6,32,117,63,97,9,122,45,34,50,120,28,13,108,70,43,67,103,74,35,94,19,60,2,73,12,75,84,49,44,123,0,68,104 5318.0 81.334 25.0
93,102,105,119,27,65,77,99,82,101,83,39,26,55,118,107,54,98,111,114,15,96,10,85,33,58,3,46,22,20,30,16,115,64,23,71,112,100,14,110,51,76,41,38,121,95,36,31,42,87,56,52,4,86,66,37,1,78,80,90,116,109,8,69,124,88,120,24,5,92,21,113,59,29,48,18,79,11,72,91,47,17,40,89,61,62,7,81,67,57,53,25,6,32,117,63,97,9,122,45,34,50,28,13,108,60,70,43,106,103,0,35,94,19,2,73,12,75,84,49,44,123,74,68,104 5399.0 80.92399999999999 26.0
#
61,57,28,9,116,68,26,6,23,103,55,104,33,46,105,11,21,110,58,10,4,81,2,71,108,120,29,24,19,41,73,47,64,16,98,14,109,92,20,31,49,113,69,94,53,83,30,48,5,87,32,77,95,18,27,42,115,70,119,124,99,112,63,7,106,91,50,15,114,93,44,101,12,74,56,76,96,59,122,123,39,75,66,111,118,67,54,0,80,84,37,60,35,43,90,22,25,65,3,40,17,82,88,78,102,107,85,62,117,8,89,34,38,13,100,36,45,51,97,1,72,86,121,52,79 4958.0 78.718 26.0
61,57,28,9,116,68,26,6,23,103,55,104,33,46,105,11,21,110,58,10,4,81,2,71,108,120,29,24,19,41,73,47,64,16,98,14,109,92,20,31,49,113,69,94,53,66,30,48,5,87,32,95,18,27,42,77,70,119,124,99,63,112,115,7,106,91,50,15,114,93,44,101,12,74,56,76,96,59,122,123,39,75,83,111,118,67,54,0,80,84,37,60,35,43,90,52,22,25,65,3,40,17,82,88,78,102,107,85,62,117,8,89,34,38,13,100,36,45,97,1,72,51,86,121,79 4957.0 81.398 25.0
61,57,28,9,116,68,26,6,23,103,55,104,33,46,105,11,21,110,58,10,4,81,2,71,108,120,29,24,19,41,73,47,64,16,98,14,109,92,20,31,49,113,69,94,53,83,30,48,5,44,32,95,18,27,42,77,70,119,124,99,63,112,115,7,106,91,50,15,114,93,87,101,12,74,56,76,96,59,122,123,39,75,66,111,118,67,54,0,80,84,37,88,35,43,90,52,22,25,65,3,40,17,82,78,102,107,85,62,117,8,89,34,38,60,13,100,36,45,97,1,72,51,86,121,79 4968.0 77.73000000000002 26.0
61,57,28,9,116,68,26,6,23,103,55,104,33,46,105,11,21,110,58,10,4,81,2,71,108,120,29,24,19,41,73,47,64,16,98,14,109,92,20,31,49,113,69,94,53,66,30,48,5,87,32,95,18,27,42,119,77,70,124,99,63,112,115,7,106,91,50,15,114,93,44,101,12,74,56,76,96,59,122,123,39,75,83,111,118,67,54,0,80,84,37,60,35,43,90,52,22,25,65,3,40,17,82,88,78,107,97,62,117,8,85,89,34,38,13,100,36,45,102,1,72,51,86,121,79 4994.0 74.75 26.0
61,57,28,9,116,68,26,6,23,103,55,104,33,46,105,11,21,110,58,10,4,81,2,71,108,120,29,24,19,41,73,47,64,16,98,14,109,92,20,31,49,113,69,94,53,66,30,48,5,87,32,95,18,27,42,119,77,70,124,99,63,112,115,7,106,91,50,15,114,93,44,101,12,74,56,76,96,59,122,123,39,75,83,111,118,67,54,0,80,84,37,13,35,43,90,22,25,65,3,40,17,82,88,78,102,107,97,62,117,8,89,34,38,79,60,100,36,45,51,1,72,86,121,52,85 5053.0 67.31 28.0
61,57,28,9,116,68,26,6,23,103,55,104,33,46,105,11,21,110,58,10,4,81,2,71,108,120,29,24,19,41,73,47,64,16,98,14,109,92,20,31,49,113,69,94,53,66,30,48,5,87,32,95,18,27,42,119,77,70,124,99,63,112,115,7,106,91,50,15,114,93,44,101,12,74,56,76,96,59,122,123,39,75,83,111,118,67,54,0,80,84,37,13,35,43,90,22,25,65,3,40,17,82,88,78,102,107,85,62,117,8,89,34,38,60,100,36,45,51,97,1,72,86,121,52,79 5027.0 69.53999999999999 27.0
61,57,28,9,116,68,26,6,23,103,55,104,33,46,105,11,21,110,58,10,4,81,2,71,108,120,29,24,19,41,73,47,64,16,98,14,109,92,20,31,49,113,69,94,53,83,30,48,5,44,32,95,18,27,42,77,70,119,124,99,63,112,115,7,106,91,50,15,114,93,87,101,12,74,56,76,96,59,122,123,39,75,66,111,118,67,54,0,80,84,37,13,35,43,90,22,25,65,3,40,17,82,88,78,102,107,97,62,117,8,89,34,38,79,60,100,36,45,51,1,72,86,121,52,85 5037.0 74.35 26.0
61,57,28,9,116,68,26,6,23,103,55,104,33,46,105,11,21,110,58,10,4,81,2,71,108,120,29,24,19,41,73,47,64,16,14,109,92,20,31,49,113,98,69,94,53,66,30,48,5,87,32,95,18,27,42,77,70,119,124,99,63,112,115,7,106,91,50,15,114,93,44,101,12,74,56,76,96,59,122,123,39,75,83,111,118,67,54,80,84,37,0,60,35,43,90,52,22,25,65,3,40,17,82,88,78,102,107,85,62,117,8,89,34,38,13,100,36,45,51,1,72,86,121,97,79 5036.0 75.694 25.0
61,57,28,9,116,68,26,6,23,103,55,104,33,46,105,11,21,110,58,10,4,81,2,71,108,120,29,24,19,41,73,47,64,16,98,14,109,92,20,31,49,113,69,94,53,66,30,48,5,87,32,95,18,27,42,77,70,119,124,99,63,112,115,7,106,91,50,15,114,93,44,101,12,74,56,76,78,59,122,123,39,75,83,111,118,67,54,0,80,84,37,60,35,43,90,22,25,65,3,40,17,82,88,96,102,107,85,62,117,8,89,52,34,38,13,100,36,45,51,1,72,86,121,97,79 5020.0 83.108 24.0
61,57,28,9,116,68,26,6,23,103,55,104,33,46,105,11,21,110,58,10,4,81,2,71,108,120,29,24,19,41,31,47,64,77,98,109,14,92,20,73,49,16,113,94,53,66,30,48,5,87,32,69,95,18,27,42,115,70,119,124,112,99,7,106,91,50,15,114,93,44,101,12,74,56,76,96,59,122,123,63,39,75,83,111,118,67,54,0,80,84,37,13,35,43,90,22,25,65,3,40,17,82,88,78,102,107,89,85,62,117,8,34,38,60,100,36,45,51,97,1,72,86,121,52,79 5117.0 69.706 26.0
61,57,28,9,116,68,26,6,23,103,55,104,33,46,105,11,21,110,58,10,4,81,2,71,108,120,29,24,19,41,31,47,64,16,98,14,109,92,20,73,49,77,113,94,53,66,30,48,5,87,32,69,95,18,27,42,115,70,119,124,99,112,63,7,106,91,50,15,114,93,44,101,12,74,56,76,96,59,122,123,39,75,83,111,118,67,54,0,80,84,37,60,35,43,90,22,25,65,3,40,17,82,88,78,102,107,85,62,117,8,89,34,38,13,100,36,45,51,97,1,72,86,121,52,79 5061.0 76.906 24.0
61,57,28,9,116,68,26,6,23,103,55,104,33,46,105,11,21,110,58,10,4,81,2,71,108,120,29,24,19,63,31,47,64,16,98,14,109,92,20,73,49,66,113,94,53,30,48,5,87,32,69,95,18,27,42,77,70,119,124,99,41,112,115,7,106,91,50,15,114,93,44,101,12,74,56,76,96,59,122,123,39,75,83,111,118,67,54,0,80,84,37,60,35,43,90,22,25,65,3,40,17,82,88,78,102,107,85,62,117,8,89,34,38,13,100,36,45,51,97,1,72,86,121,52,79 5080.0 73.70599999999999 24.0
61,57,28,9,116,68,26,6,23,103,55,104,33,46,105,11,21,110,58,10,4,81,2,71,108,120,29,24,19,41,31,47,64,16,98,14,109,92,20,73,49,77,113,94,53,66,30,48,5,87,32,69,95,18,27,42,63,70,119,124,99,112,115,7,106,91,50,15,114,93,44,101,12,56,76,96,59,122,123,39,75,83,111,118,67,54,0,80,84,37,60,35,43,90,22,25,65,3,40,17,82,88,78,102,107,74,97,62,117,8,89,34,38,85,13,100,36,45,51,1,72,86,121,52,79 5123.0 84.82600000000001 22.0
61,57,28,9,116,68,26,6,23,103,55,104,33,46,105,11,21,110,58,10,4,81,2,71,108,120,29,24,19,41,31,47,64,16,98,14,109,92,20,73,49,77,113,94,53,66,30,48,5,87,32,69,95,18,27,42,63,70,119,124,99,112,115,7,106,91,50,15,114,93,44,101,12,56,76,96,59,122,123,39,75,83,111,118,67,54,0,80,84,37,60,35,43,90,22,25,65,3,40,17,82,88,78,8,102,107,85,62,117,74,89,34,38,13,100,36,45,51,97,1,72,86,121,52,79 5138.0 80.82600000000001 22.0
#
112,80,122,62,107,28,69,18,101,104,39,91,36,75,1,23,50,7,116,88,51,114,12,108,57,98,15,35,3,113,53,11,41,94,6,10,60,22,46,96,43,4,13,54,32,64,111,121,47,9,63,55,56,87,95,59,27,73,38,79,105,89,117,76,77,44,26,119,33,118,24,8,42,14,93,78,68,34,71,21,120,83,110,67,103,84,17,49,70,19,29,106,5,124,20,100,97,48,16,102,65,25,40,2,85,30,61,31,45,37,0,82,66,90,86,99,109,52,81,123,115,74,92,58,72 4917.0 109.30700000000002 31.0
112,80,122,62,107,28,69,18,101,104,39,91,36,75,1,23,50,7,116,88,51,114,12,108,57,98,15,35,3,113,53,11,41,94,6,10,60,22,46,96,43,4,13,54,32,64,121,47,9,63,55,56,87,95,59,27,73,38,79,105,89,117,76,77,44,26,119,33,99,24,8,42,14,93,78,68,34,71,21,120,83,110,67,103,17,49,70,19,29,106,5,124,20,118,100,84,97,48,16,102,111,25,40,2,85,30,61,31,45,37,0,82,66,86,65,92,109,52,81,123,115,74,90,58,72 4957.0 127.39900000000002 29.0
112,80,122,62,107,28,69,17,101,104,39,91,36,75,1,23,50,7,116,88,51,114,12,108,57,98,15,35,3,113,53,11,41,94,6,10,60,22,46,96,43,4,13,54,32,64,121,47,9,63,55,56,87,95,59,27,73,38,79,105,89,117,76,77,44,26,119,33,118,24,8,42,14,93,78,68,34,71,21,120,83,110,67,103,70,19,29,106,5,124,100,49,20,99,84,97,48,16,102,123,25,40,2,85,30,61,31,45,37,0,82,90,66,86,65,92,109,52,81,111,115,18,74,58,72 5008.0 92.612 32.0
112,80,122,62,107,28,69,5,40,104,39,91,36,75,1,23,50,7,116,88,51,20,12,108,117,98,15,35,3,113,53,11,41,94,6,10,60,84,46,96,43,13,90,54,32,64,22,121,47,9,95,63,55,56,87,59,27,73,79,105,81,89,77,76,44,119,57,33,118,24,8,42,93,14,78,68,34,71,21,120,83,110,67,103,17,49,70,19,29,106,86,16,114,124,61,100,97,48,102,99,111,65,25,101,85,30,31,45,37,0,82,66,18,2,92,109,52,26,4,38,123,115,74,58,72 4990.0 105.04 30.0
112,80,122,62,107,28,69,4,101,104,39,91,36,75,1,23,50,7,116,88,51,114,12,30,57,98,15,35,3,113,53,11,41,94,6,10,13,84,46,96,43,90,54,32,64,22,121,47,77,9,63,55,56,87,95,59,27,73,38,60,105,89,76,44,26,119,117,33,118,24,83,8,14,93,78,68,34,71,21,120,42,67,103,17,49,70,19,29,106,5,124,100,110,20,99,79,97,48,16,102,123,25,40,2,85,108,61,31,45,37,0,82,66,86,65,92,109,52,81,111,115,18,74,58,72 4971.0 110.45000000000003 24.0
112,80,122,62,107,28,69,5,40,104,39,91,36,75,1,23,50,7,116,88,51,20,12,108,117,98,15,35,3,113,53,11,41,94,6,10,60,84,46,96,43,13,90,54,32,64,22,121,47,9,95,63,55,56,87,59,27,73,79,105,81,89,77,76,57,44,119,33,118,24,8,42,14,26,93,68,34,71,21,120,83,99,110,18,103,17,49,16,70,19,29,106,114,124,61,100,97,48,102,67,111,65,25,101,85,30,31,45,37,0,82,66,86,2,92,109,52,78,4,38,123,115,74,58,72 5034.0 89.09400000000001 29.0
112,80,122,62,107,28,69,18,104,101,91,39,36,75,1,23,50,7,116,88,51,114,12,108,57,98,15,35,3,113,53,11,41,94,6,10,60,84,46,96,43,90,13,54,32,64,22,121,47,9,63,55,56,87,95,59,27,73,38,67,105,89,117,76,44,26,119,33,118,24,8,42,14,93,78,68,34,71,21,120,83,110,79,103,17,49,70,19,29,106,5,124,20,99,100,77,97,48,16,102,111,25,40,2,85,30,61,31,45,37,0,82,66,86,65,92,109,52,81,4,123,115,74,58,72 5081.0 77.12500000000001 30.0
112,80,122,62,107,28,69,5,40,104,39,91,36,75,1,23,50,7,116,88,51,20,12,108,117,98,15,35,3,113,53,11,41,94,6,10,60,84,46,96,43,13,90,54,32,64,22,121,47,9,95,63,55,56,87,59,27,73,79,105,81,89,77,76,44,119,57,33,118,24,8,42,93,14,78,68,34,71,21,120,83,99,110,18,103,17,49,16,70,19,29,106,114,124,61,100,97,48,102,67,111,65,25,101,85,30,31,45,37,0,82,66,86,2,92,109,52,26,4,38,123,115,74,58,72 4997.0 101.15 28.0
112,80,122,62,107,28,69,5,40,104,39,91,36,75,1,23,50,7,116,88,51,20,12,108,117,98,15,35,3,113,53,11,41,94,6,10,60,84,46,96,43,13,90,54,32,64,22,121,47,9,95,63,55,56,87,59,27,73,79,105,81,89,77,76,44,119,57,33,118,24,8,42,93,14,78,68,34,71,21,120,83,99,110,124,103,17,49,16,70,19,29,106,114,18,0,100,97,48,67,102,111,25,101,2,85,30,61,31,45,37,26,82,66,86,65,92,109,52,38,123,115,74,4,58,72 5061.0 82.944 30.0
112,80,122,62,107,28,69,4,101,104,39,91,36,75,1,23,50,7,116,88,51,114,12,30,57,98,15,35,3,113,53,11,41,94,6,10,13,84,46,96,43,90,54,32,64,22,121,47,77,9,63,55,56,87,95,59,27,73,38,60,105,89,76,44,26,119,117,33,118,24,42,8,14,93,78,68,34,71,21,120,83,67,103,17,49,70,19,29,106,5,124,100,110,20,99,79,97,48,16,102,123,25,40,2,85,108,61,31,45,37,0,82,66,86,65,92,109,52,81,111,115,18,74,58,72 5097.0 103.33000000000004 25.0
112,80,122,62,107,28,69,18,101,77,39,91,36,75,1,78,23,50,7,116,88,51,114,12,98,15,35,3,86,53,11,60,41,94,6,10,13,84,46,117,96,108,90,54,32,64,22,121,47,9,63,55,56,87,95,59,27,73,38,79,105,89,104,76,57,44,93,26,119,43,33,24,8,42,14,68,34,71,21,120,83,110,67,103,17,49,70,19,29,106,5,124,118,20,100,97,48,16,102,111,65,25,40,2,85,30,61,31,45,37,0,82,66,4,113,99,92,109,52,81,123,72,74,58,115 5110.0 73.216 26.0
80,122,62,107,112,28,69,18,101,77,39,91,36,75,1,78,23,50,7,116,88,51,114,12,98,15,35,3,86,53,11,60,41,94,6,10,13,84,46,117,96,108,90,54,32,64,22,121,47,9,63,55,56,87,95,59,27,73,38,79,105,89,104,76,57,44,93,26,119,43,33,24,8,42,14,68,34,71,21,120,83,110,67,103,17,49,70,19,29,106,5,124,118,20,100,97,48,16,102,111,65,25,40,2,85,30,61,31,45,37,0,82,66,113,99,92,109,52,81,4,123,115,74,58,72 5093.0 84.59800000000001 26.0
112,80,122,62,107,28,69,78,18,101,77,39,91,36,75,1,23,50,7,116,88,51,114,12,98,15,35,3,86,53,11,60,41,94,6,10,13,84,46,117,96,108,90,54,32,64,22,121,47,9,63,55,56,87,95,59,27,73,38,79,105,89,76,26,74,119,57,33,118,24,8,42,104,43,14,68,34,71,21,120,83,110,67,103,17,49,70,19,29,106,5,124,20,44,100,97,48,16,102,111,65,25,40,2,85,30,61,31,45,37,0,82,66,4,113,99,92,109,52,81,123,115,93,58,72 5145.0 102.565 25.0
80,122,62,107,112,28,69,18,101,77,39,91,36,75,1,78,23,50,7,116,88,51,114,12,98,15,35,3,86,53,11,60,41,94,6,10,13,84,46,117,96,108,90,54,32,64,22,121,47,9,63,55,56,87,95,59,27,73,38,79,105,89,104,76,57,44,93,120,119,43,33,24,8,42,14,26,68,34,71,21,83,110,67,103,17,49,70,19,29,106,118,5,124,20,100,97,48,16,102,111,65,25,61,99,40,30,85,31,45,37,0,82,66,113,2,92,109,52,81,4,123,115,74,58,72 5162.0 82.23600000000002 25.0
112,80,122,62,107,28,69,2,18,101,77,39,91,36,75,1,23,50,7,116,88,51,114,12,98,15,35,3,86,53,11,60,41,94,6,10,13,0,46,117,96,108,90,54,32,64,22,121,47,9,63,55,56,87,95,59,78,27,38,79,105,89,104,76,57,44,93,120,119,43,33,24,8,42,14,26,68,34,71,21,83,118,110,67,103,17,49,70,19,29,5,124,30,20,99,100,97,106,48,16,102,111,25,40,73,85,61,31,45,37,84,82,66,4,113,65,92,109,52,81,123,115,74,58,72 5246.0 71.72500000000001 23.0
112,80,122,62,107,28,69,2,18,101,77,39,91,36,75,1,23,50,7,116,88,51,114,12,98,15,35,3,86,53,11,60,41,94,6,10,13,0,46,57,96,108,90,54,32,64,22,121,47,9,63,55,56,87,95,59,43,27,73,38,79,105,89,117,76,44,119,33,118,24,8,42,14,26,93,78,68,34,71,21,120,83,110,67,103,17,49,70,19,29,5,124,30,20,99,100,97,106,48,16,102,111,25,40,104,85,61,31,45,37,84,82,66,4,113,65,92,109,52,81,123,115,74,58,72 5318.0 76.205 22.0
112,80,122,107,28,69,81,101,77,39,91,36,75,1,23,50,7,62,88,51,114,12,116,98,15,35,3,86,53,92,11,60,41,94,6,10,13,84,46,117,96,108,90,54,32,64,22,121,47,9,63,55,56,87,95,59,27,73,38,79,105,89,104,76,57,44,93,120,119,43,33,24,8,42,118,113,68,34,71,21,14,83,110,67,103,17,49,70,19,29,106,5,124,20,100,97,48,16,102,65,25,40,2,85,30,61,31,45,37,0,82,66,4,26,111,99,52,109,78,18,123,115,74,58,72 5228.0 81.22500000000001 24.0
112,80,122,62,107,28,69,99,101,2,77,39,91,36,75,1,23,50,7,116,88,51,114,12,98,15,35,3,86,53,11,60,41,94,6,10,13,84,46,117,96,108,43,54,32,64,22,121,47,63,55,56,87,95,59,27,73,38,79,105,89,57,76,44,26,119,33,90,24,8,42,14,93,78,68,34,71,21,120,83,110,67,103,17,49,70,19,29,106,5,18,124,20,111,100,97,48,16,102,65,25,40,104,85,30,61,31,9,45,37,0,82,66,4,113,118,92,109,52,81,123,115,74,58,72 5320.0 74.454 21.0
#
109,121,11,110,50,84,6,92,100,28,27,8,122,40,13,51,37,2,61,71,77,111,123,30,7,76,69,107,68,102,87,43,19,53,24,14,108,23,93,99,18,15,44,105,116,56,113,75,96,36,55,112,103,4,41,58,94,49,59,118,78,83,32,52,74,81,82,98,80,5,39,73,21,64,89,120,22,117,85,57,1,17,62,31,124,3,9,26,63,29,114,10,70,72,115,47,104,91,60,48,95,66,97,0,45,65,86,33,20,42,46,38,16,79,90,106,12,25,34,101,35,119,88,54,67 4970.0 94.125 27.0
109,121,11,110,50,84,6,92,100,28,27,8,122,40,13,51,37,2,61,71,87,111,41,30,7,76,69,77,107,68,102,43,19,53,24,14,108,23,93,99,18,15,44,78,105,116,56,113,75,96,36,55,112,103,63,123,58,94,49,101,4,83,32,59,52,74,81,82,98,80,5,39,73,21,64,89,120,22,117,85,57,1,62,31,124,3,90,9,26,10,17,29,114,119,72,115,47,104,60,48,95,66,97,0,65,86,33,20,70,46,38,45,42,16,79,91,12,25,34,88,35,106,118,54,67 4978.0 80.929 26.0
109,121,11,110,50,84,6,92,100,28,27,8,122,40,13,111,37,2,61,71,87,51,76,30,7,41,69,77,107,68,102,43,19,53,24,14,108,23,93,99,18,15,44,78,105,116,56,113,75,96,36,55,112,103,63,123,58,94,49,101,4,83,32,59,52,74,81,82,98,80,5,39,73,21,64,89,120,22,117,85,57,1,17,62,31,124,3,90,9,26,10,114,72,115,47,104,91,60,48,95,66,97,70,0,42,45,65,86,33,20,119,38,16,79,29,106,12,25,34,118,35,46,88,54,67 4997.0 78.764 27.0
109,121,11,110,50,84,6,92,100,28,27,8,122,40,13,51,37,2,61,71,77,111,41,30,7,76,69,87,107,68,102,43,19,53,24,14,108,23,93,99,18,15,44,78,105,116,56,113,75,96,36,55,112,103,63,123,58,94,49,101,4,83,32,59,52,74,81,82,98,80,5,39,73,21,64,89,120,22,117,85,57,1,17,62,31,124,3,90,9,26,10,45,72,115,47,104,91,60,48,95,66,97,70,0,42,114,65,86,33,20,119,46,38,16,79,29,12,25,34,88,35,106,118,54,67 5018.0 78.764 26.0
109,121,11,110,50,84,6,92,100,28,27,8,122,40,13,51,37,2,61,71,77,111,41,30,7,76,69,107,68,87,102,43,19,53,24,14,108,23,93,99,18,15,44,78,105,116,56,113,75,96,36,55,112,103,63,123,58,94,49,101,4,83,32,59,52,74,81,82,98,80,5,39,73,21,64,89,120,22,117,85,57,1,62,31,124,3,90,9,26,10,17,29,114,119,72,115,47,104,88,60,48,95,97,0,45,65,86,33,20,42,46,38,16,79,70,106,12,25,34,118,35,91,66,54,67 5005.0 84.929 25.0
109,121,11,110,50,84,6,92,100,28,27,8,122,40,13,51,37,2,61,71,77,111,41,30,7,76,69,87,107,68,102,43,17,10,24,14,108,23,93,99,18,15,44,78,105,116,56,113,75,96,36,55,112,103,63,123,58,94,49,101,4,83,32,59,52,74,81,82,98,80,5,39,73,21,64,89,120,22,117,85,57,1,19,62,31,91,3,90,9,26,53,114,72,115,47,104,124,60,48,95,66,97,70,0,42,45,65,86,33,20,119,46,38,16,79,29,12,25,34,88,35,106,118,54,67 5068.0 71.81 28.0
109,121,11,110,50,84,6,92,100,28,27,8,122,40,13,51,37,2,61,71,87,111,41,30,7,76,69,77,107,68,102,43,19,53,24,14,108,23,93,99,18,15,44,78,105,116,56,113,75,96,36,55,112,103,63,123,58,94,49,101,4,83,32,59,52,74,81,82,98,80,5,39,73,21,64,89,120,22,117,85,57,1,17,62,31,124,3,90,9,26,10,29,119,72,115,47,104,91,60,48,95,66,97,0,65,86,33,20,70,46,38,45,42,16,79,114,12,25,34,88,35,106,118,54,67 5041.0 81.92399999999999 25.0
109,121,11,110,50,84,6,92,100,28,27,40,8,122,13,51,37,2,61,71,77,111,123,30,7,76,69,107,68,102,87,43,19,53,24,14,108,23,93,99,18,15,44,78,105,116,56,113,75,96,36,55,112,103,63,41,58,94,49,101,4,83,32,59,52,74,81,82,98,80,5,39,73,21,64,89,120,22,117,85,57,1,62,31,124,3,90,9,26,10,17,29,114,119,72,115,47,104,88,60,48,95,97,0,45,65,86,33,20,42,46,38,16,79,70,106,12,25,34,118,35,91,66,54,67 5100.0 97.729 24.0
109,121,11,110,50,84,6,92,100,28,27,8,122,40,13,51,37,2,61,71,87,111,41,30,7,76,69,77,107,68,102,43,17,10,24,14,108,23,93,99,18,15,44,78,105,116,56,113,75,96,36,55,112,103,63,123,58,94,49,101,4,83,32,59,52,74,81,82,98,80,5,39,73,21,64,89,120,22,117,85,57,1,19,62,31,124,3,90,9,26,53,29,114,72,115,47,104,91,60,48,95,66,97,0,45,65,86,33,20,42,38,70,46,16,79,119,12,25,34,88,106,35,54,118,67 5060.0 75.10900000000001 25.0
109,121,11,110,50,84,6,92,100,28,27,8,122,40,13,51,37,2,61,71,87,111,41,30,7,76,69,77,107,68,102,43,17,10,24,14,58,108,23,93,99,18,15,44,105,116,56,113,75,78,96,36,55,112,103,63,123,94,49,101,4,83,32,59,52,74,81,82,98,80,5,39,73,21,64,89,120,22,117,85,57,1,19,62,31,124,3,90,9,26,53,114,72,115,47,104,91,60,48,95,66,97,70,45,65,86,33,20,119,54,46,38,16,0,79,29,106,12,25,34,88,35,42,118,67 5108.0 71.39000000000001 27.0
109,121,11,110,50,84,6,92,100,28,27,40,8,122,13,51,37,2,61,71,77,111,123,30,7,76,69,107,68,102,87,43,19,53,24,14,108,23,93,99,18,15,44,78,105,116,56,113,75,96,36,55,112,103,63,41,58,94,49,101,4,83,32,59,52,74,81,82,98,80,5,39,73,21,64,89,120,22,117,85,57,1,17,62,31,124,3,90,9,26,10,29,119,72,115,47,104,91,60,48,95,66,97,0,65,86,33,20,70,46,38,45,42,16,79,114,12,25,34,88,106,35,54,118,67 5106.0 88.729 23.0
109,121,11,110,50,84,6,92,100,58,28,27,8,122,40,13,51,37,2,61,71,77,111,41,30,7,76,69,87,107,68,102,43,19,53,24,14,108,23,93,99,18,15,44,105,116,56,113,75,78,96,36,55,112,103,63,123,94,49,101,4,83,32,59,52,74,81,82,98,80,39,73,21,64,89,120,22,117,5,85,57,1,17,62,31,124,3,90,9,26,10,29,114,72,115,47,104,91,60,48,95,66,97,0,45,65,86,33,20,42,46,38,16,79,70,106,12,25,34,118,35,119,88,54,67 5156.0 70.74900000000001 27.0
109,121,11,110,50,84,6,92,100,28,27,8,122,40,13,51,37,2,61,71,87,111,41,30,7,76,69,77,107,68,102,43,17,10,24,14,108,23,93,99,18,15,44,78,105,116,56,113,75,96,36,55,112,103,63,123,58,94,49,101,4,83,32,59,52,74,81,82,98,80,5,39,73,21,64,89,120,22,117,85,57,1,19,62,31,124,3,90,9,26,53,29,114,119,72,115,47,104,91,60,48,20,95,97,0,65,86,33,70,46,38,45,42,16,79,66,12,25,34,88,106,35,54,118,67 5137.0 73.14 25.0
109,121,11,110,50,84,6,92,100,28,27,40,8,122,13,51,37,2,61,71,77,111,123,30,7,76,69,107,68,102,87,43,19,53,24,14,108,23,93,99,18,15,44,78,105,116,56,113,75,96,36,45,55,112,103,63,41,58,94,49,101,4,83,32,59,52,74,81,98,80,5,39,73,21,64,89,120,22,82,117,85,57,1,17,62,31,124,3,90,9,26,10,29,115,47,104,91,60,48,95,66,97,70,0,42,114,65,86,33,20,119,38,16,79,72,106,12,25,34,118,35,46,88,54,67 5129.0 80.584 23.0
109,121,11,110,50,84,6,92,100,28,27,8,122,58,40,13,51,37,2,61,71,77,111,41,30,7,76,69,87,107,68,102,43,19,53,24,14,108,23,93,99,18,15,44,105,116,56,113,75,78,96,36,55,112,103,63,123,94,49,101,4,83,32,59,52,74,81,82,98,80,39,73,21,64,89,120,22,117,5,85,57,1,17,62,31,124,3,90,9,26,10,114,72,115,47,104,91,60,48,95,66,97,70,54,42,45,65,86,33,20,38,46,119,29,16,79,106,12,25,34,88,35,0,118,67 5215.0 69.049 27.0
109,121,11,110,50,84,6,92,100,28,27,40,8,122,13,51,37,2,61,71,77,111,123,30,7,76,69,107,68,102,87,43,17,10,24,14,108,23,93,99,18,15,44,78,105,116,56,113,75,96,36,55,112,103,63,41,58,94,49,101,4,83,32,59,52,74,82,98,80,81,5,39,73,21,64,89,120,22,117,85,57,1,19,62,31,124,3,90,9,26,53,114,72,115,47,104,91,60,48,95,66,97,70,0,42,45,65,86,33,20,119,38,16,79,29,106,12,25,34,118,35,46,88,54,67 5198.0 70.404 25.0
#
104,62,32,58,116,122,111,18,60,63,78,21,93,76,52,61,34,115,25,94,99,3,30,107,56,88,98,6,100,105,84,69,49,15,0,9,39,64,43,42,74,92,82,26,112,86,109,123,71,119,80,66,106,120,20,79,75,41,55,65,38,83,48,47,24,57,4,37,33,12,11,73,8,90,35,19,14,36,96,110,121,17,10,97,31,81,124,67,108,95,28,68,27,118,23,102,7,5,16,114,113,77,91,40,101,22,54,53,29,50,45,89,13,117,85,87,1,46,44,103,72,51,70,59,2 4774.0 72.92 27.0
104,62,32,58,116,122,111,18,60,63,21,78,93,76,52,61,34,115,25,94,99,3,30,107,56,88,98,6,100,105,84,69,123,15,49,9,39,64,43,42,74,92,82,26,112,86,109,71,0,119,80,120,106,55,77,75,41,65,38,83,8,47,24,57,46,4,66,37,33,12,11,31,19,40,14,36,96,79,28,110,121,17,10,97,35,108,124,67,95,68,54,20,27,118,23,102,90,29,114,5,7,113,91,73,101,16,48,22,53,50,45,89,44,13,117,85,87,1,81,103,72,51,70,59,2 4848.0 66.25999999999999 27.0
104,62,32,58,116,122,111,18,60,63,94,21,93,76,52,61,34,115,25,78,99,3,30,107,56,88,98,6,100,105,84,69,123,15,49,9,39,64,43,42,74,92,82,26,112,86,109,71,0,119,80,120,106,55,77,75,41,65,38,83,8,47,24,57,46,4,37,33,66,12,11,31,19,40,14,36,96,79,28,110,121,17,10,97,35,108,124,67,95,68,54,20,27,118,23,102,90,29,114,5,7,113,91,73,101,16,48,53,89,50,45,44,13,117,85,87,1,81,22,103,72,51,70,59,2 4873.0 62.26 27.0
104,62,32,58,116,122,111,18,60,63,78,21,93,76,52,61,34,115,25,94,99,3,30,107,56,88,98,6,100,105,84,69,123,15,49,9,39,64,43,42,74,92,82,26,112,86,109,71,0,119,80,120,106,55,77,75,41,65,38,83,8,47,24,57,46,4,66,37,33,12,11,31,19,40,14,36,96,79,28,110,121,17,10,97,35,108,124,67,95,68,54,20,27,118,23,102,90,114,5,7,113,91,73,101,16,48,53,29,89,50,45,44,13,117,85,87,1,103,22,72,51,70,59,2,81 4958.0 78.375 26.0
104,62,32,58,116,122,111,18,60,63,21,94,93,76,52,61,34,115,25,78,99,3,30,107,56,88,98,6,100,105,54,69,49,15,0,9,39,64,43,42,74,92,82,26,112,86,109,123,71,119,80,66,106,120,20,75,41,65,38,83,8,47,24,79,48,57,4,37,33,12,11,73,55,90,35,19,14,36,96,110,121,17,77,10,97,31,81,124,67,108,95,28,68,27,118,23,102,7,29,114,5,113,91,40,46,16,84,53,89,50,45,101,44,13,117,85,87,1,22,103,72,51,70,59,2 4991.0 96.47999999999999 25.0
104,62,32,58,116,122,111,18,60,63,78,21,93,76,52,61,34,115,25,94,99,3,30,107,56,88,98,6,100,105,84,69,123,15,49,9,39,64,43,42,74,92,82,26,112,86,109,71,0,119,80,120,106,8,77,75,83,65,38,41,55,47,24,57,46,4,66,37,33,12,11,31,19,40,14,36,96,79,28,110,121,17,10,97,35,108,124,67,95,68,54,20,27,73,118,23,102,90,29,114,5,7,113,91,16,101,22,81,53,50,45,44,117,13,85,87,1,103,48,89,72,70,59,2,51 4999.0 74.375 26.0
104,62,32,58,116,122,111,18,60,63,78,21,93,76,52,61,34,115,25,94,99,3,30,107,56,88,98,6,100,105,54,69,123,15,49,9,39,64,43,42,74,92,82,26,112,86,109,71,0,119,80,66,106,55,79,75,41,65,38,28,120,83,48,47,24,57,4,37,33,12,11,73,8,90,35,19,14,36,96,110,121,17,77,10,97,31,81,124,67,68,84,20,27,108,118,23,102,40,29,114,5,7,113,91,101,16,46,53,89,50,45,44,13,117,85,87,1,103,22,95,72,51,70,59,2 5100.0 76.35600000000001 25.0
104,62,32,58,116,122,111,18,60,63,114,78,21,93,76,52,61,34,115,25,94,99,3,30,107,56,88,98,6,100,105,84,123,15,49,9,39,64,69,43,42,92,82,26,112,86,109,71,0,119,80,120,106,55,77,75,41,65,38,83,8,74,57,47,24,46,4,66,37,33,12,11,31,19,40,14,36,96,79,110,28,121,17,10,97,35,108,124,67,95,68,54,20,27,118,23,102,90,29,5,7,113,91,73,101,16,48,53,89,50,45,103,44,117,85,87,1,13,81,72,51,70,59,2,22 5228.0 89.181 24.0
#
64,8,44,81,46,17,22,123,47,54,23,117,57,36,76,63,14,118,42,65,108,74,51,24,105,120,49,58,21,2,88,119,56,82,19,1,45,110,43,39,86,122,9,59,55,38,77,72,111,7,27,67,94,106,20,12,91,102,66,33,84,121,83,0,10,85,29,62,52,31,53,16,103,112,107,73,75,40,98,32,68,104,5,95,34,90,41,79,30,97,13,11,93,26,15,50,25,48,70,101,60,115,114,99,37,3,35,71,92,100,87,113,28,109,124,69,18,78,61,89,4,116,96,6,80 4812.0 102.08800000000001 28.0
64,8,44,81,46,17,22,123,47,54,23,117,57,36,76,63,14,118,42,65,108,74,51,24,105,120,49,58,21,2,88,119,56,82,19,1,45,110,43,39,86,122,9,67,59,55,38,77,72,111,7,27,94,106,20,12,91,102,33,84,121,83,0,66,10,73,29,52,31,53,16,103,112,107,11,75,40,98,32,104,68,5,95,85,90,41,79,30,34,97,13,93,26,15,50,25,48,62,70,101,60,115,99,37,3,35,71,92,100,87,113,28,109,114,124,69,18,78,61,89,4,116,96,6,80 4882.0 89.34800000000001 30.0
64,8,44,81,46,17,22,123,47,54,23,117,57,36,76,63,14,118,42,65,108,74,51,24,105,120,49,58,21,2,88,119,56,82,19,1,45,110,43,39,86,122,9,67,59,55,38,77,72,111,7,27,94,106,20,12,66,102,33,84,121,83,0,91,104,73,29,62,52,31,107,112,53,16,103,11,75,10,40,98,32,68,5,95,85,90,41,79,30,34,97,13,93,26,15,50,25,48,70,101,60,115,99,37,3,35,71,92,100,87,113,28,109,114,124,69,18,78,61,89,4,116,96,6,80 4887.0 96.91800000000002 28.0
64,8,44,81,46,17,22,123,47,54,23,117,57,36,76,63,14,118,42,65,108,74,51,24,105,120,49,58,21,52,2,88,119,56,82,19,1,45,110,43,39,86,122,9,67,59,55,38,77,72,111,7,27,94,106,20,12,91,102,66,33,84,121,83,0,10,5,29,62,31,53,16,103,112,107,73,75,40,98,32,68,104,95,85,34,90,41,79,30,97,26,11,93,13,15,50,25,48,70,101,60,115,99,37,3,35,71,92,100,87,113,28,109,114,124,69,18,78,61,89,4,116,96,6,80 4871.0 101.08800000000001 28.0
64,8,44,81,46,17,22,123,47,54,23,117,57,36,76,10,14,118,42,65,108,74,51,24,105,120,49,58,21,2,88,119,56,82,19,107,1,45,43,39,86,122,9,67,59,83,38,77,72,111,7,27,94,106,20,12,91,102,66,33,84,121,55,0,63,73,29,62,52,31,53,16,103,112,110,11,75,40,98,37,104,68,5,95,85,90,41,79,30,34,97,13,93,26,15,50,25,48,70,101,60,115,99,32,3,35,71,92,100,87,113,28,109,114,124,69,18,78,61,89,4,116,96,6,80 4897.0 133.508 23.0
64,8,44,81,46,17,22,123,47,54,23,117,57,36,76,63,14,118,42,65,108,74,26,51,24,105,120,49,58,21,2,88,119,56,82,19,45,1,110,43,39,86,122,9,59,55,83,38,77,72,111,7,27,94,106,20,12,91,102,66,33,84,121,67,0,73,107,87,29,52,31,53,16,103,112,10,11,75,40,98,32,104,68,5,95,85,90,41,79,30,34,97,13,93,15,50,25,48,70,101,60,115,99,37,3,35,71,92,100,62,113,28,109,114,124,69,18,78,61,89,4,116,96,6,80 4933.0 88.662 30.0
64,8,44,81,46,17,22,123,47,54,23,117,57,36,76,63,14,118,42,65,108,74,51,24,105,120,49,58,21,2,88,119,56,82,19,1,45,110,43,39,86,122,9,67,59,55,38,77,72,111,7,27,94,106,20,12,91,102,66,33,84,121,83,0,10,85,29,62,52,31,53,16,103,112,107,73,75,40,98,32,68,104,5,95,34,90,41,79,30,97,26,11,93,13,15,50,25,48,70,101,60,115,99,37,3,35,71,92,114,100,87,113,28,109,124,69,18,78,61,89,4,116,96,6,80 4888.0 92.808 28.0
64,8,44,81,46,17,22,123,47,54,60,117,57,36,76,10,14,118,42,65,108,74,51,24,105,120,49,58,21,2,88,119,56,82,19,107,1,45,43,39,86,122,9,67,59,83,38,77,72,111,7,27,94,106,20,12,91,102,66,33,84,121,55,0,63,73,29,62,52,31,53,16,103,112,110,11,75,40,98,37,104,68,5,95,85,90,41,79,30,34,97,93,26,15,50,25,48,70,101,23,115,13,99,32,3,35,71,92,100,87,113,28,109,114,124,69,18,78,61,89,4,116,96,6,80 4900.0 130.38800000000003 24.0
64,8,44,81,46,17,22,123,117,54,60,47,57,36,76,63,14,118,42,65,108,74,51,24,105,120,49,58,21,2,88,119,56,82,19,1,45,110,43,39,86,122,9,67,59,55,38,77,72,111,7,27,20,94,106,12,91,102,33,84,121,83,66,0,10,73,29,3,62,52,31,53,16,103,112,11,4,93,40,98,32,68,104,5,95,85,90,41,30,35,97,13,79,25,15,50,26,48,107,101,23,115,114,28,99,37,34,70,124,92,100,75,113,109,71,69,18,78,61,89,87,116,96,6,80 4946.0 82.13200000000002 29.0
64,8,44,81,46,17,22,123,47,54,23,117,57,36,76,86,14,118,42,65,108,110,51,24,105,120,49,58,21,2,88,119,56,82,19,74,1,45,63,43,39,122,9,67,59,55,38,77,72,111,7,27,94,106,20,12,91,102,66,33,84,121,83,0,10,5,29,62,52,31,53,16,103,112,107,73,75,40,98,32,68,104,95,85,34,90,41,79,30,97,26,11,93,13,15,50,25,48,70,101,60,115,114,99,37,3,35,71,92,100,87,113,28,109,124,69,18,78,61,89,4,116,96,6,80 4942.0 112.368 26.0
64,8,44,81,46,17,22,123,47,54,23,117,57,36,76,10,14,118,42,65,108,74,51,24,105,120,49,58,21,2,88,119,56,82,19,107,1,45,43,39,86,122,9,67,59,83,38,77,72,111,7,27,94,106,20,12,91,102,66,33,84,121,55,0,63,73,29,62,52,31,53,16,103,112,110,11,75,40,98,32,104,68,5,95,85,90,41,79,30,34,97,13,93,26,15,50,25,48,70,101,60,115,99,37,3,35,71,92,100,87,113,28,109,114,124,69,18,78,61,89,4,116,96,6,80 4950.0 107.42800000000001 23.0
64,8,44,81,46,17,22,123,47,54,60,117,57,36,76,63,14,118,42,65,108,74,51,24,105,120,49,58,21,2,88,119,56,82,19,1,45,110,43,39,86,122,9,67,59,55,38,77,72,111,7,27,20,94,106,12,91,102,33,84,121,83,66,0,10,73,29,3,62,52,31,124,16,103,112,11,4,93,40,98,32,68,104,5,95,85,90,41,30,35,97,13,79,25,15,50,26,48,107,101,23,114,28,99,37,34,70,53,115,100,87,75,113,109,71,69,18,78,61,89,92,116,96,6,80 5053.0 74.016 29.0
64,8,44,81,46,17,22,123,117,54,60,47,57,36,76,10,14,118,42,65,108,74,51,24,105,120,49,58,21,2,88,119,56,82,95,19,107,1,45,43,39,86,122,9,67,59,83,38,77,72,3,111,7,94,106,20,12,91,102,33,84,121,110,0,63,73,29,62,52,31,53,16,103,112,55,11,75,40,98,32,93,109,104,5,85,90,41,30,35,97,13,79,25,15,50,26,48,27,101,23,115,114,28,99,37,34,70,124,92,100,4,113,68,71,69,18,78,61,89,87,116,96,6,66,80 4963.0 89.12800000000001 24.0
64,8,44,81,46,17,22,123,47,54,23,117,57,36,76,10,14,118,42,65,108,74,51,24,105,120,49,58,21,2,88,119,56,82,95,19,107,1,45,43,39,86,122,9,67,59,83,38,77,72,3,111,7,94,106,20,12,91,102,33,84,121,110,0,63,73,29,62,52,31,53,16,103,112,55,11,75,40,98,32,93,68,104,66,34,90,41,79,30,97,13,5,26,15,85,50,25,48,70,101,60,115,114,99,37,27,35,71,92,100,87,113,28,109,124,69,18,78,61,89,4,116,96,6,80 4983.0 97.528 23.0
64,8,44,81,46,17,22,123,117,54,60,47,57,36,76,14,118,42,65,108,74,51,24,105,120,49,58,63,21,2,88,119,56,82,19,1,45,110,43,39,86,122,9,67,59,55,38,77,72,111,7,27,20,94,106,12,91,102,33,84,121,83,66,0,10,73,29,3,62,52,31,53,16,103,112,11,4,93,40,98,32,68,104,95,34,90,41,79,30,97,13,85,5,26,15,50,25,48,70,101,23,115,114,99,37,107,35,71,92,100,87,113,28,109,124,69,18,78,61,89,75,116,96,6,80 5017.0 78.168 28.0
64,8,44,81,46,17,22,123,47,54,23,117,57,36,76,10,14,118,42,65,108,74,51,24,105,120,49,58,21,2,88,119,56,82,19,107,1,45,43,39,86,122,9,67,59,83,38,77,72,111,7,27,94,106,20,12,91,102,66,33,84,121,55,0,63,73,29,62,31,53,16,103,112,110,11,75,40,98,32,104,68,5,95,85,34,90,41,79,30,97,26,52,93,13,15,50,25,48,70,101,60,115,99,37,3,35,71,92,100,87,113,28,109,114,124,69,18,78,61,89,4,116,96,6,80 5102.0 114.49800000000002 22.0
64,8,44,81,46,17,22,123,54,60,117,47,57,36,76,84,14,118,42,65,108,77,51,24,105,120,49,58,21,2,88,119,56,82,19,74,3,45,121,43,39,86,9,122,67,59,63,55,38,72,111,7,27,94,106,102,12,91,107,66,33,1,83,0,10,73,20,29,62,52,31,53,16,103,112,11,4,93,40,98,32,68,104,5,95,85,90,41,30,35,97,13,79,25,15,50,26,48,110,23,115,101,37,114,28,99,70,34,71,92,100,87,113,109,124,69,18,78,61,89,75,116,96,6,80 5269.0 75.82800000000002 28.0
64,8,44,81,46,17,22,123,47,54,60,117,57,36,76,63,14,118,42,65,86,74,51,24,105,120,49,58,21,2,88,119,56,82,19,1,45,110,43,39,108,122,9,67,59,55,38,77,72,111,7,27,20,94,106,12,91,102,33,84,121,83,66,0,10,73,29,3,62,52,31,53,16,103,112,11,4,93,40,98,32,68,104,95,34,90,41,79,30,97,13,85,5,26,15,50,25,48,70,101,23,115,114,99,37,107,35,71,92,100,87,113,28,109,124,69,18,78,61,89,75,116,96,6,80 5295.0 78.57600000000001 26.0
64,8,44,81,46,17,22,123,54,60,117,47,57,36,76,84,14,118,42,65,108,77,51,24,105,120,49,58,21,2,88,119,56,82,19,74,1,45,121,43,39,86,9,122,94,67,59,63,55,38,72,111,7,27,106,102,12,91,107,66,33,79,83,0,10,73,20,29,62,52,31,53,16,103,112,11,75,90,40,98,32,68,104,5,95,85,110,41,30,35,97,13,26,15,50,25,48,93,101,70,23,115,114,28,37,99,34,71,124,92,100,4,113,109,3,69,18,78,61,89,87,116,96,6,80 5136.0 81.24000000000002 23.0
64,8,44,81,46,17,22,123,54,60,117,47,57,36,76,84,14,118,42,65,108,77,51,24,105,120,49,58,21,2,88,119,56,82,19,74,1,45,121,43,39,86,9,122,11,67,59,63,55,38,72,111,7,27,94,106,102,12,91,107,66,33,79,83,0,10,73,20,29,62,52,31,53,16,103,112,75,90,40,98,32,68,104,5,95,85,110,41,30,35,97,13,26,15,50,25,48,93,101,70,23,115,114,28,37,99,34,71,124,92,100,4,113,109,3,69,18,78,61,89,87,116,96,6,80 5201.0 79.00000000000001 23.0
#
73,60,90,41,111,69,109,33,96,63,53,35,31,61,21,38,12,116,55,102,43,99,106,49,88,94,121,85,92,110,71,108,78,70,123,3,66,27,18,112,32,0,81,82,83,77,117,68,56,29,57,46,39,8,15,84,97,47,118,105,40,50,14,62,23,30,48,67,45,1,58,120,9,6,115,13,65,24,101,93,59,103,98,89,4,5,10,44,107,87,91,80,37,28,42,95,75,72,124,122,26,19,113,114,20,104,7,16,76,22,34,79,52,51,25,119,64,17,74,2,11,100,36,54,86 4885.0 72.44800000000001 29.0
73,60,90,41,111,69,109,33,96,31,63,53,35,61,21,38,12,116,55,102,43,99,106,49,88,94,121,85,92,110,71,108,78,123,70,3,66,32,27,18,112,0,81,82,83,77,117,68,56,29,57,46,39,8,15,84,97,47,118,105,40,50,14,62,23,30,48,67,45,1,58,120,75,9,6,115,13,65,24,101,93,59,103,98,7,20,89,4,5,44,107,87,91,80,37,42,95,28,122,124,26,113,19,114,10,104,72,16,22,76,64,34,79,52,51,119,54,17,74,2,11,100,36,25,86 4878.0 95.15000000000002 28.0
73,60,90,41,111,69,109,33,96,63,53,35,31,61,21,38,12,116,55,102,43,99,106,49,88,94,121,85,92,110,71,108,78,70,123,3,66,27,18,112,32,0,81,57,83,77,117,68,56,29,46,39,82,8,15,84,97,47,118,105,40,50,14,62,23,30,48,67,45,1,58,120,9,6,115,13,65,24,101,93,59,103,98,89,4,5,10,44,107,87,91,80,37,28,42,95,75,72,124,122,26,19,113,114,20,104,7,16,76,22,34,79,52,51,25,119,64,17,74,2,11,100,36,54,86 4897.0 70.248 29.0
73,60,90,41,111,69,109,33,96,63,53,35,31,61,21,38,12,116,55,102,43,99,106,49,88,121,85,92,110,71,108,94,78,70,123,3,66,27,115,112,32,0,81,82,83,77,117,68,56,29,57,46,39,8,15,84,97,47,118,105,40,50,14,62,23,30,48,67,45,1,58,120,75,9,6,18,13,24,101,93,59,103,98,89,4,5,10,44,87,107,22,80,37,28,42,95,72,124,122,26,19,113,65,114,91,104,54,7,76,64,34,79,52,2,20,51,25,119,17,74,11,36,16,86,100 4922.0 80.2 27.0
73,60,90,41,111,69,109,33,96,31,63,53,35,61,21,38,12,116,55,102,43,99,106,49,88,121,85,92,110,71,94,108,78,123,70,66,0,81,115,112,32,27,82,83,101,77,117,68,56,29,57,46,39,8,15,84,97,47,118,28,14,105,40,50,13,75,23,30,48,67,45,65,1,58,120,62,9,6,24,59,103,98,93,20,7,89,4,5,44,18,107,87,91,80,37,10,122,95,124,26,113,19,114,42,104,72,16,76,22,64,34,3,51,25,79,119,17,74,2,11,100,36,54,86,52 4990.0 79.3 27.0
73,60,90,41,111,69,109,33,96,31,63,53,35,61,21,38,12,116,55,102,43,99,106,49,88,94,121,85,92,110,71,108,78,123,70,66,0,81,22,112,32,27,82,83,77,117,68,56,29,57,46,39,8,105,15,84,97,47,118,101,65,115,50,14,62,23,48,67,45,30,13,1,58,120,75,9,6,24,59,103,98,28,93,20,7,89,4,5,10,18,107,87,91,80,37,44,122,95,124,26,113,104,19,114,42,72,16,76,64,3,34,79,52,51,25,119,40,17,74,2,11,100,36,54,86 4944.0 82.0 26.0
73,60,90,41,111,69,109,33,96,31,63,53,35,61,21,38,12,116,55,102,43,99,106,49,88,121,85,92,110,71,94,108,78,123,70,3,66,32,27,115,112,0,81,82,83,77,117,68,56,29,57,46,39,8,15,84,97,47,118,105,40,50,14,13,62,23,30,48,67,45,65,1,58,120,75,9,6,24,28,101,93,59,98,119,20,7,89,4,5,10,18,107,87,91,80,37,44,122,95,124,22,54,26,113,19,114,42,104,72,76,103,34,79,52,51,25,64,17,74,2,11,100,36,16,86 4979.0 99.56899999999999 24.0
73,60,90,41,111,69,109,33,96,63,53,35,61,21,38,12,116,31,55,102,43,99,106,49,88,85,121,92,110,71,108,94,78,70,123,3,66,27,115,112,32,0,81,82,83,77,57,68,56,29,117,46,39,8,15,84,97,47,118,13,105,40,50,14,75,23,30,48,67,45,65,1,58,120,62,9,6,24,59,103,98,28,93,20,7,89,4,5,44,18,107,87,91,80,37,10,122,95,124,26,113,19,114,42,104,72,16,22,76,64,34,101,100,51,25,79,119,17,74,2,11,36,54,86,52 5020.0 81.7 25.0
73,60,90,41,111,69,109,33,96,63,53,35,61,21,38,12,116,31,55,102,43,99,106,49,88,94,121,85,92,110,71,108,78,123,70,3,66,32,47,27,115,112,0,81,82,83,77,117,68,56,29,57,46,39,8,15,84,97,118,13,105,40,50,14,75,23,30,48,67,45,65,1,58,120,62,9,6,24,59,103,98,28,93,20,7,89,4,5,44,18,107,87,91,80,37,10,122,95,124,101,26,113,19,114,42,104,72,16,22,76,64,34,79,52,25,119,54,17,74,2,11,100,36,51,86 4989.0 83.08900000000001 25.0
73,60,90,41,111,69,109,33,96,31,63,53,35,61,21,38,12,116,55,102,43,99,106,49,88,121,85,92,110,71,94,108,78,123,70,66,0,81,40,112,32,27,82,83,105,77,117,68,56,29,57,46,39,8,15,84,97,47,118,101,65,115,50,14,62,23,30,48,67,45,13,1,58,120,75,9,6,24,59,103,98,28,93,20,7,89,4,5,10,18,107,87,91,80,37,44,122,95,124,26,113,19,114,42,104,72,16,22,76,64,34,3,51,25,79,119,17,74,2,11,100,36,54,86,52 4997.0 91.30800000000002 24.0
73,60,90,41,111,69,109,33,96,63,53,31,35,61,12,21,38,116,55,102,43,99,106,49,88,85,121,92,110,71,108,94,78,70,123,3,66,27,18,112,32,0,81,82,83,77,57,68,56,29,117,46,39,8,15,84,97,47,118,13,105,40,50,14,62,23,30,48,67,45,65,1,58,120,75,9,6,24,59,22,103,98,28,115,7,89,4,5,104,101,20,107,87,91,80,37,10,122,95,124,26,113,19,114,42,72,16,76,64,93,34,79,52,51,25,119,44,17,74,2,11,100,36,54,86 5026.0 76.7 25.0
73,60,90,41,111,69,109,33,96,31,63,53,35,61,21,38,12,116,55,102,43,99,106,49,88,94,121,85,92,110,71,108,78,123,70,66,0,81,22,112,32,27,82,83,77,117,68,56,29,57,46,39,8,105,15,84,97,47,118,101,65,115,50,14,62,23,30,48,67,45,13,1,58,120,75,9,6,24,59,103,98,28,93,20,7,89,4,5,10,18,107,87,91,80,37,44,122,95,124,26,113,19,114,42,104,72,16,40,76,64,34,3,51,25,79,119,17,74,2,11,100,36,54,86,52 5026.0 85.0 23.0
73,60,90,41,111,69,109,33,96,31,63,53,35,61,21,38,12,116,55,102,43,99,106,49,88,121,85,92,110,71,108,94,78,70,123,3,66,27,115,112,32,0,81,82,83,77,117,68,56,29,57,46,39,8,15,84,97,47,118,13,105,40,50,14,62,23,30,45,1,58,120,75,103,9,6,48,67,65,24,59,98,28,93,20,18,101,89,4,5,44,107,22,91,80,37,10,122,95,124,87,54,26,113,19,114,42,104,72,76,7,34,79,52,51,25,119,64,17,74,2,11,100,36,16,86 5082.0 78.909 23.0
73,60,90,41,111,69,109,33,96,31,63,53,35,61,21,38,12,116,55,102,43,99,106,49,88,94,121,85,92,110,71,108,78,123,70,3,66,32,27,115,112,0,81,82,83,77,117,68,56,29,57,46,39,8,15,84,97,47,118,13,105,40,50,14,62,23,30,45,1,58,120,75,103,9,6,48,67,65,24,59,98,28,93,20,18,101,89,4,5,44,107,22,91,80,37,10,122,95,124,87,54,26,113,19,114,42,104,72,7,76,64,34,79,52,2,51,25,119,17,74,11,36,16,86,100 5051.0 80.91 23.0
73,60,90,41,111,69,109,33,96,63,53,35,61,21,38,12,116,31,55,102,43,99,106,49,88,85,121,92,110,71,108,94,78,123,70,3,66,32,27,115,112,0,81,82,83,77,117,68,56,29,57,46,39,8,15,84,97,47,118,13,105,40,50,14,62,23,30,48,67,45,65,1,58,120,75,9,6,24,59,22,103,98,28,18,7,89,4,5,104,101,20,107,91,80,37,10,122,95,124,26,113,19,114,42,44,72,16,93,76,64,34,87,51,25,79,119,17,74,2,11,100,36,54,86,52 5073.0 80.07000000000002 23.0
73,60,90,41,111,69,109,33,96,31,63,53,35,61,21,38,12,116,55,102,43,99,106,49,88,94,121,85,92,110,71,108,78,70,123,66,0,81,115,112,32,27,82,83,77,117,68,56,29,57,65,13,46,39,8,51,118,105,40,50,14,62,23,97,47,64,30,48,67,45,84,1,58,120,75,9,6,18,54,24,59,93,98,20,103,28,44,4,5,7,107,87,91,80,37,10,122,95,124,26,113,19,89,101,114,42,104,72,22,76,15,34,79,52,3,25,119,17,2,11,100,36,16,86,74 5262.0 106.91999999999999 21.0
73,60,90,41,111,69,109,33,96,63,31,35,61,21,38,12,116,55,102,53,43,99,106,49,88,94,85,92,110,71,108,121,78,70,123,3,66,84,81,115,112,32,27,82,83,77,22,68,56,29,57,65,46,8,15,18,97,47,118,105,40,50,14,62,23,30,48,67,45,1,58,120,9,6,0,13,39,24,101,93,59,103,98,89,4,5,10,44,107,87,91,80,37,28,42,95,75,72,124,122,26,19,113,114,20,104,7,16,76,117,34,79,52,51,25,119,64,17,74,2,11,100,36,54,86 5379.0 95.75000000000001 20.0
#
33,122,121,54,102,88,32,39,11,29,75,57,110,68,34,60,58,99,93,87,9,27,108,82,19,69,91,31,85,46,37,24,67,14,95,65,62,3,96,26,77,105,56,124,36,114,63,17,111,48,72,10,100,113,13,66,112,117,64,6,49,20,43,97,71,94,47,119,2,45,38,120,44,5,74,115,25,80,52,116,55,16,61,76,107,41,70,0,78,92,1,73,79,18,109,104,35,28,50,89,51,22,53,8,83,86,15,4,84,40,30,21,59,12,7,103,81,42,106,98,90,118,101,23,123 4855.0 78.99000000000001 31.0
33,122,121,54,102,88,32,39,11,75,29,68,57,110,34,60,58,99,93,87,9,27,108,82,19,69,91,31,10,46,37,24,67,14,95,77,26,96,65,62,3,105,56,124,36,114,63,17,48,72,85,113,111,100,13,66,112,117,64,6,49,20,43,97,71,94,47,119,2,45,38,120,44,5,74,115,25,80,52,116,55,16,61,76,107,41,70,0,78,92,1,73,79,18,109,104,35,28,50,90,42,22,53,8,83,15,21,4,84,118,40,30,89,12,7,59,51,106,98,103,81,101,86,23,123 4900.0 74.62 31.0
33,122,121,54,102,88,32,39,11,29,75,57,110,68,34,60,58,99,93,87,9,27,108,82,19,69,91,31,85,46,37,24,67,14,95,65,62,3,96,56,124,36,26,105,77,114,63,17,48,72,10,113,111,100,66,13,112,64,6,117,20,76,43,119,44,94,47,97,2,45,38,120,71,5,74,115,25,80,52,116,55,16,61,49,107,41,70,1,73,79,18,78,12,35,103,0,28,50,109,89,42,22,53,8,83,86,15,4,84,118,40,21,30,92,7,104,81,51,106,98,90,59,101,23,123 4932.0 71.67000000000002 31.0
33,122,121,54,102,88,32,39,11,75,29,57,110,68,34,60,58,99,93,87,9,27,108,82,19,69,91,31,85,46,37,24,67,14,95,65,26,96,77,62,3,105,56,124,36,114,17,63,48,72,10,113,111,100,13,66,112,117,64,6,49,20,43,97,71,94,47,119,2,45,38,120,44,5,74,115,25,80,52,116,55,16,61,76,107,41,70,0,78,92,1,73,79,18,109,104,35,28,50,90,42,22,53,8,83,15,21,4,84,118,40,30,86,12,7,59,51,106,81,98,89,103,101,23,123 4904.0 74.31 29.0
33,122,121,54,102,88,32,39,11,75,29,57,68,110,34,60,58,99,93,87,9,27,108,82,19,69,91,31,10,46,37,24,67,14,95,77,26,96,65,62,3,105,56,124,36,114,63,84,111,48,72,85,92,0,7,100,13,64,6,20,76,117,116,43,97,94,47,119,2,45,38,22,49,44,5,74,115,25,80,71,52,42,66,16,61,107,109,41,70,1,73,18,79,78,120,104,35,103,28,50,89,55,15,53,8,86,83,4,21,17,118,40,30,113,12,112,81,51,106,98,90,59,101,23,123 4980.0 91.804 28.0
33,122,121,54,102,88,32,39,11,29,75,57,68,110,34,60,58,99,93,87,9,27,24,108,82,19,69,91,31,85,46,37,67,14,95,65,62,3,96,26,77,105,56,124,36,114,63,84,111,48,72,10,92,0,7,100,13,64,6,20,49,117,43,97,71,94,47,119,2,45,38,120,44,5,74,115,25,80,52,116,55,16,61,76,107,41,70,66,78,113,1,73,79,18,109,104,35,28,50,90,42,22,53,8,83,86,15,4,17,118,40,30,89,12,112,59,51,106,98,103,81,101,21,23,123 4990.0 70.80000000000001 32.0
33,122,121,54,102,88,32,39,11,29,75,57,110,68,34,60,58,99,93,87,9,27,108,82,19,69,91,31,85,46,37,24,67,14,95,65,62,3,96,56,124,36,26,105,77,114,63,17,48,72,10,113,111,13,66,112,64,6,117,20,76,43,97,71,94,47,119,2,45,38,49,44,5,74,115,25,80,52,116,55,16,61,107,109,41,70,78,1,73,79,18,120,12,35,103,0,28,50,100,89,42,22,53,8,83,86,15,4,84,118,40,21,30,92,7,104,81,51,106,98,90,59,101,23,123 4997.0 83.37 28.0
33,122,121,54,102,88,32,39,11,96,29,57,110,68,34,60,58,99,93,87,9,27,108,65,67,69,91,31,85,46,22,24,19,14,95,82,62,3,75,26,77,105,66,124,36,114,63,17,48,72,10,59,111,0,94,100,13,37,64,6,42,20,76,117,116,43,97,71,47,119,2,45,38,49,44,5,74,115,25,80,52,7,16,61,107,109,78,41,70,1,73,18,79,92,120,56,35,103,28,50,89,55,15,53,8,86,83,21,4,84,118,40,30,113,12,112,81,51,106,98,90,104,101,23,123 5146.0 99.56000000000002 23.0
33,122,121,54,102,88,32,39,11,75,29,57,110,68,34,60,58,99,93,87,9,27,108,82,19,69,91,31,85,46,37,24,52,67,14,95,65,62,3,105,104,124,36,26,96,77,114,63,17,48,72,10,42,111,100,0,13,22,64,6,49,20,76,117,116,43,97,71,47,119,74,38,45,44,5,2,115,25,80,94,66,7,16,61,107,109,41,70,78,92,1,73,79,18,120,56,35,103,28,50,89,112,113,53,83,86,84,15,21,4,118,40,30,55,12,81,51,106,98,90,59,101,8,23,123 5033.0 70.22099999999999 26.0
33,122,121,54,102,88,32,39,11,75,29,57,110,68,34,60,58,99,93,87,9,27,108,82,19,69,91,31,85,46,37,24,67,14,95,65,62,3,105,104,124,36,26,96,77,114,63,17,48,72,10,42,111,100,0,13,52,22,64,6,49,20,76,117,116,43,97,71,47,119,74,38,45,44,5,2,115,25,80,94,66,7,16,61,107,109,41,70,78,92,1,73,79,18,120,56,35,103,28,50,89,112,113,53,83,86,84,4,21,118,40,30,8,12,15,59,51,106,98,90,81,101,55,23,123 5053.0 67.22099999999999 26.0
33,122,121,54,102,88,32,39,11,29,75,57,68,110,34,60,58,99,93,87,9,27,108,82,19,69,91,31,85,46,37,24,67,14,95,65,62,3,105,104,124,36,26,96,77,114,63,17,13,48,72,10,42,111,100,0,52,22,64,6,49,20,76,117,116,43,97,71,47,119,74,38,45,44,5,2,115,25,80,94,66,7,16,61,107,109,41,70,78,92,73,79,18,1,120,35,103,28,50,89,55,53,8,83,86,15,21,112,84,4,118,40,30,56,12,81,51,106,98,90,59,101,113,23,123 5116.0 73.78 24.0
33,122,121,54,102,88,32,39,11,75,29,57,110,68,34,60,58,99,93,87,9,27,108,82,19,69,91,31,85,46,37,24,67,14,95,65,62,3,105,104,124,36,26,96,77,114,63,17,48,72,10,42,111,100,0,13,52,22,64,6,49,20,76,117,116,43,97,71,47,119,74,38,45,44,5,2,115,25,80,94,66,7,16,61,107,109,41,70,78,92,1,73,79,18,120,56,35,103,28,50,89,55,15,53,86,8,21,4,84,118,40,30,113,12,112,59,51,106,98,90,81,101,83,23,123 5088.0 67.92000000000002 25.0
33,122,121,54,102,88,32,39,11,75,29,57,110,68,34,60,58,99,93,87,9,27,108,82,19,69,91,31,85,46,37,24,67,14,95,65,62,3,105,104,124,36,26,96,77,114,63,17,48,72,10,42,111,100,0,13,52,22,64,6,49,20,76,117,116,43,97,71,47,119,74,38,45,44,5,2,115,25,80,94,66,7,92,16,61,107,109,41,70,78,1,73,79,18,120,35,103,28,50,89,55,53,8,83,86,15,21,4,84,118,40,30,113,12,112,59,51,106,81,98,90,56,101,23,123 5155.0 73.22 24.0
33,122,121,54,102,88,32,39,11,75,29,57,110,68,34,60,58,99,93,9,27,108,82,19,69,91,31,85,46,37,24,67,14,87,95,65,62,3,96,26,77,105,56,36,114,63,17,111,48,72,10,6,0,7,100,124,13,64,20,76,117,116,43,97,92,94,47,119,2,45,38,71,42,49,44,5,74,115,25,80,52,22,66,16,61,107,109,41,70,78,1,73,79,18,120,35,103,28,50,89,55,113,53,8,83,86,15,4,84,118,40,30,21,59,112,104,81,51,106,98,90,12,101,23,123 5282.0 71.512 23.0
#
64,65,52,30,117,44,3,95,19,104,13,124,34,27,8,109,21,105,42,0,67,108,61,114,96,72,94,37,80,77,119,102,73,81,11,10,5,70,1,99,41,97,35,15,23,2,89,33,115,107,116,100,40,25,59,9,17,71,12,113,90,78,29,46,7,57,69,112,60,92,101,55,56,74,75,122,111,82,6,28,63,103,121,120,14,16,54,18,118,84,22,47,45,32,91,110,50,83,93,98,43,24,31,106,87,36,39,76,79,88,85,38,26,66,68,58,48,123,53,20,86,49,62,4,51 4740.0 77.20000000000002 28.0
64,65,52,30,117,44,3,19,104,13,95,124,34,27,8,109,88,105,42,0,67,108,61,114,96,72,94,37,80,77,119,29,73,81,11,10,70,1,99,41,97,23,35,15,2,33,115,102,107,89,116,100,40,25,59,9,71,17,12,113,90,78,5,46,7,57,69,112,60,92,101,55,56,74,75,122,111,82,6,28,63,103,121,120,14,16,54,18,118,84,22,47,45,32,91,110,50,83,93,21,43,24,31,87,36,39,76,79,98,85,38,26,66,68,48,106,58,49,20,86,123,53,62,4,51 4737.0 83.02 28.0
64,65,52,30,117,44,3,19,104,13,95,124,34,27,8,109,88,105,42,0,67,108,61,114,96,72,94,37,80,119,77,102,73,81,11,10,5,70,1,99,41,97,35,15,23,2,89,33,115,107,116,100,40,25,59,9,17,71,12,113,90,78,29,46,7,57,69,112,60,92,101,55,56,74,75,122,111,82,6,28,63,103,121,120,14,16,54,18,118,84,22,47,45,32,91,110,50,83,93,21,43,24,31,87,36,39,76,79,98,85,38,26,66,68,48,106,58,123,53,20,86,49,62,4,51 4768.0 77.2 28.0
64,65,52,30,117,44,3,19,104,13,95,124,34,27,8,109,21,105,42,0,67,108,61,114,96,72,94,37,80,77,119,102,73,81,11,10,5,70,1,99,41,97,35,15,23,2,89,33,115,107,116,100,40,25,59,9,17,71,12,113,90,78,29,46,7,57,69,112,60,92,101,55,56,74,75,122,111,82,6,28,63,103,121,120,16,54,18,118,84,22,47,45,14,32,91,110,50,93,62,98,83,24,31,43,87,36,39,76,79,58,85,38,106,66,68,48,26,123,53,20,86,49,88,4,51 4783.0 70.68799999999999 28.0
64,65,52,30,117,44,3,19,104,13,95,124,34,27,8,109,88,105,42,0,67,108,61,114,96,72,94,37,80,77,119,102,73,81,11,10,5,70,1,99,41,97,35,15,29,2,89,33,115,107,116,100,9,25,59,40,17,71,12,113,90,78,23,46,7,57,69,112,60,92,101,55,56,74,75,122,111,82,6,28,63,103,121,120,14,16,54,18,118,84,22,47,45,32,91,110,50,83,93,21,43,24,31,87,36,39,76,79,98,85,38,26,66,68,48,106,58,49,20,86,123,53,62,4,51 4850.0 69.34 28.0
64,65,52,30,117,44,3,95,19,104,13,124,34,27,8,109,88,105,42,0,67,108,61,114,96,72,94,37,80,77,119,102,73,81,11,10,5,70,1,99,41,97,35,23,15,2,89,33,107,116,115,100,40,25,59,9,17,71,12,113,90,78,29,46,7,57,69,112,60,92,101,55,74,75,122,56,111,82,6,28,63,103,121,120,14,22,16,54,18,118,84,47,45,32,91,110,50,83,93,21,43,24,31,106,87,36,39,76,79,98,85,38,26,66,68,58,48,123,53,20,86,49,62,4,51 4809.0 72.92 26.0
64,65,52,30,117,44,3,19,104,13,95,124,34,27,8,109,88,105,42,0,67,108,61,114,96,72,94,37,80,77,119,102,73,81,11,10,5,70,1,99,41,97,35,15,29,2,89,33,115,107,116,100,40,25,59,9,17,71,12,113,90,78,23,46,7,57,69,112,60,92,101,55,56,74,122,111,82,6,28,63,103,121,120,14,75,22,16,54,18,118,47,45,84,32,91,110,50,83,93,21,43,24,31,87,36,39,76,79,98,38,26,66,68,48,106,58,123,53,20,86,85,49,62,4,51 4908.0 69.08800000000001 28.0
64,65,52,30,117,44,3,19,104,13,95,124,34,27,8,109,88,105,42,0,67,108,61,114,96,72,94,37,80,77,119,102,73,81,11,10,5,70,1,99,41,97,35,15,29,2,89,33,115,107,116,100,40,25,59,9,17,71,12,113,90,78,23,46,7,57,69,112,60,92,101,55,56,74,122,111,75,82,6,28,63,103,121,120,16,14,54,18,118,84,22,47,45,32,91,110,50,83,93,21,43,24,31,87,39,76,79,98,85,38,26,66,68,48,106,58,123,53,20,86,36,49,62,4,51 4933.0 71.24000000000001 27.0
64,65,52,30,117,44,3,19,104,13,95,124,34,27,8,109,88,105,42,0,67,108,61,114,96,72,94,37,80,2,77,119,57,73,81,10,11,5,70,1,99,41,97,35,15,23,33,115,102,107,89,116,9,25,59,40,17,71,12,113,90,78,29,46,7,100,69,112,60,92,111,101,55,56,75,74,122,82,6,28,63,103,121,120,16,14,54,18,118,84,22,47,45,32,91,110,50,83,93,21,43,24,31,106,87,36,39,76,79,98,85,38,26,66,68,58,48,123,53,20,86,49,62,4,51 4839.0 73.48500000000001 25.0
64,65,52,30,117,44,3,19,104,13,95,124,34,27,8,109,21,105,67,42,0,108,61,114,96,72,94,37,80,77,119,57,73,81,11,10,5,70,1,99,41,97,35,101,15,2,89,33,107,116,100,92,25,59,9,17,71,12,113,90,78,29,46,7,102,69,112,60,40,23,55,56,75,74,122,111,82,6,28,63,103,121,120,14,115,16,54,18,118,84,22,47,45,32,91,110,50,93,62,98,83,24,31,43,87,36,39,76,79,58,85,38,106,66,68,48,26,123,53,20,86,49,88,4,51 4989.0 69.745 26.0
64,65,52,30,117,44,3,19,104,13,95,124,34,27,8,109,21,105,42,0,67,108,61,114,96,72,94,37,80,77,119,57,33,81,11,10,5,70,1,99,41,97,20,35,15,29,2,89,115,107,116,100,40,25,59,9,71,17,12,113,90,78,23,46,7,102,69,112,60,92,101,55,56,74,122,111,82,6,28,63,103,121,120,14,16,54,18,118,84,22,47,45,75,32,91,110,50,83,93,88,43,24,31,87,36,39,76,79,98,38,26,66,68,48,106,58,123,53,73,86,85,49,62,4,51 5120.0 69.04 25.0
64,65,52,30,117,44,3,19,104,13,95,124,34,27,8,109,21,105,42,0,67,108,61,114,96,72,94,37,80,77,119,57,33,81,11,10,5,70,1,99,41,97,20,35,15,29,2,89,115,107,116,100,40,25,59,9,17,71,12,113,78,23,46,7,102,69,112,60,92,101,55,56,74,122,111,82,6,28,63,90,62,103,121,120,14,16,54,18,118,84,22,47,45,32,91,110,50,83,93,88,43,24,31,58,87,36,39,76,98,85,38,75,26,66,68,48,106,123,53,86,79,49,73,4,51 5088.0 69.135 23.0
64,65,52,30,117,44,3,95,19,104,13,124,34,27,8,109,21,105,42,0,67,108,61,114,96,72,94,37,80,77,119,102,33,81,11,10,5,70,1,99,41,97,20,35,15,29,2,89,115,107,116,100,40,25,59,9,17,71,12,113,78,23,46,7,57,69,112,60,92,101,55,56,74,122,111,82,6,28,63,90,62,103,121,120,14,16,54,18,118,84,22,47,45,32,91,110,50,83,93,88,43,24,31,87,36,39,76,79,98,85,38,26,66,48,106,58,123,53,73,86,68,49,75,4,51 4950.0 71.82000000000001 22.0
64,65,52,30,117,44,3,19,104,13,95,124,34,27,8,109,21,105,42,0,67,108,61,114,96,72,94,37,80,77,119,57,33,81,11,10,5,70,1,99,41,97,20,35,15,29,2,89,115,107,116,100,40,25,59,9,17,71,12,113,78,23,46,7,102,69,112,60,92,101,55,56,74,122,111,82,6,28,63,90,62,103,121,120,14,16,54,18,118,84,22,47,45,32,91,110,50,83,93,98,43,24,31,106,87,36,39,76,79,85,38,75,26,66,68,48,58,123,53,86,88,49,73,4,51 5035.0 69.13500000000002 22.0
#
