# Problem = StaticVNFPlacementProblem
# Variables = 1
# Objectives = 6
20,21,27,41,48,46,3,2,36,7,5,0,15,53,44,29,42,19,22,28,11,47,35,50,51,43,40,55,37,9,24,32,17,54,30,39,52,6,38,12,10,26,4,18,45,34,49,13,33,8,31,1,25,14,23,16 2293.0 45.5 11.0 96200.0 1.4419802943548388 40.23
20,21,17,40,48,36,3,5,2,46,7,28,0,15,37,29,42,19,44,35,11,47,22,43,50,51,41,55,13,9,24,54,16,27,30,39,52,38,53,33,12,10,26,4,18,45,34,25,6,49,8,31,1,14,23,32 2288.0 49.59 12.0 96600.0 1.4107182822580646 40.195
20,21,17,40,48,46,3,5,2,36,7,28,0,15,37,29,42,19,44,35,11,47,22,43,50,51,41,55,53,27,24,32,9,54,30,52,39,38,13,33,12,10,26,4,18,45,34,25,16,8,31,1,14,49,6,23 2096.0 30.499999999999996 15.0 74100.0 1.4212252197580648 42.855000000000004
20,21,17,40,48,36,3,5,46,2,7,0,15,37,28,29,42,19,44,35,11,47,22,50,51,43,41,55,53,27,24,32,9,54,4,39,52,38,13,33,12,10,26,30,18,45,34,25,8,31,1,14,23,49,6,16 2108.0 32.58 15.0 74000.0 1.4494016693548388 42.68
#
17,7,24,1,47,10,5,8,4,39,9,25,43,21,48,18,15,11,27,45,31,33,12,52,19,28,40,13,22,32,51,0,46,29,49,54,41,55,30,44,38,50,3,14,42,36,37,20,53,6,35,23,26,16,34,2 2188.0 57.916000000000004 16.0 80700.0 1.3915532309525154 39.46
4,7,24,1,34,10,33,43,54,25,16,36,27,49,11,37,39,3,5,9,30,31,35,28,12,19,45,40,13,22,32,46,50,55,47,51,41,52,44,38,42,21,0,14,18,15,53,6,20,8,29,2,23,48,17,26 2555.0 41.891999999999996 14.0 132000.0 1.444055671887924 44.622
17,7,24,1,47,10,5,8,4,39,9,25,19,21,48,18,35,11,27,40,28,31,15,12,52,43,45,13,22,32,51,0,29,46,49,54,41,55,44,30,38,50,3,14,42,36,37,53,6,20,33,23,26,16,34,2 2383.0 72.81599999999999 13.0 103700.0 1.3248054545595533 38.595
17,7,24,1,25,10,5,8,4,39,9,47,43,21,48,18,15,11,27,28,31,33,12,52,19,45,40,13,22,32,51,0,29,46,49,54,41,55,44,30,38,50,3,14,42,36,37,20,53,6,35,23,26,16,34,2 2171.0 57.916000000000004 16.0 77800.0 1.391627230952515 39.46
17,7,24,1,47,10,5,8,4,39,9,29,43,21,48,18,15,11,27,28,31,35,12,52,19,45,40,13,22,32,51,0,25,46,49,54,41,55,44,30,38,50,3,53,42,36,37,20,14,6,33,23,26,16,34,2 2218.0 66.016 15.0 83100.0 1.3338902368176178 38.169999999999995
17,7,24,1,47,10,5,8,4,39,9,25,43,21,48,18,15,11,27,28,31,35,12,52,19,40,13,22,32,51,0,45,29,55,49,54,41,46,44,30,38,50,3,14,42,36,37,20,53,6,33,23,26,16,34,2 2182.0 64.416 16.0 79800.0 1.3914692309525156 39.46
17,7,24,1,47,10,5,8,40,4,39,9,25,43,21,48,18,15,11,27,28,31,35,12,52,19,45,13,22,32,51,0,29,46,49,54,41,55,30,44,38,50,3,14,42,36,37,20,53,6,33,23,26,16,34,2 2278.0 55.251999999999995 16.0 90700.0 1.4028900535331603 39.135
17,7,24,1,25,10,5,8,4,39,9,47,43,21,48,18,15,11,27,28,31,35,12,52,19,45,40,13,22,32,51,0,29,46,49,54,41,55,44,30,38,50,3,14,42,36,37,53,20,6,33,23,26,16,34,2 2164.0 64.416 16.0 76800.0 1.3915392309525156 39.46
#
23,38,6,16,41,50,43,28,37,34,31,47,40,15,42,49,46,17,18,8,11,53,7,45,26,30,52,44,1,21,36,14,22,5,20,55,27,25,51,3,35,19,4,48,32,29,12,24,10,2,0,54,39,9,33,13 2264.0 41.45 17.0 93100.0 1.4288622977667496 40.29
23,1,6,16,41,50,28,37,31,53,47,40,15,8,42,49,46,17,18,11,7,45,26,43,34,30,52,44,38,14,36,22,5,20,55,27,25,51,3,35,21,19,48,32,29,12,24,10,9,2,0,13,54,4,33,39 2349.0 63.730000000000004 13.0 104400.0 1.423620002016129 40.82
23,1,6,16,41,50,28,37,43,53,47,31,40,15,42,49,46,17,18,8,11,5,7,45,26,30,52,44,38,21,36,14,22,34,20,55,27,25,51,3,35,19,48,32,29,12,24,10,2,0,13,54,9,4,33,39 2249.0 45.72 16.0 89400.0 1.429142834057072 40.19
23,1,6,16,35,50,28,37,31,53,47,40,15,46,49,42,18,8,41,11,7,45,26,43,34,30,52,44,38,14,36,22,5,20,55,27,25,51,3,17,21,19,48,32,29,12,24,10,9,2,0,13,54,4,33,39 2120.0 34.66 16.0 75500.0 1.364580541718362 40.595
#
12,50,17,26,21,20,36,39,25,43,40,46,51,3,23,35,33,38,44,0,31,47,7,34,19,41,28,16,29,49,8,48,11,5,1,18,15,32,55,2,13,37,9,53,14,22,54,45,24,52,42,27,30,6,10,4 2184.0 45.172 17.0 82400.0 1.335830599927626 41.809999999999995
12,5,17,26,3,36,40,25,43,39,50,46,38,20,23,0,35,51,44,33,31,47,7,34,19,41,28,16,29,49,8,18,11,1,21,48,15,32,55,2,13,37,9,53,14,22,54,45,24,52,42,27,30,6,10,4 2344.0 36.697 15.0 104100.0 1.3546758149813898 40.455
5,17,26,21,3,12,36,40,25,43,39,50,46,38,20,23,34,35,51,44,0,31,47,7,33,19,41,28,16,29,49,8,18,11,1,48,15,32,55,2,13,37,9,53,4,14,22,54,45,52,42,27,30,6,24,10 2399.0 63.872 13.0 106300.0 1.343406175868486 38.65
5,17,26,21,3,36,25,9,39,50,40,46,51,20,23,33,38,35,44,0,31,18,7,34,12,19,28,47,16,49,15,11,1,48,8,32,55,2,41,29,13,37,43,4,53,14,22,54,45,52,42,27,30,6,24,10 2281.0 63.655 15.0 93300.0 1.3387384353287843 38.615
12,5,17,26,21,3,36,40,25,43,39,50,46,38,20,23,35,51,44,33,31,47,7,34,19,41,0,28,16,29,49,8,18,11,1,48,15,32,55,2,13,37,9,53,14,22,54,45,24,52,42,27,30,6,10,4 2184.0 45.172 17.0 83500.0 1.335670599927626 41.809999999999995
#
20,17,35,42,24,25,23,29,33,16,47,49,30,4,53,37,32,10,48,51,1,55,36,50,14,5,9,7,31,12,13,21,3,19,40,11,2,41,38,26,0,46,18,15,6,8,44,22,45,27,52,54,28,43,34,39 2409.0 42.644999999999996 13.0 109600.0 1.3995957273573203 40.495
42,20,17,35,24,25,14,33,16,47,30,10,49,4,28,2,52,51,32,23,36,55,50,7,19,9,1,31,12,5,21,3,13,53,40,11,29,41,38,26,0,46,18,15,6,8,44,22,45,27,48,54,43,37,34,39 2450.0 82.75500000000001 12.0 113200.0 1.4820481464749673 41.684999999999995
42,20,17,35,24,25,13,29,33,16,47,30,23,49,4,53,37,32,10,48,9,1,55,36,50,14,5,7,31,12,51,2,3,19,40,11,21,41,38,26,0,46,18,15,6,8,44,22,45,27,52,54,28,43,34,39 2223.0 51.80200000000001 17.0 86600.0 1.3394878825992558 38.75
42,20,17,25,35,24,13,29,33,16,47,30,23,49,4,53,37,32,10,48,14,1,55,36,50,5,9,7,31,12,51,21,3,19,40,11,2,41,38,26,0,46,6,15,18,8,44,22,45,27,52,54,28,43,34,39 2239.0 49.202000000000005 17.0 88200.0 1.339847882599256 38.75
42,20,17,35,24,13,25,29,33,16,47,30,23,49,4,53,37,32,10,48,14,1,55,36,50,5,9,7,31,12,51,21,3,19,40,11,2,41,38,26,0,46,18,15,6,8,44,22,45,27,52,54,43,28,34,39 2232.0 49.20200000000001 17.0 87800.0 1.339717882599256 38.75
#
35,5,29,4,6,48,40,11,0,34,25,8,10,44,50,30,41,3,49,2,37,9,42,16,13,27,31,55,23,24,1,14,39,19,22,32,47,26,43,38,46,54,20,51,17,52,15,12,7,28,45,36,21,53,33,18 2255.0 44.220000000000006 16.0 94500.0 1.616247161527514 44.614999999999995
35,5,29,4,6,48,40,11,0,34,25,8,10,44,50,16,41,3,49,2,37,42,30,13,27,9,31,55,23,24,1,14,39,19,22,32,47,26,43,38,46,54,20,51,17,52,15,12,45,28,7,36,21,53,33,18 2443.0 36.370000000000005 16.0 119400.0 1.55293230296672 42.44
42,4,12,23,2,33,49,24,6,44,50,11,52,35,54,26,25,13,43,40,37,21,45,31,17,15,29,27,0,41,30,36,32,51,55,5,20,8,7,22,14,16,18,34,9,1,39,28,46,47,19,38,10,48,53,3 2541.0 57.997 13.0 127200.0 1.5745675777988615 42.89
35,5,29,4,6,48,40,11,0,34,50,44,8,10,25,30,41,3,49,2,37,42,16,13,27,9,31,55,23,24,14,1,39,19,12,22,32,47,26,43,38,46,54,20,51,52,17,15,45,28,7,36,21,53,33,18 2256.0 44.220000000000006 16.0 94800.0 1.6016892260436428 44.48700000000001
35,5,29,4,22,6,40,48,11,0,34,50,44,10,8,30,41,3,49,2,37,25,42,16,13,27,39,31,55,24,1,14,23,19,9,32,47,26,43,38,46,54,20,51,17,52,15,12,45,28,7,36,21,53,33,18 2481.0 55.830000000000005 14.0 120300.0 1.47511214943074 40.839999999999996
35,5,29,4,6,40,48,11,0,34,50,44,8,10,25,30,17,3,49,2,54,42,16,13,27,9,31,55,23,24,1,14,39,19,22,32,47,26,43,38,46,37,20,51,41,52,15,12,7,28,45,36,21,53,33,18 2254.0 46.5 15.0 93400.0 1.6478765291745727 45.095000000000006
35,5,29,4,6,48,40,11,0,34,25,8,10,44,30,50,17,3,49,2,37,42,16,13,27,1,9,55,23,24,31,14,39,19,22,32,47,26,43,38,46,54,20,51,41,52,15,12,7,28,45,36,21,53,33,18 2254.0 44.220000000000006 16.0 93900.0 1.6163371615275142 44.614999999999995
#
9,18,30,49,39,1,23,15,53,31,26,0,11,19,6,46,13,7,4,5,45,50,29,8,52,48,40,38,47,10,43,16,22,42,28,17,20,54,24,41,12,35,21,32,27,34,3,25,14,51,44,33,36,2,37,55 2589.0 45.38 14.0 135400.0 1.362475455024814 38.78999999999999
9,18,30,49,22,1,23,15,53,31,11,19,5,6,46,13,7,4,45,50,29,8,52,0,41,48,40,47,10,43,38,16,39,42,28,26,17,20,54,24,12,35,21,32,27,34,3,2,51,25,14,44,33,36,37,55 2457.0 55.437000000000005 13.0 116000.0 1.4004904576612907 38.724999999999994
9,18,30,49,22,1,23,15,53,31,11,19,5,6,45,46,13,40,4,50,29,8,26,52,7,0,41,48,47,10,43,38,16,39,42,28,17,20,54,24,12,35,21,32,27,34,3,25,14,51,44,36,2,33,37,55 2349.0 59.68200000000001 17.0 101600.0 1.4910287113377612 40.851
9,18,30,49,22,1,23,15,53,31,11,19,45,5,6,4,13,7,46,50,29,8,26,52,0,41,48,40,47,10,24,43,38,16,20,42,28,17,54,12,35,21,32,27,34,39,3,51,25,14,44,33,36,2,37,55 2440.0 65.697 14.0 111300.0 1.3994831451612906 38.739999999999995
9,18,30,49,22,1,23,15,53,31,11,19,5,6,45,46,13,7,50,29,8,26,52,0,41,48,40,47,10,24,43,38,16,39,42,28,4,17,20,54,12,35,21,32,27,34,3,2,51,25,44,33,36,14,37,55 2353.0 58.71600000000001 17.0 101200.0 1.4912547113377608 40.851
9,18,30,49,22,1,23,15,53,31,11,19,5,6,45,46,13,40,4,50,29,8,26,52,7,0,41,48,47,10,43,38,16,39,42,28,17,20,54,24,12,35,21,32,27,34,3,25,14,51,44,36,2,37,33,55 2335.0 59.68200000000001 16.0 100100.0 1.4898050054554082 40.891
9,18,30,49,22,1,23,15,53,31,11,19,5,6,45,46,13,0,4,50,29,8,26,52,7,41,48,40,47,10,43,38,16,39,42,28,17,20,54,24,12,35,21,32,27,34,3,25,14,51,44,36,2,37,33,55 2341.0 58.782000000000004 16.0 100500.0 1.489921005455408 40.891
9,18,30,49,22,1,45,23,15,53,31,11,19,5,6,46,13,7,4,0,26,50,29,8,52,41,48,40,47,10,24,43,38,16,20,42,28,17,39,54,12,35,21,32,27,34,3,25,14,51,44,36,2,37,33,55 2347.0 58.715999999999994 16.0 100500.0 1.4902110054554076 40.891
9,18,30,49,22,1,11,23,15,53,31,45,19,5,6,46,13,7,50,29,8,26,52,0,41,48,40,47,10,24,43,38,16,4,20,42,28,17,39,54,12,35,21,32,27,34,3,25,14,51,44,36,2,37,33,55 2339.0 58.71600000000001 16.0 99700.0 1.4900310054554078 40.891
#
38,45,11,21,47,12,18,51,19,0,14,28,3,44,15,27,42,36,1,16,23,34,40,24,26,33,17,41,55,8,54,4,29,30,5,31,6,50,52,39,49,53,37,22,9,35,48,2,32,7,43,10,46,25,20,13 2210.0 38.452 15.0 86200.0 1.4225944695725683 41.559000000000005
38,45,11,21,47,51,18,12,19,0,14,28,3,44,15,27,42,36,1,16,23,34,24,33,40,17,41,55,8,4,46,29,30,5,31,6,54,50,52,39,49,53,37,22,9,35,48,2,32,7,10,43,26,25,20,13 2168.0 50.402 13.0 80000.0 1.4041993217595972 40.4
38,18,11,21,47,12,51,19,0,45,14,28,3,15,27,42,36,1,16,23,34,40,24,33,44,41,55,8,4,46,5,29,30,31,6,54,50,49,52,39,53,17,37,22,9,35,48,2,32,7,10,43,26,25,20,13 2121.0 58.07000000000001 15.0 71500.0 1.3525184910961905 38.73
38,45,11,21,47,12,18,51,19,0,14,28,3,15,27,42,36,44,1,16,23,34,40,46,24,33,41,6,31,55,8,4,29,30,5,54,50,52,39,49,53,17,37,22,9,35,48,2,32,7,10,43,26,25,20,13 2082.0 59.658 14.0 67400.0 1.3664864054700046 39.625
38,18,11,21,47,45,51,19,12,0,14,28,3,15,27,42,36,44,1,16,23,34,40,46,24,33,41,55,8,54,52,4,29,30,5,31,6,50,39,49,53,17,37,22,9,35,48,2,32,7,43,10,26,25,20,13 2102.0 62.126000000000005 15.0 68600.0 1.3523384910961904 38.73
38,45,11,21,47,12,18,51,19,0,14,28,3,15,27,42,36,1,16,23,34,40,24,33,44,41,46,8,4,55,5,29,30,31,6,54,50,52,39,49,53,17,37,22,9,35,48,2,32,7,43,10,26,25,20,13 2082.0 55.602000000000004 14.0 68400.0 1.3662824054700045 39.625
38,45,11,21,47,12,18,51,19,0,14,28,3,15,27,42,36,44,1,16,23,34,40,46,24,33,41,52,8,54,55,4,29,30,5,31,6,50,39,49,26,53,17,22,37,9,35,48,2,32,7,10,43,25,20,13 2095.0 53.808 14.0 69800.0 1.3664664054700046 39.625
38,45,11,21,47,12,18,51,19,0,14,28,3,15,27,42,36,1,16,23,34,44,40,46,24,33,41,55,8,54,52,4,29,30,5,31,50,17,39,49,53,6,37,22,9,35,48,2,32,7,10,43,26,25,20,13 2088.0 54.458 14.0 69100.0 1.3663324054700046 39.625
38,45,11,21,47,12,18,51,19,0,14,15,3,28,27,42,36,44,1,16,23,34,40,46,24,33,41,6,31,55,8,4,29,30,5,54,50,52,39,49,53,17,37,22,9,35,48,2,32,7,10,43,26,25,20,13 2084.0 59.658 14.0 66900.0 1.3664724054700044 39.625
#
20,38,44,39,34,33,21,10,28,42,31,50,37,35,0,46,14,48,1,30,47,32,8,19,11,51,36,41,52,49,22,25,2,23,4,26,55,24,45,5,29,43,7,13,54,9,17,16,18,3,27,6,40,12,53,15 2264.0 49.61 17.0 96400.0 1.5717263419117646 43.03
20,38,44,30,33,34,39,21,10,28,42,31,50,37,35,0,52,14,48,1,47,32,8,19,18,11,51,36,41,46,49,22,54,2,23,4,26,55,24,15,5,29,43,12,13,25,9,17,16,3,27,6,40,7,53,45 2375.0 41.39600000000001 18.0 108400.0 1.60518765595351 43.519999999999996
20,38,44,30,34,33,21,10,39,42,31,0,37,35,8,14,48,50,1,47,32,52,19,11,51,36,41,28,46,49,22,25,2,23,4,26,55,24,15,5,29,43,12,13,54,9,17,16,18,27,3,6,40,7,53,45 2483.0 76.35600000000001 13.0 117600.0 1.508174336100569 41.75
20,38,44,39,34,33,21,10,28,42,31,50,37,35,0,46,14,48,1,30,47,32,8,19,11,51,36,41,52,49,22,25,2,4,26,55,24,45,5,29,43,7,23,13,54,9,17,16,18,3,27,40,12,6,53,15 2270.0 49.61 17.0 97000.0 1.5447908713235294 42.515
38,44,30,34,33,21,10,39,42,20,31,50,37,35,0,8,14,48,1,47,32,52,19,11,51,41,54,46,49,36,22,28,2,23,4,26,55,24,15,5,29,43,12,13,25,9,17,16,18,3,27,6,40,7,53,45 2528.0 65.33500000000001 15.0 124500.0 1.4806404314516128 40.68600000000001
20,38,44,39,34,33,21,10,28,42,31,50,37,35,0,46,14,48,1,30,47,32,8,19,11,51,36,41,52,49,22,25,2,23,4,26,55,24,45,5,43,7,13,54,9,17,16,18,3,27,6,29,40,12,53,15 2257.0 46.61 17.0 96500.0 1.5714903419117645 43.03
20,38,44,39,34,33,21,10,28,42,31,50,37,35,0,46,14,48,1,30,47,32,8,19,11,51,36,41,52,49,22,25,2,23,4,26,55,24,45,5,29,43,12,13,54,9,17,16,18,3,27,6,40,7,53,15 2272.0 44.905 17.0 96500.0 1.5721243419117645 43.03
#
0,53,7,54,4,25,6,26,23,42,52,39,36,48,11,47,49,45,9,38,34,17,24,14,35,33,1,29,21,10,41,3,51,5,40,12,46,28,16,30,37,15,2,31,22,27,19,18,8,43,13,55,20,32,50,44 2657.0 44.956 14.0 140700.0 1.3984528584574032 41.726
6,19,42,40,31,23,49,20,32,10,4,54,8,43,39,38,1,33,51,0,16,28,3,11,17,13,7,45,35,52,5,53,41,18,36,21,55,14,48,34,26,25,47,15,27,24,30,29,50,9,46,12,37,2,22,44 2318.0 73.00500000000001 12.0 99200.0 1.4851581596117354 40.805
43,6,19,16,40,31,23,49,20,32,10,4,54,8,38,1,33,51,0,39,42,29,11,13,3,7,53,45,35,52,5,41,44,18,36,21,55,14,48,34,26,25,47,15,27,24,30,28,50,9,17,12,37,2,22,46 2336.0 87.907 12.0 101300.0 1.3358727897022333 38.15
6,19,42,40,31,23,49,20,32,10,54,4,8,43,39,38,1,33,51,0,16,7,3,29,13,11,45,35,53,5,52,14,41,44,18,36,21,48,34,26,25,47,15,46,17,24,30,28,50,9,27,12,37,2,22,55 2206.0 52.375 14.0 86800.0 1.4833493999963507 40.379999999999995
6,19,42,40,31,23,49,20,32,10,4,54,8,43,39,38,1,33,28,51,0,16,7,44,13,3,11,45,35,52,53,5,25,18,36,21,55,14,48,34,26,41,47,15,27,24,30,29,50,9,17,12,37,2,22,46 2244.0 52.425 14.0 88500.0 1.4309574388957815 40.11
6,19,42,40,31,23,49,20,32,10,4,54,8,17,39,38,1,33,51,0,16,7,3,28,13,11,45,35,48,52,53,5,14,41,44,18,36,21,34,26,25,47,15,27,24,30,43,29,50,9,46,12,37,2,22,55 2217.0 66.487 14.0 87500.0 1.4600899294081158 39.865
#
