# Problem = StaticVNFPlacementProblem
# Variables = 1
# Objectives = 3
120,51,100,86,21,56,104,108,12,18,60,117,24,58,77,32,115,69,70,98,0,41,40,113,107,53,1,85,105,97,119,15,17,79,36,102,6,116,92,20,25,90,26,65,47,59,121,39,10,29,38,71,8,33,87,11,46,52,28,19,103,89,14,2,5,42,49,45,34,37,30,35,27,93,62,54,43,72,9,101,80,123,3,55,94,23,63,13,22,16,31,68,83,118,74,96,112,44,75,61,64,124,122,109,110,95,114,91,48,84,50,82,73,76,7,81,66,4,88,111,106,67,57,78,99 5782.0 102.8 21.0
88,84,79,11,78,54,65,40,101,7,81,20,18,104,56,119,12,8,118,34,27,55,50,21,5,37,24,16,116,42,23,71,67,105,30,108,107,25,57,115,123,97,3,89,4,75,93,83,69,110,91,58,26,102,86,66,48,106,28,36,19,121,60,111,45,0,74,32,10,43,80,114,33,29,15,82,61,90,63,122,117,103,59,72,68,51,124,46,1,44,100,35,22,9,39,6,76,120,53,94,113,98,77,13,52,92,85,2,96,112,87,73,99,62,47,64,17,49,41,95,31,14,109,38,70 5346.0 85.46000000000002 25.0
116,31,118,37,107,92,63,40,117,2,81,94,85,1,41,45,68,46,124,64,67,69,21,88,70,47,19,66,113,75,25,36,96,78,48,97,51,56,10,16,50,34,76,86,74,54,15,103,122,32,62,110,8,61,105,26,60,55,100,99,104,12,44,106,72,91,49,3,65,39,30,35,27,120,38,108,20,5,9,101,80,123,4,52,17,23,53,13,59,111,18,24,83,77,0,121,112,14,29,43,115,90,6,109,71,95,114,42,102,84,79,82,73,89,7,119,11,57,28,22,98,93,33,58,87 5396.0 129.26800000000003 22.0
9,94,70,50,28,101,121,104,18,83,86,79,38,33,63,49,2,11,7,1,124,13,120,39,93,41,100,76,62,90,67,30,114,25,5,56,58,53,82,81,3,80,15,10,22,115,112,91,21,43,72,87,105,66,85,74,69,61,60,95,4,29,47,40,109,52,23,8,84,113,119,65,59,12,111,16,0,14,44,20,92,34,54,78,6,32,99,45,75,17,117,98,107,27,116,102,71,19,51,89,37,48,110,57,103,26,24,68,96,97,88,46,55,77,73,118,122,31,64,42,108,123,36,35,106 5300.0 78.97000000000001 27.0
98,49,76,63,120,85,55,119,11,79,41,9,113,90,19,123,35,13,2,93,96,64,48,33,40,102,7,31,60,58,47,69,121,23,30,92,84,57,88,95,106,81,3,80,15,10,22,115,124,59,43,72,87,105,66,68,116,100,108,94,103,27,111,82,53,117,109,21,24,38,39,56,26,71,29,16,0,8,44,20,34,54,78,6,32,99,45,75,17,14,67,5,77,118,1,18,42,12,89,101,86,110,25,107,97,83,37,91,46,70,122,28,112,52,73,36,61,74,50,62,65,51,114,4,104 5611.0 108.605 20.0
9,94,7,50,28,124,121,10,18,54,96,79,37,0,106,71,39,113,46,123,88,31,30,2,49,70,65,40,73,83,36,112,23,33,47,51,24,72,3,60,1,110,84,104,19,13,81,4,78,48,119,42,109,17,98,82,22,122,20,11,99,107,67,85,87,102,101,118,56,69,45,103,52,32,53,59,14,25,115,80,43,68,6,29,89,41,5,76,117,34,97,27,15,120,12,111,8,108,92,100,58,57,75,90,66,93,62,86,61,116,55,16,77,26,38,114,44,105,64,21,74,95,91,35,63 5292.0 79.06 33.0
67,103,32,84,29,0,50,122,25,57,47,82,116,98,1,56,7,118,74,124,10,97,37,62,75,85,96,2,111,95,71,43,6,93,46,92,109,36,31,81,40,63,107,76,18,114,68,51,117,11,41,110,8,61,105,26,60,55,100,99,104,12,44,106,72,91,49,3,65,39,30,35,27,120,38,108,20,5,9,101,80,123,4,52,17,23,53,86,88,79,45,64,16,77,78,28,90,58,115,48,13,34,69,113,24,14,73,19,42,121,87,66,59,83,70,33,89,94,112,15,21,22,102,119,54 5444.0 88.96700000000001 22.0
80,56,110,17,6,5,96,77,88,102,8,46,104,85,59,22,44,23,12,82,115,60,92,123,65,69,19,0,20,99,117,3,109,75,84,116,2,93,74,52,47,111,7,89,24,62,13,14,98,21,1,16,63,78,76,70,9,97,10,103,28,119,15,106,72,91,49,51,26,39,30,35,27,120,38,108,64,58,113,94,95,50,57,61,29,90,54,45,36,55,100,66,34,87,83,42,37,105,43,121,32,33,4,122,68,48,118,31,71,81,124,18,107,67,86,112,25,79,41,114,53,73,40,101,11 5388.0 75.50000000000001 26.0
103,72,2,14,88,11,114,23,107,61,53,59,63,37,38,67,82,118,96,64,35,79,50,41,111,91,113,42,66,123,10,24,30,28,124,60,0,68,49,89,7,44,40,109,104,84,3,65,105,55,20,21,46,70,47,99,92,8,85,75,117,1,12,26,108,100,62,22,95,78,102,31,34,97,45,116,120,29,87,6,110,80,13,32,86,112,18,15,93,76,121,73,119,81,36,17,57,51,106,101,25,83,52,54,16,94,9,33,98,58,77,48,90,39,5,69,74,4,56,43,115,71,122,27,19 5278.0 84.125 32.0
67,38,32,84,29,0,53,122,25,57,123,82,116,120,1,56,72,74,124,71,52,37,62,41,111,91,113,42,66,10,24,23,93,46,92,109,36,31,81,40,63,107,12,20,3,68,51,104,11,75,2,27,16,44,90,6,7,28,17,117,76,39,49,80,64,9,114,18,101,69,85,108,13,98,103,50,65,35,95,55,118,47,86,97,115,60,5,4,88,79,45,96,61,77,78,100,26,58,99,48,8,34,105,110,43,14,73,19,30,121,87,106,59,83,70,33,89,94,112,15,21,22,102,119,54 5276.0 90.75000000000001 29.0
2,9,4,85,25,93,63,96,123,51,41,120,11,19,90,114,76,113,98,13,79,55,35,119,33,40,102,7,31,60,58,47,69,121,23,30,92,84,57,88,95,106,81,3,80,15,10,22,115,124,59,43,72,87,105,66,68,116,100,108,94,103,27,111,82,53,117,109,21,24,38,39,56,26,71,29,16,0,8,44,20,34,54,78,6,32,99,45,75,17,14,67,5,77,118,1,18,42,12,89,101,86,110,107,97,83,37,91,46,70,122,28,112,52,73,36,61,74,50,62,65,49,104,64,48 5236.0 101.861 23.0
9,38,95,50,28,21,121,54,83,18,37,44,79,94,97,88,39,113,120,123,4,13,89,2,49,99,65,40,76,80,90,29,30,23,33,47,51,24,72,81,60,1,110,46,71,101,104,84,3,25,105,119,42,109,17,98,82,22,122,20,11,112,107,67,85,87,102,19,118,56,69,45,103,52,32,53,59,14,70,115,73,43,68,6,36,31,41,5,78,27,34,0,117,15,106,12,111,8,108,92,100,58,48,57,75,66,93,62,86,61,116,55,77,96,10,124,114,16,64,7,35,91,63,26,74 5074.0 94.17000000000003 28.0
2,9,4,85,25,93,63,96,123,51,41,120,11,19,90,114,76,113,98,13,79,55,35,119,33,40,102,7,31,60,58,47,69,121,23,30,92,84,57,88,95,106,81,3,80,15,10,22,115,124,43,72,87,105,66,68,116,100,108,94,103,27,111,82,53,117,109,21,24,38,39,56,26,71,29,16,0,8,44,59,20,34,54,78,6,32,99,45,75,17,14,67,5,122,118,1,18,42,12,89,101,86,110,107,97,83,37,91,46,70,77,28,112,52,73,36,61,74,50,62,65,49,104,64,48 5346.0 99.60900000000001 23.0
58,94,15,42,39,31,33,52,88,124,81,113,63,13,38,66,82,121,83,80,64,35,19,89,41,7,9,55,75,25,36,96,78,48,97,51,56,10,16,50,34,76,86,74,43,103,107,122,108,62,101,46,61,105,29,60,11,100,73,28,87,49,4,72,91,23,8,84,47,119,65,59,12,111,117,0,14,44,20,92,2,54,22,6,32,99,45,110,17,21,67,5,77,118,71,53,1,123,116,115,26,18,24,114,104,106,37,93,102,98,79,109,27,90,40,85,95,70,57,68,69,3,120,30,112 5462.0 83.096 25.0
42,2,31,93,4,123,63,96,51,41,120,11,19,81,114,76,113,98,13,23,55,35,69,33,107,53,1,85,105,97,119,15,17,79,36,102,6,116,92,20,25,90,26,65,47,59,121,39,10,29,38,72,87,60,66,68,57,100,108,94,103,27,111,82,88,117,109,14,24,43,115,56,3,71,124,16,0,8,44,104,75,95,28,73,84,67,40,62,5,78,86,80,70,77,118,49,22,99,58,54,45,37,7,89,30,110,74,61,21,46,9,112,64,34,12,83,50,106,32,91,122,101,48,52,18 5536.0 86.476 23.0
2,9,4,85,93,63,96,123,51,41,120,11,19,90,114,76,113,98,13,79,55,35,119,33,40,102,7,31,1,58,47,104,121,50,30,92,84,57,88,95,106,81,3,62,80,15,10,22,115,124,59,43,67,87,105,66,21,116,100,94,118,27,111,82,53,117,109,14,77,38,39,56,26,71,29,107,0,8,44,20,34,54,78,83,6,32,42,45,5,17,68,72,108,24,103,49,16,99,12,89,101,86,110,25,18,97,37,91,46,70,122,28,112,52,65,36,61,74,23,75,73,60,69,64,48 5229.0 103.50400000000002 25.0
42,39,86,28,78,60,101,102,109,50,69,29,44,111,63,49,92,11,7,1,124,108,46,13,95,21,73,94,67,79,82,117,56,17,51,24,18,15,0,20,71,3,106,74,53,4,98,31,38,81,112,83,116,107,64,123,43,97,103,113,118,6,34,76,41,33,8,62,59,27,25,119,85,12,68,114,19,16,72,30,115,36,99,120,70,10,80,88,14,45,91,61,65,96,40,2,55,121,122,100,58,5,48,57,75,66,93,37,23,84,47,35,105,90,110,26,104,54,52,32,87,77,89,9,22 5274.0 92.172 25.0
67,38,32,66,29,0,53,122,25,81,123,82,116,120,90,114,76,113,98,13,79,55,35,119,33,40,102,7,31,60,58,47,69,121,23,30,92,84,57,88,95,106,12,20,3,68,51,104,11,75,2,27,16,44,1,6,42,28,17,117,72,39,49,80,64,9,56,18,101,93,85,108,71,124,103,50,65,62,63,37,118,36,86,97,115,10,5,4,91,52,45,96,61,77,78,100,26,24,99,48,8,34,105,110,43,14,73,19,109,46,87,107,59,83,70,111,89,94,112,15,21,22,74,41,54 5285.0 86.548 30.0
80,56,110,3,83,21,63,96,51,41,120,11,19,81,114,76,113,98,13,23,55,35,103,69,33,107,53,1,85,105,97,119,15,17,79,36,102,6,116,92,20,25,90,26,65,47,59,121,39,10,100,72,87,49,66,104,74,106,61,60,95,4,29,86,40,109,52,82,8,84,58,62,22,30,12,111,16,0,14,44,24,108,34,54,78,9,32,99,45,75,88,117,93,73,122,57,91,64,67,124,43,18,5,112,50,118,28,115,70,37,123,94,48,89,77,31,101,38,68,46,2,42,7,27,71 5521.0 81.14 25.0
42,2,80,48,4,123,91,96,51,83,21,104,19,81,114,76,113,98,13,23,55,35,69,33,107,53,1,85,105,97,24,15,12,115,64,102,18,116,92,70,25,34,122,65,37,59,121,50,10,29,38,72,49,62,66,68,57,100,108,88,94,103,27,111,82,22,117,119,14,93,40,67,56,26,71,11,16,0,8,44,20,84,7,78,6,32,99,45,75,17,63,39,73,31,79,86,36,110,124,43,41,60,112,90,118,87,109,47,46,77,28,30,120,52,74,58,61,54,5,3,101,95,89,9,106 5568.0 132.535 19.0
2,9,4,62,93,63,52,53,50,41,120,11,20,64,114,76,59,98,37,79,83,35,39,33,26,102,1,61,105,48,31,15,51,28,74,46,116,47,49,89,81,25,40,55,92,101,104,119,10,29,38,72,87,60,66,68,57,100,108,94,103,27,111,82,88,117,109,14,24,43,56,3,71,124,16,0,8,44,95,34,54,78,84,32,99,45,75,22,21,67,5,77,118,7,18,42,12,19,36,113,96,86,115,17,80,65,13,97,91,112,121,70,123,30,110,106,6,73,122,85,69,23,107,90,58 5565.0 114.53500000000001 21.0
2,9,4,122,119,21,70,120,83,18,40,12,19,81,114,76,113,98,13,23,55,35,69,33,107,53,1,85,106,42,91,15,17,79,36,102,6,116,92,20,25,90,26,65,47,59,121,39,10,29,38,72,87,60,66,68,57,100,108,94,103,27,111,82,88,117,86,109,14,24,43,115,56,3,71,124,11,16,0,8,44,96,84,7,78,104,32,99,45,75,95,63,123,73,31,89,58,110,67,93,41,51,112,105,118,54,22,37,46,77,28,30,52,5,101,61,74,50,62,80,49,34,97,64,48 5451.0 116.51200000000003 20.0
74,39,86,28,61,116,4,102,114,50,69,33,113,85,63,49,53,11,106,1,64,97,46,13,30,80,73,41,91,79,76,6,107,17,51,59,2,15,122,20,81,25,40,55,92,101,104,119,10,29,38,72,87,60,66,68,57,100,108,94,103,27,111,82,88,117,109,14,24,43,115,56,3,71,124,16,0,8,44,95,34,54,78,84,32,99,45,75,22,21,67,5,77,118,7,18,42,12,19,121,83,123,112,48,96,31,36,37,23,120,47,35,105,90,110,26,98,93,52,70,58,65,89,9,62 5689.0 103.77 21.0
120,69,4,114,39,11,33,52,26,61,53,59,63,37,105,76,79,83,98,64,35,62,50,41,1,9,93,2,20,48,31,15,51,28,74,46,116,47,49,89,81,25,40,55,92,101,104,119,10,29,38,72,87,60,66,68,57,100,108,94,103,27,111,82,88,117,109,14,24,43,115,56,3,71,124,16,0,8,44,95,34,54,78,84,32,99,45,75,22,21,67,5,77,118,7,18,42,12,19,36,113,96,86,17,80,65,13,97,91,112,121,70,123,30,110,106,6,73,122,58,107,85,102,23,90 5205.0 92.04 26.0
2,9,103,122,93,63,123,120,83,36,102,11,19,81,114,76,113,98,13,23,55,35,69,33,107,22,111,85,25,53,91,37,94,89,58,12,105,57,88,96,116,42,3,80,15,92,70,121,39,10,100,72,87,49,66,104,74,106,61,60,95,4,29,86,40,109,52,82,21,24,38,115,26,71,27,16,0,8,44,20,56,34,54,78,6,97,99,45,75,17,14,67,5,77,118,1,18,110,124,43,41,108,112,90,79,7,119,47,46,31,28,30,117,73,101,59,68,50,62,65,51,84,32,64,48 5183.0 156.515 27.0
96,91,28,72,58,21,101,54,83,18,37,44,79,94,0,106,84,113,120,123,4,13,89,2,49,99,46,40,76,80,1,60,30,23,33,71,6,116,92,20,25,90,26,65,47,121,59,39,10,29,38,16,78,102,17,98,82,22,122,81,11,112,107,67,85,87,109,14,24,43,115,56,103,52,32,53,104,19,70,69,73,45,68,51,36,31,41,42,117,34,97,27,15,88,12,111,8,108,7,48,50,100,105,110,77,57,75,61,86,35,9,74,119,5,66,3,63,124,64,93,118,95,114,62,55 5480.0 85.44 24.0
80,56,110,17,6,5,96,77,88,102,8,46,104,85,59,22,44,23,12,82,115,60,92,123,65,69,19,0,20,99,117,3,109,75,84,116,2,93,74,52,47,111,7,89,24,62,42,14,98,21,1,16,63,78,76,70,9,97,10,103,28,119,15,106,72,91,49,51,26,39,30,35,27,120,38,108,64,58,113,94,95,50,57,61,29,90,54,45,36,55,100,66,34,87,83,13,37,105,43,121,32,33,4,122,68,48,118,31,71,81,124,18,107,67,86,112,25,79,41,114,53,73,40,11,101 5326.0 89.94000000000001 24.0
#
30,15,70,28,63,14,25,118,98,29,45,11,73,36,24,8,100,56,117,51,75,91,110,6,27,55,85,12,89,41,26,101,49,97,39,95,72,66,61,47,13,113,35,104,123,112,81,10,76,94,19,38,53,90,16,46,9,79,120,84,32,119,18,65,68,93,105,31,17,33,86,42,88,111,116,77,115,57,122,92,22,62,5,71,3,59,20,44,82,7,87,107,124,58,52,80,121,48,40,50,96,67,78,21,43,2,108,54,34,60,1,106,99,109,114,0,102,69,23,83,64,4,74,37,103 5052.0 120.87000000000002 30.0
74,120,77,72,61,103,2,56,18,53,25,51,4,91,47,57,33,37,117,35,93,115,96,54,64,24,112,39,0,41,26,116,118,78,10,119,45,97,83,95,81,11,9,88,106,108,86,20,70,43,60,114,94,98,32,21,6,84,59,71,99,90,111,48,65,55,85,58,107,105,100,109,23,68,49,89,36,69,19,13,7,16,29,73,87,92,110,44,82,22,3,31,124,46,52,80,121,75,40,50,38,28,34,122,79,5,62,113,17,30,12,15,42,123,27,8,1,67,63,76,104,102,101,66,14 5711.0 129.83699999999996 20.0
24,106,51,100,37,84,19,25,70,49,76,85,2,41,45,117,52,119,35,69,108,27,99,65,92,82,121,18,53,15,71,95,98,40,31,64,14,5,81,29,0,8,74,104,123,112,83,10,28,94,66,38,113,90,16,46,9,79,120,13,32,56,26,1,68,88,93,105,91,17,86,42,111,116,77,115,57,122,110,22,62,102,89,3,59,20,44,6,7,87,107,124,58,73,80,63,48,75,50,96,67,78,21,43,72,23,54,34,60,30,36,11,101,33,47,109,39,97,55,61,114,118,4,103,12 5133.0 90.42 27.0
73,39,93,5,51,56,77,31,100,52,109,96,2,74,122,106,40,124,108,30,103,118,35,98,85,8,112,3,58,28,67,49,92,80,111,64,14,116,81,29,83,102,99,12,63,110,34,97,91,94,19,68,42,90,16,46,9,79,120,13,114,101,53,61,38,72,121,75,76,50,33,86,113,0,69,82,32,119,22,66,48,117,60,88,59,36,20,1,6,7,87,107,115,57,65,44,123,62,10,41,104,4,78,21,43,55,23,54,95,47,89,15,71,70,27,45,11,37,84,24,17,105,18,25,26 5193.0 83.73400000000001 28.0
19,39,86,55,114,102,41,56,100,47,109,5,6,74,45,117,52,119,122,69,91,27,51,93,92,12,121,18,79,15,71,78,113,40,31,83,73,13,34,2,97,46,63,61,80,110,62,94,108,28,66,75,8,82,22,95,17,112,42,59,9,104,14,67,111,0,65,4,29,105,36,88,118,85,48,33,106,38,30,98,37,64,32,57,89,3,26,20,44,70,49,87,107,115,120,10,90,123,68,58,96,1,81,21,43,72,23,54,124,60,76,77,84,99,103,101,11,25,53,24,50,35,116,7,16 5165.0 88.914 25.0
19,56,121,48,51,39,69,31,100,52,109,95,2,16,36,106,47,40,108,30,97,118,35,98,25,85,33,74,77,8,5,91,92,111,64,105,116,81,29,83,102,99,84,63,110,34,27,10,73,119,15,96,114,72,17,55,0,9,60,54,70,93,53,1,38,26,78,49,46,32,57,86,42,61,43,58,124,94,122,113,22,62,28,89,3,59,20,44,6,7,87,107,115,71,82,90,123,13,75,41,88,67,66,21,120,101,23,79,80,104,65,14,12,112,103,45,11,37,76,24,50,117,18,4,68 5464.0 88.27000000000001 22.0
92,5,112,31,52,121,95,69,19,106,0,104,71,80,91,83,10,78,84,43,2,94,98,24,76,77,7,82,11,3,62,67,66,59,40,115,46,30,85,37,27,108,25,119,65,64,14,81,35,18,70,38,113,90,16,53,9,79,120,13,32,56,26,1,68,88,93,21,117,17,86,42,111,116,49,45,57,122,110,22,29,102,89,51,15,20,44,6,123,87,107,124,58,73,41,63,48,75,50,96,74,99,105,100,72,23,54,34,60,8,36,28,101,33,47,109,39,97,55,61,114,118,4,103,12 5228.0 73.57200000000002 29.0
60,57,13,8,25,96,29,100,52,109,113,2,74,122,106,40,124,108,30,103,118,35,98,17,33,37,58,15,70,5,21,24,47,46,18,87,45,39,99,89,53,31,49,115,42,86,20,36,43,34,114,68,101,32,80,6,84,59,71,94,23,111,48,65,95,119,92,44,4,112,78,19,54,27,51,66,121,75,77,69,76,82,117,97,7,63,79,85,16,90,28,110,64,3,0,41,12,26,107,56,38,61,91,73,50,72,10,104,14,67,22,81,120,93,9,83,11,105,123,1,55,88,102,116,62 5585.0 102.98500000000001 21.0
19,39,121,5,51,56,77,31,100,52,109,113,2,74,122,106,40,124,108,30,103,118,35,98,17,33,112,3,58,28,93,49,92,80,111,64,14,116,81,29,83,89,99,13,63,110,34,97,10,73,119,76,96,114,72,55,9,0,95,71,94,44,66,82,61,12,67,4,25,85,8,75,38,79,69,68,90,78,101,22,48,117,60,16,59,36,20,1,6,7,87,107,115,57,84,26,86,123,62,42,41,104,105,21,43,46,23,54,120,47,65,15,32,70,27,45,11,37,88,24,50,102,18,91,53 5327.0 92.02500000000002 24.0
74,84,77,72,61,103,2,56,18,53,25,51,4,91,47,57,33,37,117,35,55,115,96,54,64,71,99,39,0,41,90,116,118,78,10,119,45,97,83,95,81,11,9,114,106,108,86,20,70,43,60,88,104,80,46,5,94,120,113,24,112,26,1,68,38,93,85,58,107,105,100,109,23,48,49,89,36,69,19,13,7,16,29,73,87,92,110,44,82,22,3,31,124,32,52,98,121,75,40,50,65,28,34,122,6,21,62,59,17,30,12,15,42,123,27,8,111,67,63,76,79,102,101,66,14 5629.0 137.83599999999998 19.0
19,39,121,40,51,124,77,31,100,52,109,113,2,105,45,117,5,56,108,30,103,118,35,98,17,33,112,3,58,28,93,92,80,111,64,14,116,81,29,83,102,99,13,63,110,34,97,10,73,119,76,96,114,72,55,9,0,95,12,71,94,44,89,82,84,67,4,25,85,8,49,75,38,79,69,68,90,101,22,66,48,106,60,16,59,36,20,1,6,7,87,107,115,57,61,26,123,62,42,41,104,74,78,21,43,46,23,54,120,47,65,15,32,70,27,122,11,37,88,24,50,86,18,91,53 5701.0 97.751 21.0
93,63,105,29,22,20,42,104,39,26,123,111,71,80,91,83,10,48,52,115,2,28,59,24,35,77,7,56,11,3,62,100,66,98,82,64,14,9,81,55,103,102,99,13,49,92,34,97,65,57,16,88,31,68,36,46,5,79,120,113,32,112,108,1,74,38,19,121,101,17,33,86,69,95,116,85,124,94,122,110,51,84,8,89,118,25,119,44,6,106,87,107,30,73,61,90,109,40,75,41,96,67,78,21,43,72,23,54,0,60,47,15,12,70,27,45,58,37,76,114,50,117,18,4,53 5067.0 91.06599999999997 26.0
19,39,121,55,51,119,98,69,31,100,52,109,37,2,74,101,106,47,40,108,30,103,118,35,25,85,71,16,58,28,84,49,92,114,82,64,14,9,81,29,83,102,99,13,63,66,34,97,10,57,56,88,104,80,46,5,79,120,113,24,112,26,1,68,38,93,105,70,17,33,91,86,42,111,116,77,124,94,117,8,22,62,110,89,3,59,20,44,6,7,87,107,115,73,50,53,123,48,75,4,96,67,78,21,43,72,23,54,0,60,65,15,12,11,27,36,41,122,32,76,61,95,90,45,18 5350.0 91.69200000000001 22.0
60,57,13,8,58,96,20,100,52,109,86,2,15,122,106,6,124,108,30,36,118,35,17,98,25,85,33,74,77,64,5,91,42,66,28,94,83,80,79,104,88,81,116,82,101,113,29,103,43,34,114,68,47,32,99,40,84,59,71,45,23,111,48,65,95,119,92,44,4,112,78,19,54,27,51,18,121,75,70,69,76,115,117,97,7,63,89,37,16,90,87,110,21,3,0,41,12,26,107,56,38,61,24,73,50,72,10,53,14,67,22,31,120,93,9,39,11,105,123,1,55,46,102,49,62 5493.0 110.05 21.0
19,39,121,55,51,119,11,31,100,52,109,95,2,74,101,106,47,40,108,30,103,118,35,98,25,85,71,16,58,28,49,12,114,82,64,61,9,81,29,83,102,99,13,76,84,66,34,97,36,10,57,56,88,104,80,116,5,79,120,113,32,112,26,1,68,38,93,105,70,17,33,86,42,111,46,77,124,94,122,110,22,27,8,89,3,59,20,44,6,7,87,107,115,73,92,90,123,48,75,41,96,67,78,21,43,72,23,54,0,60,65,15,63,91,62,45,69,37,14,24,50,117,18,4,53 5226.0 117.678 21.0
19,39,121,55,51,119,69,31,100,52,109,95,2,74,101,106,47,40,108,30,103,118,35,98,25,85,71,16,58,28,49,12,114,82,64,61,9,81,29,83,102,99,13,76,66,34,97,36,10,57,56,88,104,80,116,5,79,120,113,32,112,26,1,68,38,93,105,70,17,33,86,42,111,46,77,124,84,94,122,110,22,27,8,89,3,59,20,6,7,87,45,24,73,60,90,15,48,75,41,96,67,78,44,21,43,72,23,65,14,0,54,123,92,4,117,107,11,37,63,115,50,62,18,91,53 5255.0 76.574 27.0
19,39,121,46,51,56,69,31,100,52,109,120,2,74,101,106,47,40,108,30,103,118,35,98,25,85,32,77,58,28,84,49,92,80,68,64,14,5,81,29,83,102,99,13,91,110,34,97,10,73,119,76,96,114,72,55,9,0,95,12,71,94,44,89,82,38,93,105,63,17,33,86,42,111,116,16,124,112,122,66,22,62,8,1,3,59,20,26,6,7,11,87,107,115,57,61,90,123,48,75,41,104,67,78,21,43,36,23,54,79,60,65,15,113,70,27,45,37,88,24,50,117,18,4,53 5376.0 111.147 21.0
19,39,121,5,51,56,77,31,100,52,109,113,2,74,122,106,40,124,108,30,103,118,35,11,17,33,112,3,58,28,93,49,92,80,111,14,116,81,29,83,102,99,13,63,110,34,97,10,73,119,76,96,114,72,55,9,0,95,12,71,94,44,89,82,84,67,4,25,85,8,64,75,38,79,69,68,90,101,22,66,48,117,60,16,59,36,20,1,54,7,87,107,115,57,61,26,123,62,42,41,104,105,78,21,43,46,23,6,120,47,65,15,32,70,27,45,98,37,88,24,50,86,18,91,53 5403.0 83.68 24.0
19,39,121,69,51,119,95,31,100,52,109,71,2,74,62,106,40,16,108,30,103,118,35,98,85,47,101,55,58,28,49,92,114,82,64,14,9,81,29,83,102,99,13,63,66,34,97,10,57,56,88,104,80,36,46,5,79,120,113,32,112,26,1,68,38,93,105,70,17,33,86,42,111,116,77,124,84,94,122,110,22,25,8,89,3,59,20,44,6,7,87,107,115,73,61,90,123,48,75,41,96,11,78,21,43,72,23,54,0,60,65,15,12,91,27,45,67,37,76,24,50,117,18,4,53 5243.0 87.46 27.0
19,39,121,5,51,56,77,31,100,52,109,113,2,74,122,106,40,124,108,30,103,118,35,98,17,33,112,3,58,28,84,49,92,114,116,82,64,14,9,81,29,83,102,99,13,63,66,34,97,10,57,96,88,104,80,36,46,55,79,120,95,32,71,26,1,68,38,93,105,91,25,85,86,42,111,69,47,94,101,110,22,62,8,27,89,16,59,20,44,6,7,87,107,115,73,61,90,123,48,75,41,119,67,78,21,43,72,23,54,0,60,65,15,12,70,45,11,37,76,24,50,117,18,4,53 5194.0 96.12999999999998 22.0
74,103,19,9,58,25,101,16,39,108,30,69,57,31,121,55,92,109,52,106,2,28,118,24,35,95,119,56,12,84,51,100,40,98,82,64,14,81,29,83,102,99,13,63,66,34,97,10,85,71,88,104,80,36,46,5,79,120,113,32,112,26,1,68,38,93,105,91,17,33,86,42,111,116,77,124,94,122,110,22,62,8,89,3,59,20,44,6,7,87,107,115,73,61,90,123,48,75,41,96,67,78,21,43,72,49,23,54,0,60,27,37,11,4,76,15,65,45,47,114,50,117,18,70,53 5380.0 85.265 24.0
19,39,121,55,51,119,69,31,100,52,109,95,2,74,101,106,47,40,108,30,103,118,35,98,25,85,71,16,58,28,84,49,92,114,82,64,14,9,81,29,83,102,99,13,63,66,34,97,10,57,56,88,104,116,80,36,46,5,79,120,113,32,112,26,1,68,38,93,105,91,17,33,86,42,111,77,124,94,122,110,22,62,8,89,3,59,20,44,6,7,87,107,115,73,61,90,123,48,75,41,96,67,78,21,43,72,23,54,0,60,65,15,12,70,27,45,11,37,76,24,50,117,18,4,53 5129.0 88.93599999999999 28.0
91,39,123,55,51,119,69,31,100,52,109,8,2,74,101,106,47,124,108,30,103,118,35,98,25,85,71,3,58,28,84,49,92,96,111,64,14,116,81,29,102,99,76,66,34,11,10,57,56,88,104,80,36,12,46,5,79,120,113,24,112,26,1,68,38,93,105,70,97,17,33,78,19,54,27,77,18,121,75,44,20,83,115,117,4,63,89,37,41,90,87,110,21,16,0,122,82,107,23,15,61,45,73,50,72,43,53,65,7,67,22,86,59,48,42,13,60,94,9,32,6,62,95,114,40 5268.0 71.28500000000001 25.0
19,39,121,5,51,56,77,31,100,52,109,113,2,74,122,106,40,124,108,30,103,118,35,11,17,33,112,3,58,28,93,49,92,80,111,14,116,81,29,83,102,99,13,63,110,34,97,10,73,119,76,96,114,72,55,9,0,95,12,71,64,98,94,44,89,82,84,67,4,25,85,8,75,38,79,69,68,90,101,22,66,48,117,60,16,59,36,20,1,6,7,87,107,115,57,61,26,123,62,42,41,104,105,78,21,43,46,23,54,120,47,65,15,32,70,27,45,37,88,24,50,86,18,91,53 5503.0 87.38000000000001 23.0
#
54,110,58,14,71,48,35,29,3,61,92,88,53,86,78,50,123,51,45,63,28,91,40,19,94,2,5,79,98,26,120,60,62,17,67,75,116,41,18,107,44,64,65,27,113,23,105,85,84,117,46,106,24,101,43,32,42,36,4,0,72,15,109,99,13,95,112,74,90,81,39,118,76,97,1,68,38,12,56,6,80,34,111,33,10,31,70,89,77,96,115,20,49,66,25,37,103,55,119,108,102,7,8,100,16,30,59,121,52,122,93,69,21,104,9,11,114,83,22,47,82,73,87,124,57 5663.0 102.71000000000002 20.0
0,28,15,69,98,51,54,22,76,61,94,32,6,36,116,79,87,2,78,82,102,1,84,93,117,77,23,44,35,4,14,101,26,10,95,58,40,106,90,100,20,113,39,13,92,114,33,68,11,88,30,8,91,65,107,110,109,71,121,97,3,48,103,31,74,50,52,80,7,46,42,59,53,47,60,108,17,19,12,56,37,104,24,119,122,118,18,89,99,96,73,85,25,43,72,21,34,111,66,70,67,112,63,41,49,75,57,9,115,5,124,38,83,86,120,27,105,62,16,64,45,29,55,123,81 5503.0 84.23400000000001 25.0
80,12,0,26,123,118,88,84,23,27,67,1,62,122,75,44,117,25,6,10,32,124,31,68,4,2,15,92,54,57,101,115,38,79,63,105,106,78,77,35,22,51,103,11,29,99,58,16,55,24,69,30,8,91,65,107,110,109,71,121,97,3,48,116,95,74,50,52,93,7,46,42,59,53,47,60,56,17,19,83,108,37,96,76,66,119,82,39,18,13,86,94,81,100,113,36,90,28,120,41,114,87,34,61,85,102,40,73,89,98,70,43,9,104,64,45,20,21,49,112,111,72,14,33,5 5578.0 85.99 23.0
64,2,91,12,5,65,22,94,117,100,47,20,19,102,1,27,28,14,80,78,3,120,57,79,83,25,69,54,104,116,123,18,59,61,51,31,122,109,74,88,82,11,53,26,98,17,105,111,0,4,113,46,106,24,101,43,32,42,36,84,35,72,15,77,99,13,95,112,39,90,81,52,87,97,30,34,60,8,76,114,103,71,68,56,10,40,70,89,41,96,115,23,49,66,63,33,55,50,119,108,37,7,38,6,85,92,75,93,9,121,124,48,107,86,58,67,21,62,16,73,45,118,44,110,29 5512.0 88.96799999999999 23.0
19,105,22,50,120,28,27,29,47,44,2,100,65,23,71,3,14,63,78,66,87,52,57,79,83,25,69,54,104,116,123,18,59,61,51,31,121,35,77,88,82,11,53,26,98,114,122,60,84,113,46,106,24,101,43,32,42,36,4,0,72,15,109,99,13,95,112,74,90,81,39,118,76,97,1,68,17,38,12,56,6,80,34,85,33,10,40,70,89,117,96,115,20,49,94,37,103,55,119,108,102,7,8,64,111,92,75,93,9,5,124,48,107,86,58,67,21,62,16,30,45,73,41,110,91 5291.0 79.41999999999999 28.0
52,2,57,110,5,65,22,25,63,100,47,123,19,102,41,27,28,14,71,78,3,120,44,83,37,69,54,86,116,23,18,59,61,51,77,103,35,84,88,8,11,53,26,114,31,122,60,98,113,46,115,106,24,101,43,32,96,42,117,4,0,72,15,109,99,13,95,112,74,90,81,39,118,76,97,1,68,17,38,12,56,6,80,34,111,33,10,40,70,89,36,55,20,49,94,105,66,50,119,108,79,7,82,58,85,92,75,93,9,121,124,48,107,104,64,67,21,62,16,30,45,73,91,87,29 5331.0 114.574 22.0
19,5,22,50,120,28,27,29,47,44,2,100,65,23,71,3,14,63,78,113,87,52,57,79,83,123,25,69,54,104,116,18,59,61,51,31,122,35,77,88,62,82,11,53,26,74,17,105,60,4,66,46,106,24,101,43,32,42,36,84,0,72,15,109,99,13,95,112,98,90,81,39,118,76,97,1,68,114,38,12,56,6,80,34,85,33,10,40,70,89,117,96,115,20,49,94,37,103,55,119,108,102,7,8,64,111,92,75,93,9,121,124,48,107,86,58,67,21,16,30,45,73,41,110,91 5203.0 86.71000000000001 26.0
32,63,81,18,116,74,106,42,45,100,17,79,48,2,112,14,23,104,99,51,59,16,41,54,52,98,13,15,3,22,69,47,40,124,58,95,35,83,123,62,4,26,113,10,86,117,33,11,88,30,8,91,65,107,110,109,71,121,97,36,78,105,66,87,50,122,57,73,0,77,39,118,27,1,68,114,38,12,56,6,80,34,111,28,84,53,70,89,29,96,76,115,20,49,94,37,103,55,119,108,102,7,72,64,85,92,75,93,9,5,60,43,67,82,44,31,19,46,24,101,61,21,120,25,90 5555.0 91.44999999999999 22.0
19,5,22,50,120,28,27,29,47,44,2,100,65,23,71,3,14,63,78,123,87,52,57,79,83,113,25,69,54,104,116,18,59,61,51,31,122,35,77,88,62,82,11,53,26,74,17,105,60,4,66,46,106,24,101,43,32,42,36,84,0,72,15,109,99,13,95,112,98,90,81,39,76,97,1,68,118,114,38,12,56,6,80,34,85,33,10,40,70,89,117,96,115,20,49,94,37,103,55,119,108,102,7,8,64,111,75,93,9,121,124,48,107,86,58,67,21,92,16,30,45,73,41,110,91 5247.0 104.32999999999998 25.0
19,5,22,50,120,28,27,29,47,44,2,100,65,23,71,3,14,63,78,113,87,52,57,79,83,25,69,54,104,116,123,18,59,61,51,31,122,35,77,88,8,11,53,26,98,114,105,60,84,66,46,106,24,101,43,32,42,117,4,72,15,109,99,13,95,112,74,90,81,39,118,76,97,1,68,17,38,12,56,6,80,34,111,33,10,40,70,0,89,36,55,115,20,49,94,37,103,96,119,108,102,7,82,64,85,92,75,93,9,121,124,48,107,86,58,67,21,62,16,30,45,73,41,110,91 5366.0 78.834 27.0
19,5,22,50,120,28,27,29,47,44,2,100,65,23,71,3,14,63,78,123,87,52,57,79,67,83,113,25,69,54,116,103,18,59,61,51,31,122,77,114,88,8,11,53,26,98,60,37,46,35,84,115,106,24,101,43,32,96,42,117,4,0,72,15,109,99,13,95,112,74,90,81,39,118,76,97,1,68,17,38,12,56,6,80,34,111,33,10,40,70,89,36,55,20,49,94,105,66,104,119,108,102,7,82,64,85,92,75,93,9,121,124,48,107,86,58,21,62,16,30,45,73,41,110,91 5361.0 95.43 23.0
19,5,22,50,120,88,27,116,47,44,122,100,65,23,26,52,36,58,81,70,15,3,16,72,2,77,94,74,49,105,123,67,28,114,115,118,83,92,29,59,14,60,38,71,17,62,61,0,35,20,103,1,101,24,43,32,42,117,4,85,79,87,109,99,13,95,112,54,90,78,39,31,76,97,106,68,98,53,12,56,6,80,34,66,111,33,10,40,84,113,89,46,96,51,69,104,25,37,55,119,108,102,7,8,64,11,82,75,93,9,121,124,48,107,86,63,18,21,57,30,45,73,41,110,91 5161.0 110.936 24.0
52,2,57,110,5,65,22,25,63,100,47,123,19,102,41,27,28,14,71,78,3,120,44,83,37,69,54,104,116,23,18,59,61,51,77,103,35,66,88,8,11,53,26,74,31,122,60,4,113,46,106,24,101,43,32,42,36,84,0,72,15,109,99,13,95,112,98,90,81,39,118,76,97,1,68,114,17,38,12,56,6,80,34,111,33,10,40,70,89,117,96,115,20,49,94,105,58,50,119,108,79,7,82,64,85,92,75,93,9,121,124,48,107,86,55,67,21,62,16,30,45,73,91,87,29 5695.0 88.84 21.0
52,2,57,110,5,65,22,25,63,100,47,55,14,69,102,86,78,89,123,64,20,68,28,118,77,19,37,56,32,116,23,18,59,61,113,8,103,35,66,88,83,11,53,26,114,31,122,27,73,51,46,106,24,101,43,104,42,36,84,0,98,72,15,109,99,13,95,112,74,3,81,39,44,76,97,1,90,17,38,12,54,6,80,34,111,33,10,40,70,16,117,96,115,60,49,94,105,50,119,108,79,7,82,71,92,75,93,9,121,124,48,107,41,58,67,21,62,120,30,45,85,4,91,87,29 5725.0 100.72 20.0
19,105,22,50,120,28,27,29,47,44,2,100,65,23,71,3,14,63,78,66,87,52,57,79,83,25,69,54,104,116,123,18,59,61,51,31,5,35,77,88,82,11,53,26,74,17,122,60,4,113,46,106,37,101,43,32,42,36,84,0,72,15,109,99,13,95,112,98,90,81,39,118,76,97,1,68,114,38,12,56,6,80,34,85,33,10,40,70,89,117,96,115,20,49,94,24,103,55,119,108,102,7,8,64,111,92,75,93,9,121,124,48,107,86,58,67,21,62,16,30,45,73,41,110,91 5326.0 82.988 26.0
19,105,22,50,120,28,27,29,47,44,2,100,65,23,71,3,14,63,78,66,87,52,57,79,83,25,69,54,104,116,123,18,59,61,51,31,121,35,77,88,82,11,53,26,98,114,122,60,84,113,46,106,24,101,43,32,42,36,4,0,72,15,109,99,13,95,112,74,90,81,39,118,76,97,1,68,17,38,12,56,6,80,34,111,33,10,40,70,89,117,96,115,20,94,37,103,55,119,108,102,7,8,64,85,92,75,93,49,9,5,124,48,107,86,58,67,21,62,16,30,45,73,41,110,91 5280.0 80.38 29.0
19,5,22,50,120,28,27,29,47,44,2,100,65,88,71,3,14,63,78,66,76,118,123,57,79,83,25,69,54,104,116,18,59,61,51,31,122,109,74,23,82,11,53,26,98,17,105,111,0,4,113,46,106,24,101,43,32,42,36,84,72,15,35,99,13,95,112,77,90,81,39,52,87,97,1,114,38,12,56,6,80,34,60,33,10,40,70,89,117,55,115,20,49,94,37,103,96,119,108,102,7,8,64,85,92,75,93,9,121,124,48,107,86,58,67,21,68,62,16,30,45,73,41,110,91 5577.0 107.01000000000002 19.0
19,5,22,50,120,28,36,27,29,47,44,2,100,65,23,3,14,63,78,113,87,52,57,79,83,25,69,54,104,116,123,18,59,61,51,31,122,35,77,88,82,11,74,53,26,98,17,105,111,0,4,71,46,106,24,43,101,32,42,84,118,72,15,109,99,13,95,112,39,90,81,76,66,97,1,68,114,38,12,56,6,80,34,85,33,10,40,70,89,117,96,115,20,49,94,37,103,55,119,108,102,7,8,64,60,92,75,93,9,121,124,48,107,86,58,67,21,62,16,30,45,73,41,110,91 5324.0 97.74000000000001 23.0
19,5,22,50,120,28,27,29,47,44,2,100,65,23,71,3,14,63,78,113,87,52,57,79,83,25,69,54,104,116,123,18,59,61,51,31,122,35,77,88,62,82,11,26,74,17,105,60,4,66,46,106,24,101,43,32,42,36,84,0,72,15,109,99,13,95,112,98,90,81,39,76,97,1,68,118,114,38,12,56,6,80,34,85,33,10,40,70,89,117,96,115,20,49,94,37,103,55,119,108,102,7,8,64,111,92,75,93,9,121,124,48,107,86,58,67,21,16,30,45,73,41,110,53,91 5276.0 84.54999999999997 24.0
19,5,22,50,120,28,27,29,47,44,2,100,65,23,71,3,14,63,78,66,76,118,57,79,83,25,69,54,104,116,123,18,59,61,51,31,122,109,74,88,82,11,53,26,98,17,105,111,0,4,113,46,106,24,101,43,32,42,36,84,72,15,35,99,13,95,112,77,90,81,52,87,97,1,68,114,38,12,39,56,6,80,34,60,33,10,40,70,89,117,55,115,20,49,37,103,96,119,108,102,7,8,64,85,92,75,93,9,121,124,48,107,86,58,67,21,62,16,30,45,73,41,110,94,91 5350.0 98.67999999999999 21.0
19,5,22,50,120,28,27,29,47,44,2,100,65,23,71,3,14,63,78,113,96,87,57,79,83,25,69,54,104,116,123,18,59,61,51,31,122,77,74,88,82,53,26,52,17,105,111,60,4,66,46,106,24,101,43,32,42,36,84,0,72,15,109,99,13,95,112,98,90,81,39,118,76,97,1,68,114,38,12,56,6,80,34,85,11,33,10,40,70,89,117,115,20,49,94,37,103,55,119,108,102,7,8,64,35,92,75,93,9,121,124,48,107,86,58,67,21,62,16,30,45,73,41,110,91 5403.0 90.196 23.0
19,5,22,50,120,28,27,29,47,44,2,100,65,23,71,3,14,63,78,113,87,52,57,79,83,25,69,54,104,116,123,18,59,61,51,31,122,35,77,88,8,11,53,26,98,114,105,60,84,66,46,106,24,101,43,32,42,117,4,72,15,109,99,13,95,112,0,74,90,81,39,118,76,97,1,68,17,38,12,56,6,80,34,85,33,10,40,70,89,36,96,115,20,49,94,37,103,55,119,108,102,7,82,64,111,92,75,93,9,121,124,48,107,86,58,67,21,62,16,30,45,73,41,110,91 5258.0 85.56000000000002 30.0
19,105,22,50,120,28,27,29,47,44,2,100,65,23,71,3,14,63,78,66,87,52,57,79,83,25,69,18,54,104,116,123,59,61,51,31,121,35,77,88,82,11,53,26,98,114,122,60,84,113,46,106,24,101,43,32,42,36,4,0,72,15,109,99,13,95,112,74,90,81,39,118,76,97,1,68,17,38,12,56,6,80,34,85,33,10,40,70,89,117,96,115,20,49,94,37,103,55,119,108,102,7,8,64,111,92,75,93,9,5,124,48,107,86,58,67,21,62,16,30,45,73,41,110,91 5263.0 80.502 32.0
19,5,22,50,120,28,27,29,47,44,2,100,65,23,71,58,3,14,63,78,66,39,118,57,79,83,25,69,54,116,123,18,59,61,51,31,122,109,74,88,82,11,53,26,98,17,105,111,0,4,113,46,106,24,101,43,32,42,36,84,72,15,35,99,13,95,112,77,90,81,52,87,97,1,68,114,38,12,56,6,80,34,60,33,10,40,70,89,117,55,115,20,85,96,49,94,37,103,76,119,108,102,7,8,64,104,92,75,93,9,121,124,48,107,86,67,21,62,16,30,45,73,41,110,91 5435.0 93.00999999999999 22.0
19,5,22,50,120,28,27,29,47,44,2,100,65,23,71,3,14,63,78,113,87,52,57,79,83,123,25,69,54,104,116,18,59,61,51,31,122,35,77,88,62,82,11,53,26,74,17,105,60,4,66,46,106,24,101,43,32,42,36,84,0,72,15,109,99,13,95,112,98,90,81,39,76,97,1,68,118,114,38,12,56,6,80,34,33,10,40,70,89,117,55,115,20,49,37,103,96,119,108,102,7,8,64,85,92,75,93,9,121,124,48,107,86,58,67,21,111,16,30,45,73,41,110,94,91 5199.0 87.31 26.0
19,5,22,50,120,28,27,29,47,44,2,100,65,23,71,3,14,63,78,66,76,118,57,79,83,25,69,54,104,116,123,18,59,61,51,31,122,109,74,88,82,11,53,26,98,17,105,111,0,4,113,46,106,24,101,43,32,42,36,84,72,15,35,99,13,95,112,77,90,97,52,87,81,1,68,114,38,12,39,56,6,80,34,60,85,33,10,40,70,89,117,96,115,20,49,94,37,103,55,119,108,102,7,8,64,62,92,75,93,9,121,124,48,107,86,58,67,21,16,30,45,73,41,110,91 5291.0 102.42999999999999 23.0
#
73,54,88,119,40,20,122,49,70,102,107,35,120,6,96,85,103,3,123,15,58,61,59,17,43,39,51,79,100,19,18,91,2,81,66,89,121,47,124,42,106,30,118,60,84,28,11,75,56,109,78,48,114,63,31,8,13,57,16,92,76,25,53,101,80,46,45,113,14,62,68,34,111,10,77,65,93,87,9,1,112,72,108,37,52,0,5,36,55,21,41,29,38,83,44,86,116,24,117,71,82,64,94,7,115,27,33,4,90,105,32,23,110,104,95,97,22,74,12,26,50,98,69,99,67 5301.0 80.54400000000001 29.0
43,59,60,106,24,49,70,39,0,45,116,9,7,57,18,21,105,23,3,123,15,58,41,40,30,120,63,79,4,55,73,83,47,107,51,94,121,28,74,75,71,91,27,117,33,25,11,122,67,118,52,89,10,110,88,99,6,113,95,17,2,76,84,53,101,80,78,61,56,104,62,68,34,111,48,77,65,93,87,103,1,85,20,31,42,8,54,98,22,69,37,114,5,119,109,29,44,35,86,90,115,100,108,38,124,92,50,81,46,16,13,14,66,64,36,12,19,102,82,97,32,112,26,72,96 5150.0 100.46000000000001 27.0
80,18,19,123,66,84,98,85,2,8,10,29,88,4,15,71,62,30,67,49,51,89,90,120,57,36,72,110,1,115,92,91,65,35,28,73,105,54,48,11,94,117,114,13,100,79,26,25,69,70,23,17,99,33,78,118,6,82,14,5,39,16,87,102,31,21,113,108,41,53,44,68,0,45,111,124,56,64,40,122,9,77,37,95,103,81,116,75,83,93,32,86,47,24,42,63,97,59,107,121,55,74,61,46,76,20,27,101,104,119,58,12,109,52,7,96,106,43,22,50,3,60,34,38,112 5238.0 95.76799999999999 26.0
80,18,19,123,66,84,98,85,35,58,95,94,114,4,20,62,86,109,90,49,51,89,67,120,57,36,72,110,1,115,92,91,65,33,2,44,113,101,42,22,28,117,21,87,0,79,26,25,69,70,23,17,99,16,108,118,6,29,14,5,39,10,13,112,68,102,54,105,31,27,73,34,78,8,111,74,55,88,56,93,122,46,82,75,106,97,41,48,9,11,37,60,32,116,3,61,104,40,100,24,38,63,7,77,47,103,50,83,53,76,119,12,30,107,124,121,64,59,45,43,81,52,96,15,71 5190.0 86.24999999999999 28.0
80,18,19,123,66,84,98,85,2,8,23,29,13,20,4,15,71,62,30,26,49,51,70,90,120,57,36,72,17,1,115,92,91,65,35,28,73,105,79,48,114,27,117,33,25,11,122,67,118,52,89,10,110,88,99,6,113,101,108,82,14,5,39,16,87,112,68,102,100,31,94,44,106,12,53,47,74,55,42,56,93,54,46,95,75,34,97,41,22,9,37,60,32,116,3,61,104,40,24,38,63,7,77,111,103,0,50,83,58,76,119,78,21,107,124,121,64,59,45,43,81,69,96,109,86 5324.0 78.29 26.0
80,18,19,123,66,84,98,85,2,8,10,29,88,4,20,71,37,109,90,49,51,89,67,120,57,36,72,110,1,115,92,91,65,113,42,44,93,101,111,22,56,117,114,87,100,79,26,25,69,70,23,17,99,16,108,118,6,94,14,5,39,95,13,112,68,102,54,105,31,27,73,34,78,58,35,50,28,61,64,33,122,77,15,45,103,81,116,75,62,48,30,86,124,24,38,40,47,32,9,59,107,83,21,55,74,12,46,76,63,7,119,104,0,121,11,41,3,96,53,43,97,52,106,82,60 5352.0 101.935 19.0
80,18,19,123,66,84,98,85,2,111,10,29,88,20,4,71,37,109,67,49,51,89,90,120,57,36,72,110,1,115,92,91,65,113,8,44,93,101,42,11,94,117,114,13,100,79,108,55,118,70,23,17,99,97,33,78,6,56,14,5,39,45,87,112,68,102,54,105,31,27,73,34,69,58,35,50,28,61,64,26,122,77,15,95,103,81,116,75,62,48,30,86,124,24,38,40,47,32,9,59,107,83,21,25,74,12,46,76,63,7,119,104,0,121,22,41,3,96,53,43,16,52,106,82,60 5264.0 105.145 21.0
80,18,19,123,66,84,98,85,2,8,95,29,21,4,23,88,37,109,90,49,51,89,67,120,57,36,72,110,1,115,92,91,65,113,42,44,93,101,111,22,56,103,114,87,100,79,108,55,118,70,20,17,99,97,33,78,6,94,14,5,39,45,13,112,68,102,54,105,31,27,73,34,69,58,35,50,28,12,64,26,122,86,77,62,117,52,116,60,16,40,59,63,10,47,121,38,32,124,82,107,83,9,25,74,61,46,76,15,7,24,104,119,96,0,11,41,3,48,53,43,75,71,106,30,81 5256.0 94.105 24.0
80,18,19,123,66,84,98,85,2,8,10,29,88,4,20,71,37,109,90,49,51,89,67,120,57,36,72,110,1,115,92,91,65,113,111,44,93,101,42,22,56,117,114,87,100,79,26,25,69,70,23,17,99,16,108,118,6,94,14,21,39,68,13,112,5,102,54,105,31,27,73,34,78,58,35,50,28,12,64,33,122,86,77,62,95,103,81,116,75,121,82,63,9,47,40,38,32,124,59,107,83,45,55,74,61,46,76,15,7,24,104,119,0,48,11,41,3,96,53,43,97,52,106,30,60 5379.0 92.45 20.0
80,18,19,123,66,84,98,85,2,8,10,29,88,4,20,71,37,109,90,49,51,89,67,120,57,36,72,110,1,115,92,91,65,113,111,44,93,101,42,11,56,117,114,87,100,79,26,6,12,70,50,17,99,33,108,118,55,94,14,5,39,95,13,112,68,102,54,105,31,27,73,34,78,58,35,23,28,69,64,45,122,86,77,62,16,103,81,116,75,121,82,63,9,119,47,40,38,32,124,59,107,83,21,25,74,61,46,76,15,7,24,104,0,48,22,41,3,96,53,43,97,52,106,30,60 5218.0 96.148 24.0
80,18,19,123,66,84,98,85,2,8,106,37,60,4,20,88,97,109,90,49,51,89,67,120,57,36,116,58,1,115,92,91,65,113,111,44,102,101,42,22,56,117,112,87,78,79,26,6,12,3,50,55,5,33,108,118,38,82,14,99,75,16,13,54,71,93,105,114,31,27,73,34,100,110,35,23,28,69,64,45,122,86,77,62,95,103,81,72,39,121,94,63,9,47,40,25,32,124,59,107,83,21,61,74,17,46,76,15,7,24,104,119,0,48,11,41,29,30,10,43,70,52,96,53,68 5155.0 109.685 24.0
80,18,19,123,66,84,98,29,2,8,10,85,88,4,20,71,37,109,90,49,51,89,67,120,57,36,72,110,1,115,92,91,65,113,111,44,93,101,42,22,56,117,15,87,100,79,26,25,69,70,23,17,99,16,108,118,6,94,14,5,39,45,13,112,68,102,54,114,105,31,27,73,34,78,58,35,50,28,12,64,33,122,86,77,62,95,103,81,116,75,121,82,63,9,47,40,38,32,124,59,107,83,21,55,74,61,46,76,7,24,119,53,30,106,0,48,104,96,41,43,60,97,52,3,11 5203.0 100.788 22.0
80,18,19,123,66,84,98,85,2,8,10,29,88,4,20,71,37,109,90,49,51,89,67,120,57,36,72,110,1,115,92,91,65,113,111,44,93,101,106,30,56,117,112,87,100,116,26,6,69,48,23,17,5,45,108,118,25,94,14,99,39,16,13,15,114,68,102,54,105,31,27,73,34,78,58,35,50,28,12,64,33,122,86,77,62,95,103,81,79,75,121,82,63,9,47,40,38,32,124,59,107,83,21,55,74,61,46,76,7,24,104,119,0,42,22,41,3,96,53,70,97,52,11,43,60 5508.0 91.08500000000002 20.0
80,18,19,123,66,84,98,85,2,111,10,29,88,4,20,71,30,109,67,49,51,89,90,120,57,36,72,110,1,115,92,91,65,113,8,44,93,101,42,11,94,117,114,13,100,79,108,55,118,70,23,17,99,97,33,78,6,56,14,5,39,15,87,112,54,68,102,105,47,31,27,103,106,12,53,74,25,58,64,26,122,46,95,75,34,16,41,22,9,48,37,60,32,116,38,63,73,59,107,121,28,50,61,77,76,62,7,40,104,119,0,82,21,124,45,24,3,96,35,43,81,52,69,83,86 5437.0 75.148 26.0
80,18,19,123,66,84,98,85,2,8,10,29,88,4,20,71,37,109,90,49,51,89,67,120,57,36,72,110,1,115,92,91,65,113,111,44,93,101,42,22,94,117,114,13,100,79,108,25,118,3,23,61,99,16,33,78,6,56,14,5,39,45,87,112,68,102,54,105,76,31,27,73,34,69,58,35,50,28,12,64,26,122,86,77,62,95,103,81,116,75,121,82,63,9,119,47,40,38,32,124,59,107,83,21,55,74,17,46,15,7,24,104,0,48,11,41,70,96,53,43,97,52,106,30,60 5314.0 80.41000000000001 25.0
80,18,19,123,66,84,98,85,2,8,10,29,88,4,20,71,37,109,90,49,51,89,67,120,57,36,72,110,1,115,92,91,65,113,42,44,93,101,111,22,56,117,114,87,100,79,26,25,69,16,23,17,99,70,108,118,6,94,14,5,39,116,13,112,68,102,54,105,31,27,73,34,78,58,35,50,28,61,64,33,122,77,15,95,103,81,45,75,62,48,30,86,124,24,38,40,47,32,9,59,107,83,21,55,74,12,46,76,63,7,119,104,0,121,11,41,3,96,53,43,97,52,106,82,60 5274.0 86.735 22.0
80,18,19,123,66,84,98,85,2,8,10,29,88,4,20,71,37,109,90,49,51,89,67,120,57,36,72,110,1,115,92,91,65,113,111,44,93,101,42,22,94,117,114,13,100,79,108,25,118,3,23,61,99,16,33,78,27,56,14,5,39,45,87,112,68,102,54,105,31,6,73,34,69,58,35,50,28,12,64,26,122,86,77,62,95,103,81,116,75,121,82,63,9,47,40,38,32,124,59,107,83,21,55,74,17,46,76,15,7,24,104,119,0,48,11,41,70,96,53,43,97,52,106,30,60 5299.0 83.81400000000002 21.0
80,18,19,123,66,84,98,85,35,58,95,94,114,4,82,62,86,109,90,49,51,89,67,120,57,36,72,110,1,115,92,91,65,33,2,44,113,101,42,22,28,117,21,87,0,79,26,25,69,70,23,17,99,16,108,118,6,29,14,5,39,10,13,112,68,102,54,105,31,27,73,34,78,8,111,50,56,12,64,45,122,37,77,71,93,103,81,116,75,121,30,63,9,47,40,38,32,124,59,107,83,88,74,61,46,76,7,48,104,119,55,24,100,15,11,41,3,96,53,43,97,52,106,20,60 5256.0 88.44000000000001 26.0
80,18,19,123,66,84,98,85,2,8,10,71,29,88,4,20,37,109,90,49,51,89,67,120,57,36,72,110,1,115,92,91,65,113,111,44,93,101,42,22,94,117,114,13,100,79,108,25,118,3,23,61,99,16,33,78,6,56,14,5,39,45,87,112,68,102,54,105,76,31,27,73,34,69,58,35,50,28,12,64,26,122,86,77,62,95,103,81,116,75,121,82,63,15,47,40,38,32,124,59,107,83,21,55,74,17,46,119,9,104,0,24,96,7,11,41,70,48,53,43,97,52,106,30,60 5283.0 83.328 23.0
80,18,19,123,66,84,98,85,2,8,10,29,88,4,20,71,37,109,90,49,51,89,67,120,57,36,72,110,1,115,92,91,65,113,111,44,55,93,101,42,11,94,117,114,87,100,79,12,25,54,70,23,17,99,16,108,118,6,56,14,5,39,95,13,112,68,102,105,31,27,73,34,69,58,35,50,28,61,64,26,122,33,77,45,103,81,116,75,62,48,30,86,124,24,38,63,47,32,107,121,74,78,46,76,9,7,40,104,119,0,82,21,59,22,41,3,96,53,15,43,97,52,106,83,60 5224.0 95.62100000000001 27.0
80,18,19,123,66,84,98,85,2,8,10,29,88,4,20,71,37,109,90,49,51,89,67,120,57,36,72,110,1,115,92,91,65,113,111,44,93,101,42,22,56,117,114,87,100,79,26,25,118,3,23,61,99,16,33,78,6,94,14,5,39,45,13,112,68,102,54,105,31,27,73,34,69,58,35,50,28,12,64,108,122,86,77,62,95,103,81,116,75,121,82,63,9,47,40,38,32,124,59,107,83,21,55,74,17,46,76,15,7,24,104,119,0,48,11,41,70,96,53,43,97,52,106,30,60 5358.0 95.33200000000001 20.0
#
120,82,57,114,92,31,109,88,78,117,4,46,118,24,124,75,30,77,27,61,97,19,2,122,87,59,66,44,103,39,17,28,26,12,51,50,84,9,15,115,76,68,80,16,108,101,5,6,20,72,32,41,112,107,64,23,36,33,53,11,104,90,45,110,86,43,37,7,105,116,113,21,55,54,73,71,38,34,96,111,81,100,13,49,79,10,35,89,60,98,106,85,83,99,93,0,52,94,91,3,123,18,69,25,70,74,1,67,42,8,65,56,14,22,47,119,63,48,29,62,121,58,40,95,102 5332.0 85.38 25.0
111,35,99,100,2,39,91,45,93,107,120,21,123,31,7,82,92,76,87,97,32,61,95,23,30,3,69,101,14,55,41,18,84,28,52,112,9,42,37,43,60,121,5,12,96,27,124,81,90,47,116,85,19,1,34,94,77,46,44,106,86,104,105,48,10,51,119,108,17,117,13,67,57,11,75,68,71,64,53,118,73,50,38,8,83,115,110,65,63,98,16,40,58,74,15,88,59,72,79,4,103,22,114,0,20,29,25,36,102,24,62,109,6,122,49,80,89,54,113,70,26,78,33,56,66 5602.0 78.37 25.0
0,62,50,45,86,38,47,77,111,15,52,59,2,28,122,5,97,120,39,100,90,29,9,34,3,56,37,1,124,18,85,30,91,6,61,99,25,54,92,46,102,112,35,82,19,81,7,31,107,49,69,21,121,24,106,41,94,33,87,70,113,43,88,48,10,51,119,108,17,117,13,67,57,11,75,68,71,64,80,84,73,8,26,104,60,115,103,96,4,78,12,109,110,63,74,79,20,101,14,44,42,118,32,66,95,89,36,105,40,72,16,114,58,93,83,27,55,76,98,65,123,23,116,53,22 5395.0 79.86800000000001 24.0
105,101,84,104,80,95,71,77,89,96,16,117,118,2,51,30,111,97,108,39,83,74,79,34,24,86,37,1,9,11,21,8,91,119,61,20,25,54,27,46,62,43,38,82,10,0,112,31,107,76,58,65,50,52,15,41,94,115,87,70,113,57,45,102,19,68,64,63,67,28,85,121,47,60,40,99,55,18,69,59,73,120,26,122,100,75,103,81,4,78,12,109,110,90,6,49,5,7,14,44,42,88,32,66,106,13,36,17,29,72,124,114,3,93,92,56,33,35,98,48,123,23,116,53,22 5292.0 112.132 20.0
0,115,31,1,113,2,90,85,25,56,11,72,28,107,66,33,48,20,60,121,111,87,92,84,30,3,118,13,82,50,27,34,53,122,42,37,120,95,39,7,99,43,36,79,65,75,69,19,73,29,89,98,105,6,101,97,41,102,76,88,47,46,106,70,112,78,114,17,108,51,71,104,100,67,116,14,21,80,15,94,93,91,81,109,62,18,58,35,57,44,24,124,117,45,26,32,22,16,54,4,49,83,52,40,123,119,86,77,5,74,10,55,12,96,8,23,63,59,9,38,110,61,64,103,68 5520.0 87.75500000000001 22.0
42,115,3,89,43,112,71,68,14,124,111,26,50,84,91,48,38,15,93,90,102,64,105,56,17,28,10,45,0,86,101,44,4,22,33,61,99,40,54,46,32,25,29,113,27,107,97,108,47,88,69,24,1,59,55,77,106,2,36,76,18,78,116,30,92,58,123,9,7,60,110,85,98,117,122,79,94,103,13,21,104,19,75,80,41,67,5,57,12,53,35,109,96,62,49,74,52,70,65,87,95,34,11,16,72,119,114,20,118,73,100,63,6,37,39,66,8,51,82,120,83,81,23,31,121 5361.0 81.72600000000001 23.0
105,101,84,104,80,95,32,77,89,96,16,117,66,2,51,30,111,97,108,39,83,74,79,34,24,86,49,29,9,11,114,8,91,44,88,20,25,54,27,46,62,43,38,82,10,0,14,72,107,76,58,65,50,52,15,41,94,115,87,70,113,3,45,102,19,68,64,63,124,28,5,121,47,60,40,99,55,13,69,59,73,36,26,122,100,75,103,81,4,78,12,109,110,42,6,37,85,67,112,119,90,61,71,118,106,18,120,93,1,31,7,21,57,17,92,56,33,35,98,48,123,23,116,53,22 5167.0 96.00000000000001 24.0
105,101,84,104,80,95,71,77,89,96,16,117,118,2,51,30,111,97,108,39,83,74,79,34,24,86,37,1,9,11,21,8,91,119,61,27,67,54,52,46,48,40,38,82,10,0,112,31,107,76,58,65,50,20,15,41,94,115,87,70,113,57,45,102,19,68,64,63,25,28,85,121,47,60,43,99,55,18,69,59,73,120,26,122,100,75,103,81,4,78,12,109,110,90,6,49,5,7,14,44,42,88,32,66,106,13,36,17,29,72,124,114,3,93,92,56,33,35,98,62,123,23,116,53,22 5126.0 103.65399999999998 21.0
105,101,84,104,80,95,71,77,89,96,16,117,118,2,51,30,111,97,15,39,83,74,79,34,24,48,37,112,9,11,45,0,19,25,115,67,21,92,73,55,8,114,38,42,78,27,1,41,124,13,94,102,58,54,108,14,63,119,40,66,81,109,86,28,91,68,64,50,61,65,85,121,47,60,43,99,46,18,69,59,52,120,26,122,100,75,103,113,4,10,12,57,110,90,6,49,5,7,31,44,82,88,32,70,106,76,36,17,29,72,107,87,3,93,20,56,33,35,98,62,123,23,116,53,22 5417.0 77.43 26.0
105,101,84,104,80,95,71,77,89,96,16,117,118,2,51,30,111,97,15,39,83,90,29,34,49,74,56,76,6,37,45,0,19,25,115,67,21,92,73,55,8,114,38,42,78,27,1,41,124,13,94,102,58,54,108,14,63,119,40,66,81,109,86,28,91,68,64,50,61,65,85,121,47,60,43,99,46,18,69,59,52,120,26,122,100,75,103,113,4,10,12,57,110,48,9,24,5,7,31,44,82,88,32,70,106,112,36,17,79,72,107,87,3,93,20,11,33,35,98,62,123,23,116,53,22 5310.0 89.21000000000001 24.0
105,101,84,104,80,95,71,14,20,96,16,117,118,2,51,30,111,112,31,39,83,74,79,34,24,86,37,1,9,11,21,8,91,119,61,89,52,7,60,46,32,25,29,113,27,107,97,108,47,88,69,65,50,54,15,41,94,115,87,70,82,57,5,102,19,68,64,63,67,28,85,121,0,10,40,42,55,18,58,59,73,120,26,122,100,75,103,81,4,78,12,109,110,90,6,49,45,43,77,3,99,92,62,66,106,13,36,17,38,72,124,114,44,93,76,56,33,35,98,48,123,23,116,53,22 5466.0 79.82199999999999 25.0
105,101,84,104,80,95,71,15,20,96,16,117,118,2,51,30,111,112,31,39,83,74,79,34,24,5,37,97,9,11,21,8,19,115,61,89,52,7,60,46,32,25,29,113,107,27,1,41,124,13,94,102,58,54,108,14,63,119,40,66,81,109,86,65,91,68,64,69,67,28,85,121,0,10,87,42,55,18,50,59,73,120,26,122,100,75,103,82,4,110,12,57,90,6,49,45,43,77,3,99,92,62,70,106,88,36,17,38,72,47,114,44,93,76,56,33,35,98,48,123,23,116,53,22,78 5556.0 93.08 19.0
105,101,84,104,80,95,71,77,89,96,16,117,118,2,51,30,111,97,108,39,83,74,79,34,24,86,37,1,9,11,21,8,91,119,61,27,67,54,52,46,90,40,38,82,10,0,112,31,107,76,58,65,50,20,15,41,94,115,87,70,113,57,45,102,29,68,64,63,25,28,85,121,47,60,43,99,55,18,69,59,73,120,26,122,100,75,103,81,4,78,12,109,110,48,6,49,5,7,14,44,42,88,32,66,106,13,36,17,19,72,124,114,3,93,92,56,33,35,98,62,123,23,116,53,22 5355.0 89.78999999999999 21.0
105,101,84,104,80,95,71,14,20,96,16,117,118,2,51,30,111,112,31,39,83,74,79,34,24,86,37,1,9,11,21,8,91,119,61,89,52,7,60,46,32,25,29,113,27,26,97,108,0,88,69,65,50,54,15,41,94,115,87,70,82,57,5,102,19,68,64,63,67,28,85,121,47,10,40,42,55,18,58,59,73,120,107,122,100,75,103,81,4,78,12,109,110,90,6,49,45,43,77,3,99,92,62,66,106,13,36,17,38,72,124,114,44,93,76,56,33,35,98,48,123,23,116,53,22 5258.0 93.77999999999999 22.0
105,101,84,104,80,95,71,77,89,96,16,117,118,2,51,30,111,106,108,39,83,74,79,34,24,86,37,1,9,11,21,8,91,119,61,20,25,54,27,46,62,43,38,82,10,0,112,31,107,76,58,65,50,5,15,41,94,115,87,70,113,57,45,28,19,68,64,63,90,102,85,121,47,60,114,99,55,18,69,59,92,120,26,7,100,75,103,81,4,78,12,109,110,48,6,49,52,14,122,44,42,88,32,66,97,13,36,17,29,72,124,40,3,93,67,56,33,35,98,73,123,23,116,53,22 5250.0 78.03 27.0
#
27,94,34,76,87,8,67,12,39,11,74,63,0,109,108,1,72,22,20,35,97,55,107,112,53,82,73,42,91,95,60,16,65,114,26,80,99,58,93,110,85,68,46,119,101,113,124,75,104,49,116,21,83,56,36,117,4,14,13,5,10,30,71,84,120,89,47,6,32,37,69,100,102,77,31,43,2,79,54,28,86,90,29,106,88,38,118,103,59,78,17,18,115,122,44,15,51,50,111,81,57,19,98,40,3,105,52,33,121,23,48,61,9,123,92,64,96,7,25,24,70,45,66,62,41 5319.0 91.94000000000001 24.0
54,99,40,79,82,89,7,76,69,70,53,9,51,57,21,93,27,20,13,38,122,72,77,107,8,28,75,26,115,23,42,103,0,41,11,112,123,14,18,61,84,64,106,86,63,109,87,35,12,31,3,88,25,83,116,44,50,48,124,117,105,47,46,24,19,104,10,67,65,33,5,4,78,2,45,29,96,119,36,98,73,30,95,55,91,6,15,43,56,52,110,32,102,66,108,81,97,120,92,100,71,59,90,39,1,101,17,68,80,111,62,34,22,121,16,37,114,94,58,85,60,49,113,118,74 5372.0 108.952 23.0
103,117,96,67,27,7,49,72,118,19,32,31,40,76,53,0,57,58,15,45,14,47,52,70,4,3,93,86,124,54,78,120,37,109,24,41,83,105,82,108,17,42,36,18,69,48,10,101,114,77,21,30,23,50,121,29,34,33,110,87,65,88,85,119,38,95,97,9,73,56,55,111,122,39,44,59,92,5,100,115,28,20,2,80,66,8,123,99,113,91,98,107,89,60,81,79,94,90,11,16,62,46,6,104,13,106,61,26,64,84,1,102,25,63,71,75,51,112,74,116,22,35,43,12,68 5520.0 82.35000000000001 25.0
58,78,3,29,11,45,15,101,103,105,55,0,31,2,121,40,52,87,114,97,73,24,65,46,67,116,110,75,100,62,63,95,86,118,12,83,16,81,85,38,117,64,96,41,54,42,70,5,115,34,84,18,92,19,76,21,47,56,98,79,13,108,123,32,50,7,23,37,17,80,94,35,14,43,120,27,99,107,6,113,61,53,60,10,48,57,82,8,109,4,39,36,33,59,119,111,90,68,72,9,30,93,104,88,106,20,25,26,74,28,1,102,77,122,71,91,51,112,89,44,22,124,69,49,66 5360.0 133.72400000000002 22.0
119,54,96,110,113,26,120,95,43,51,6,77,42,89,65,1,62,41,72,76,38,24,93,73,34,10,63,11,30,98,67,28,32,83,36,16,78,104,18,121,84,64,92,80,2,81,105,75,101,70,116,29,19,99,117,55,79,88,85,56,14,114,86,100,9,46,23,57,35,60,106,103,0,39,58,59,20,5,8,37,102,44,118,123,124,97,49,115,33,50,107,3,111,66,112,21,94,82,91,108,109,122,90,25,47,22,87,7,53,45,69,52,68,48,4,15,40,71,74,13,27,17,61,12,31 5682.0 79.38000000000001 22.0
40,27,76,22,13,30,87,100,15,88,86,50,121,53,83,35,7,85,113,81,34,69,116,21,89,58,10,12,44,70,61,71,11,4,101,51,93,104,43,114,59,79,62,23,64,82,54,68,1,6,49,122,97,96,94,124,37,112,109,103,80,16,111,66,42,115,78,123,108,28,17,67,120,118,0,41,84,98,73,74,8,55,117,110,102,106,29,20,39,24,91,2,57,77,38,92,19,26,36,99,52,119,63,5,107,72,46,45,95,65,75,25,33,47,9,105,56,48,60,32,90,18,31,14,3 5297.0 113.133 23.0
108,117,40,7,118,90,119,114,101,22,39,17,86,106,8,121,94,31,12,14,112,98,68,16,36,95,6,74,124,104,5,65,85,57,105,51,46,38,19,102,62,110,92,11,3,81,87,35,45,84,1,88,25,83,116,44,50,48,113,59,80,15,89,60,97,70,24,67,37,122,27,123,71,82,26,96,91,58,20,56,10,43,55,47,79,4,2,107,93,53,100,115,52,23,54,103,32,99,77,66,13,29,109,42,28,30,0,73,63,21,33,18,34,61,75,72,69,76,49,120,64,41,9,78,111 5458.0 77.07600000000001 30.0
0,119,74,55,29,30,87,124,31,116,9,13,121,17,62,35,103,67,115,40,22,79,8,21,28,78,48,6,81,83,12,37,71,73,89,59,16,61,85,120,52,117,64,113,82,93,7,70,76,69,34,101,20,39,43,15,57,5,110,38,68,46,92,100,63,86,42,32,11,54,60,24,75,10,105,98,50,65,53,84,102,44,118,36,80,97,49,112,18,99,107,3,111,66,19,56,94,2,91,108,109,122,96,33,58,45,77,47,26,41,95,14,25,4,1,51,104,72,27,106,90,123,88,23,114 5343.0 86.84800000000001 31.0
45,114,104,47,90,119,49,51,86,99,84,5,66,50,7,98,54,94,24,2,12,6,29,28,124,108,26,71,67,100,72,55,46,87,3,83,16,81,80,76,20,117,17,63,88,30,23,42,89,33,1,113,70,62,107,38,77,34,115,110,91,21,96,14,27,120,121,53,73,43,61,13,122,93,18,92,15,95,44,25,75,85,111,60,10,48,57,82,8,102,4,36,22,40,64,9,11,0,69,97,39,59,109,56,103,79,106,123,58,31,65,32,112,19,101,105,78,118,74,35,37,52,41,68,116 5452.0 83.03500000000001 24.0
68,23,77,49,107,53,115,66,118,16,64,18,34,112,36,28,8,39,69,63,94,40,119,22,95,75,6,74,124,104,83,65,85,57,105,51,46,38,19,102,62,110,92,11,3,81,44,113,45,31,25,35,108,5,7,87,30,48,88,41,80,15,89,60,97,70,24,67,37,122,27,123,71,82,26,96,91,58,20,56,10,43,55,47,79,4,2,111,21,114,1,54,72,117,103,106,13,78,100,101,116,32,76,42,12,50,0,86,59,17,33,93,98,61,29,120,109,121,52,84,73,9,14,99,90 5348.0 81.16099999999999 28.0
103,117,96,67,27,7,49,72,118,19,32,31,40,76,53,0,57,58,15,45,14,47,52,70,4,3,93,86,124,54,78,37,109,24,120,41,83,105,82,108,17,42,36,18,69,48,92,101,114,77,21,113,23,50,107,38,34,33,110,87,65,88,85,119,29,5,97,9,73,56,55,111,122,84,6,16,10,95,100,115,28,20,2,80,66,8,123,99,30,25,98,121,89,60,81,79,94,90,11,59,62,46,44,104,13,106,61,26,64,39,1,102,91,63,71,75,51,112,74,116,22,35,43,12,68 5550.0 79.25 25.0
108,117,85,7,118,95,119,114,101,22,39,23,51,57,21,93,27,112,13,38,122,72,77,107,89,90,8,71,58,2,9,104,103,40,48,55,20,30,29,62,66,3,106,64,79,41,54,42,70,12,31,84,88,25,83,116,44,50,63,113,59,80,15,36,60,97,35,24,67,37,1,94,123,82,46,96,91,74,86,56,10,43,105,47,11,4,124,16,121,53,100,115,52,17,81,65,32,99,68,102,45,14,109,87,28,26,0,73,110,6,33,18,34,61,75,98,69,76,49,120,92,19,5,78,111 5493.0 103.86000000000001 22.0
103,117,96,67,27,7,49,1,118,19,94,31,40,76,53,0,57,58,15,45,14,47,52,70,4,3,93,86,124,54,78,102,37,6,24,41,83,105,82,79,62,61,36,18,69,48,10,101,114,11,21,30,23,50,121,46,34,33,110,87,65,88,85,119,38,95,97,26,73,56,55,111,122,39,44,104,92,5,100,115,28,20,2,80,16,8,123,90,81,91,64,107,89,60,113,108,32,99,77,66,13,29,109,59,84,42,106,9,98,17,72,120,25,63,71,75,51,112,74,116,22,35,43,12,68 5712.0 93.24 20.0
103,117,96,67,27,7,49,72,118,19,32,31,40,76,53,0,57,58,98,45,14,47,52,70,4,3,93,86,124,54,78,37,109,24,120,41,83,105,82,108,17,42,36,18,69,48,123,101,114,77,21,113,23,50,107,38,34,33,25,87,65,88,85,119,29,5,97,9,73,56,55,99,122,84,6,16,10,30,100,115,28,20,2,80,66,8,92,111,95,110,15,43,121,62,81,79,94,90,11,59,60,46,44,104,13,106,61,26,64,39,1,102,91,63,71,75,51,112,74,116,22,35,89,12,68 5402.0 107.52900000000002 21.0
119,54,96,110,46,26,120,95,43,51,6,77,103,89,65,1,62,41,72,76,38,57,93,73,88,10,63,11,117,98,67,28,32,79,36,16,78,14,18,121,84,64,92,80,2,81,100,114,101,68,19,52,112,59,30,48,83,34,70,21,104,75,86,105,40,113,4,24,17,42,29,60,0,39,58,20,5,8,37,102,44,118,123,124,97,49,115,33,50,107,3,99,111,66,116,56,94,82,91,108,109,122,90,25,47,22,87,7,53,45,69,106,85,55,23,15,9,71,74,13,27,35,61,12,31 5501.0 95.44500000000001 21.0
117,33,121,116,12,111,86,90,118,16,64,18,74,112,36,28,42,8,39,69,63,94,40,119,22,95,75,27,48,124,104,83,65,85,57,105,51,46,38,19,29,62,110,11,92,80,2,81,54,45,31,25,35,103,5,7,87,30,34,88,41,13,15,89,60,97,70,24,67,37,122,6,123,71,82,26,96,91,58,20,56,10,43,55,47,79,4,44,107,93,53,100,115,52,23,113,108,32,99,77,66,3,102,109,59,84,106,9,98,17,72,120,101,73,68,49,14,1,0,61,21,76,50,78,114 5151.0 92.066 27.0
103,117,96,67,27,7,75,72,118,19,32,31,40,76,53,0,57,58,22,45,14,47,52,70,4,3,51,86,124,54,78,120,35,109,24,63,83,105,82,108,17,42,36,18,69,48,10,101,114,77,21,30,23,43,121,29,34,33,110,87,65,88,85,119,38,95,97,9,73,56,55,111,122,39,44,59,92,5,100,115,28,12,2,80,66,8,102,99,112,91,98,107,89,60,81,79,94,90,11,16,62,46,6,104,13,106,116,74,64,84,123,71,41,68,49,93,113,1,26,61,15,37,50,20,25 5489.0 85.28000000000002 23.0
119,54,96,110,75,26,120,95,99,51,6,77,42,89,65,29,62,24,72,76,38,41,93,73,34,117,63,11,30,98,19,28,32,83,36,16,78,104,18,79,70,64,92,80,31,81,87,113,45,84,1,67,43,10,109,121,14,48,56,88,114,86,100,9,46,23,57,35,60,106,103,0,39,58,59,20,5,8,37,102,44,118,123,124,97,49,115,33,50,107,3,111,66,112,21,94,116,82,91,108,55,122,90,25,47,22,105,7,53,101,69,52,68,85,4,15,40,71,74,13,27,17,61,12,2 5423.0 104.06400000000002 21.0
6,16,44,52,42,74,96,26,120,17,57,0,90,111,122,104,61,41,65,27,73,34,23,78,67,49,110,93,87,114,21,99,10,2,13,59,112,123,70,118,25,85,92,82,47,54,22,32,101,62,58,3,18,36,83,69,40,116,109,103,80,14,55,19,113,43,46,84,35,11,71,38,76,72,5,29,4,98,106,81,24,48,75,97,89,12,15,51,117,91,119,50,79,53,105,102,7,1,33,88,66,64,56,60,28,39,94,100,77,108,45,124,115,37,8,95,68,9,63,20,31,121,86,30,107 5247.0 86.95000000000002 29.0
54,99,111,79,115,17,22,76,37,0,24,94,51,57,84,93,27,20,13,104,122,72,77,16,8,12,75,1,106,23,14,101,113,107,3,39,109,53,18,121,73,64,92,11,80,2,81,100,114,58,68,119,52,112,50,30,48,83,34,70,110,88,86,116,124,38,10,67,65,33,5,36,4,45,90,43,87,69,6,28,89,118,91,78,63,56,31,42,55,47,96,85,95,59,44,15,35,71,26,21,25,98,40,32,105,102,108,46,82,60,120,61,9,123,103,19,117,7,49,74,29,97,66,62,41 5466.0 106.42800000000003 20.0
27,87,63,6,44,97,106,76,59,15,60,9,21,22,85,104,13,98,109,117,93,5,33,77,102,24,1,4,46,56,43,103,32,79,36,16,78,25,18,121,73,64,92,80,2,81,100,114,58,68,19,52,112,50,30,48,83,34,70,110,88,86,116,124,38,62,95,8,14,90,111,120,101,57,0,66,84,51,107,39,7,67,118,89,113,40,49,20,123,99,53,3,74,37,65,71,94,82,91,108,61,122,96,69,12,45,28,47,26,41,42,75,55,35,11,115,119,17,105,10,29,72,54,31,23 5405.0 85.96799999999999 25.0
117,33,121,116,12,111,86,90,118,16,64,18,74,112,36,28,42,8,39,69,63,94,40,119,22,95,75,27,48,124,104,87,65,85,57,105,51,46,38,19,102,62,41,11,92,80,2,81,54,45,31,25,35,103,5,7,83,34,70,110,88,3,15,89,60,97,30,24,67,37,122,6,123,71,82,26,96,91,58,20,56,10,43,55,47,79,4,44,107,93,53,100,115,52,23,113,108,32,99,77,66,13,29,109,59,84,106,9,98,17,72,120,101,73,68,49,14,1,0,61,21,76,50,78,114 5336.0 90.91999999999999 24.0
103,117,96,67,27,7,49,72,118,19,32,31,40,76,53,0,57,58,15,45,14,47,52,70,4,3,93,86,124,54,78,120,37,109,24,41,83,105,82,108,17,42,36,18,69,48,10,101,115,77,21,28,23,50,121,29,34,33,110,87,65,88,85,119,38,92,97,9,73,56,55,111,89,84,6,16,95,35,98,114,30,64,2,80,66,8,123,99,113,91,100,107,122,60,81,79,94,90,11,59,62,46,44,104,13,106,61,26,20,39,1,102,25,63,71,75,51,112,74,116,22,5,43,12,68 5516.0 84.038 22.0
117,33,121,116,12,111,86,90,118,16,64,18,74,112,36,28,42,8,39,69,63,94,40,119,22,95,75,27,48,124,104,83,65,85,57,105,51,46,38,19,102,62,110,11,92,80,2,81,54,45,31,25,35,103,5,7,87,30,34,88,41,3,15,89,60,97,70,24,67,37,122,6,123,109,71,82,26,96,91,58,20,56,10,43,55,47,79,4,44,107,93,53,100,115,52,23,113,108,32,99,77,66,13,29,59,84,106,9,98,17,72,120,101,73,68,49,14,1,0,61,21,76,50,78,114 5141.0 97.914 26.0
103,117,96,67,27,7,49,72,118,19,32,31,40,76,53,0,57,58,15,45,14,47,52,70,4,3,93,86,124,54,78,120,37,109,24,41,83,105,82,108,17,42,36,18,69,48,10,101,115,77,21,28,23,50,121,29,34,33,110,87,65,88,85,119,38,92,97,9,73,56,55,111,89,84,6,16,95,35,98,114,30,64,2,80,66,8,123,99,113,91,100,107,122,60,81,79,94,90,11,59,62,46,44,104,13,106,61,26,12,39,102,71,63,68,75,51,112,1,74,116,22,5,43,20,25 5510.0 85.438 22.0
117,33,121,116,12,111,86,90,118,16,64,18,74,112,36,28,8,39,69,63,94,40,119,22,95,75,27,48,124,104,83,65,85,57,105,51,46,38,19,102,62,110,92,11,2,81,100,54,45,31,25,35,103,5,7,87,80,30,34,88,41,3,15,89,60,97,70,24,67,37,122,6,123,109,71,82,26,96,91,58,20,56,10,43,55,47,79,4,44,107,93,115,52,23,113,108,32,99,77,66,13,29,53,59,84,42,106,9,98,17,72,120,101,73,68,49,14,1,0,61,21,76,50,78,114 5292.0 91.514 26.0
54,99,40,46,51,19,37,76,59,15,62,9,81,22,96,104,13,98,71,93,39,33,77,102,24,1,4,124,117,90,43,103,8,79,36,75,120,83,18,121,116,73,92,47,123,44,85,2,61,45,48,112,56,119,100,55,84,108,30,111,38,115,42,109,86,10,23,35,28,106,27,50,58,64,3,60,110,21,94,91,80,12,118,88,41,26,122,78,70,34,6,97,16,20,65,74,25,17,82,101,52,0,72,63,5,29,32,114,95,14,68,57,113,87,49,105,67,89,107,69,66,53,7,11,31 5250.0 124.85000000000001 25.0
27,110,63,6,44,97,106,76,59,15,60,9,21,22,85,104,13,98,109,93,5,33,77,102,24,1,4,46,117,56,43,103,32,79,36,16,78,69,18,121,73,64,92,80,2,81,100,114,58,68,19,52,112,50,30,48,83,42,41,87,88,86,116,124,38,62,95,8,14,90,111,120,101,57,0,66,84,51,107,39,7,67,118,89,113,40,49,20,123,99,53,3,74,37,65,71,94,82,91,108,61,122,96,25,12,45,28,47,26,70,34,75,55,35,11,115,119,17,105,10,29,72,54,31,23 5293.0 95.08000000000001 24.0
108,117,85,7,118,95,119,114,101,22,39,23,51,57,21,93,27,112,13,38,122,72,77,107,89,90,8,71,58,2,9,104,103,40,48,55,20,30,29,62,66,3,106,64,79,41,54,42,70,12,31,84,88,25,83,116,44,50,63,113,59,80,15,36,60,97,35,24,67,37,1,94,123,82,46,96,91,87,74,86,56,10,43,105,47,11,4,124,16,121,53,100,115,52,17,81,65,32,99,68,102,45,14,109,28,26,0,73,110,6,33,18,34,61,75,98,69,76,49,120,92,19,5,78,111 5499.0 100.915 21.0
103,117,111,79,115,17,22,76,37,0,24,94,51,57,84,93,27,20,13,104,122,72,77,16,8,12,75,1,106,23,14,101,113,107,11,3,39,109,53,18,121,73,64,92,80,2,81,100,47,52,21,28,50,7,29,34,33,110,87,65,88,54,85,119,38,108,97,9,42,56,55,96,89,82,6,70,95,35,98,114,30,36,48,69,66,4,123,99,118,91,120,105,78,60,10,67,31,90,32,59,62,46,44,45,15,19,61,26,41,83,102,71,63,68,86,40,112,124,74,116,49,5,43,58,25 5663.0 81.90400000000001 22.0
54,120,40,82,39,15,7,76,106,79,12,47,17,20,0,109,22,35,108,1,46,41,93,73,85,23,9,11,60,71,98,57,50,32,114,103,16,123,104,18,121,84,64,92,80,49,81,105,75,101,97,29,19,112,37,30,48,83,34,70,110,88,86,116,124,38,10,67,65,33,5,36,4,45,90,43,87,69,6,28,89,118,91,78,63,56,31,42,55,117,107,3,111,66,99,21,94,113,58,102,8,62,25,53,59,13,100,61,72,119,122,68,2,44,26,24,51,96,27,52,77,95,115,14,74 5417.0 89.816 23.0
#
62,54,60,124,98,14,57,39,80,87,88,82,45,111,17,24,42,84,116,3,65,93,35,97,71,81,75,100,8,18,38,28,120,10,92,64,0,61,90,37,96,49,115,83,52,19,106,1,121,110,108,26,11,114,46,118,6,99,22,15,95,109,33,66,7,29,104,107,23,91,9,41,68,102,76,5,48,74,25,103,2,43,32,112,36,31,47,70,72,27,79,53,77,69,78,16,123,4,63,21,67,58,50,89,56,51,86,13,59,40,94,55,122,117,119,85,44,20,73,113,34,30,101,12,105 5534.0 97.386 22.0
30,72,8,11,10,23,70,79,110,109,16,91,93,89,54,96,12,46,61,68,97,53,26,71,37,75,114,20,21,1,121,33,99,60,111,64,48,28,107,83,124,17,58,24,102,45,36,4,82,108,43,25,77,3,35,38,39,74,116,85,86,105,73,6,13,34,19,84,31,59,98,42,101,50,92,63,69,47,57,115,7,117,15,76,123,52,122,22,88,5,51,119,62,41,94,0,106,113,40,95,29,32,118,90,18,104,44,80,78,67,120,49,87,27,55,100,56,66,81,103,112,14,2,9,65 5243.0 86.85999999999999 29.0
85,71,124,84,36,61,45,116,86,19,50,63,68,75,54,44,29,35,82,51,43,6,40,21,122,121,59,108,1,16,74,58,33,79,39,69,92,42,32,67,15,97,120,81,8,109,117,78,123,105,119,2,41,34,96,37,60,106,9,66,114,26,20,115,24,113,31,118,55,87,52,80,28,57,100,3,110,98,91,73,12,49,76,53,27,48,38,13,102,93,77,46,7,103,99,107,4,72,88,23,101,10,11,89,104,111,83,112,47,22,5,94,14,95,18,17,70,65,56,64,25,62,30,0,90 5547.0 84.93800000000002 23.0
90,117,20,31,77,91,19,83,41,21,45,44,102,55,10,75,1,108,12,17,54,48,51,74,73,80,24,68,3,14,35,58,93,18,111,22,64,109,33,34,86,120,66,59,95,30,105,104,36,115,15,89,40,47,78,65,98,87,69,106,7,123,70,101,92,52,2,29,88,118,67,28,25,84,76,122,60,8,6,114,113,81,100,53,4,110,96,61,82,85,79,62,42,11,13,99,107,23,72,112,50,26,56,116,9,63,32,71,103,39,0,43,119,16,94,49,57,121,37,124,27,46,5,97,38 5393.0 102.12100000000002 22.0
85,71,61,87,7,124,45,44,74,52,114,112,92,46,67,77,99,11,51,43,6,40,21,35,121,59,108,75,36,22,119,122,32,64,106,1,25,33,66,107,26,97,120,81,8,109,117,78,123,105,110,2,41,34,96,37,60,69,86,104,63,15,20,115,24,113,31,118,84,55,50,80,28,57,100,3,58,98,91,73,4,49,116,53,27,48,38,13,19,93,29,54,16,103,79,76,12,72,88,23,101,10,82,89,102,111,83,68,47,9,5,94,14,95,18,17,70,65,56,39,42,62,30,0,90 5565.0 90.65599999999999 22.0
92,52,63,48,84,85,66,10,56,49,1,34,60,86,26,19,97,93,75,0,113,42,107,99,59,62,111,116,71,29,115,81,67,44,37,24,117,46,114,78,51,21,100,105,16,77,12,69,28,121,8,119,53,95,90,122,38,15,98,27,83,41,11,13,57,76,47,58,102,120,2,22,68,110,33,94,17,20,101,80,43,65,118,91,30,106,55,3,32,25,36,40,31,4,123,9,103,61,14,54,104,73,35,82,64,70,89,108,88,45,87,5,7,23,79,72,124,112,96,50,74,18,109,39,6 5286.0 76.02799999999999 27.0
30,72,8,11,10,23,70,79,110,109,16,91,93,89,54,96,12,46,61,68,97,53,26,71,37,99,114,20,21,1,120,18,75,95,111,52,29,24,48,28,107,17,58,83,102,45,36,4,82,108,43,25,77,3,35,38,39,74,116,85,86,105,73,6,13,34,19,84,31,59,98,42,101,50,92,63,69,47,57,115,7,117,15,76,123,64,122,22,88,5,51,119,62,41,94,0,106,113,40,60,124,32,118,90,33,104,44,80,78,67,121,49,87,27,55,100,56,66,81,103,112,14,2,9,65 5238.0 87.696 25.0
85,71,61,4,7,124,103,50,74,18,114,89,19,17,67,77,28,62,88,31,6,40,47,35,121,78,39,95,36,22,119,122,10,64,106,113,25,15,13,84,97,5,87,60,111,42,70,123,68,110,109,58,34,82,12,72,69,86,104,102,3,117,44,52,1,43,90,26,48,115,93,20,51,75,66,41,80,116,73,55,2,30,107,23,81,65,54,120,56,57,53,29,45,83,76,37,14,63,38,16,32,96,112,94,49,8,105,21,98,92,101,79,100,24,46,59,0,118,108,99,11,91,27,33,9 5337.0 92.63199999999999 23.0
123,107,65,114,84,16,66,10,34,67,1,56,124,109,117,75,121,57,95,17,72,45,105,51,74,99,89,24,68,106,79,120,58,49,50,62,98,60,7,28,110,27,100,31,40,92,15,119,113,4,26,2,43,25,88,6,37,35,44,18,70,116,97,52,118,12,22,23,61,64,77,11,41,30,83,86,33,48,32,0,54,122,38,108,55,93,47,53,104,102,5,3,87,76,115,80,19,111,8,20,85,78,73,63,46,81,13,59,42,29,94,39,90,21,96,9,36,101,69,112,91,14,103,71,82 5307.0 89.06400000000001 24.0
123,107,65,114,84,16,66,10,34,67,1,56,124,109,117,75,121,57,95,17,72,45,105,51,74,99,89,24,68,106,79,120,58,49,50,62,98,60,7,28,110,27,100,31,40,92,15,119,113,4,26,2,43,25,88,6,37,35,44,18,70,116,97,52,118,12,22,23,61,64,77,11,41,30,83,86,33,48,32,0,54,122,38,108,55,93,47,53,104,102,5,3,87,76,115,63,101,42,81,85,69,46,36,73,78,103,20,111,80,39,91,90,14,112,8,94,21,96,59,9,82,13,71,29,19 5294.0 99.534 24.0
85,71,61,87,7,124,45,44,121,52,88,112,101,46,67,77,99,57,95,17,111,81,51,74,12,89,55,68,106,79,120,58,49,110,62,29,3,59,94,26,97,122,21,8,109,117,78,123,16,119,2,41,40,96,37,60,69,22,14,104,63,15,20,115,24,113,10,118,84,47,86,80,28,76,100,33,32,98,91,73,4,64,116,53,27,102,83,13,19,93,25,54,36,103,50,11,66,107,9,90,92,39,34,75,82,114,38,105,48,6,108,72,5,35,18,43,70,65,56,31,42,1,30,0,23 5271.0 100.32999999999998 24.0
85,71,61,14,7,101,45,83,74,52,114,112,92,46,9,77,99,11,12,43,6,19,21,35,103,59,108,75,36,13,54,38,10,48,29,1,25,102,66,107,26,97,120,81,53,109,117,47,95,105,110,2,93,34,96,37,23,69,86,111,63,116,20,115,24,72,31,82,84,18,50,68,28,57,100,3,58,98,91,79,4,73,15,76,123,64,122,88,5,51,119,62,41,94,0,106,113,40,60,124,32,118,90,33,104,44,80,78,67,121,49,87,27,22,55,17,70,65,56,39,42,16,30,8,89 5405.0 82.61000000000001 25.0
2,70,28,124,88,24,86,10,12,38,102,92,118,89,11,44,101,9,81,72,32,33,75,52,16,39,85,71,47,68,106,69,103,6,18,80,49,123,57,76,79,109,8,87,60,111,42,59,100,116,19,114,45,3,93,1,108,83,98,84,7,99,29,23,22,65,26,104,107,55,41,50,74,122,117,119,43,58,77,91,73,4,21,51,53,27,48,105,13,31,40,113,54,36,67,96,35,30,97,61,121,5,95,0,78,34,20,46,115,120,64,82,62,94,112,63,56,90,66,37,14,110,17,15,25 5377.0 84.305 25.0
2,70,28,124,88,24,43,50,12,38,102,92,118,89,11,44,21,9,81,72,91,33,75,52,16,32,85,71,105,68,106,51,103,6,18,80,49,48,57,86,69,109,8,87,60,111,42,59,100,116,4,31,45,54,93,1,74,104,83,13,7,99,29,23,22,61,26,119,96,112,77,10,53,41,30,98,76,65,123,39,0,58,122,79,108,55,101,47,84,114,37,5,3,95,67,107,35,117,97,27,14,82,56,115,15,63,110,62,90,64,20,19,78,121,94,34,40,46,66,17,120,36,113,25,73 5219.0 87.744 28.0
85,71,61,104,7,124,45,44,121,52,88,112,101,46,67,77,99,6,95,17,111,81,51,74,12,89,24,68,106,79,120,58,49,110,70,29,3,59,94,26,97,122,21,8,109,117,78,123,16,119,2,41,40,96,37,60,69,22,72,63,108,20,115,75,113,31,118,55,84,86,80,28,48,100,33,32,98,91,73,4,64,116,53,27,102,47,83,13,19,93,25,54,36,103,50,11,66,107,9,90,92,39,34,15,82,114,38,105,76,57,87,5,14,35,18,43,62,65,56,10,42,1,30,0,23 5434.0 98.064 20.0
85,71,61,87,7,124,45,44,121,52,88,112,101,46,67,37,99,57,95,17,111,81,75,74,12,31,24,68,106,79,120,58,86,110,62,29,60,59,94,26,118,122,21,8,63,117,78,20,16,4,23,108,43,25,77,3,42,104,14,109,22,123,65,51,83,89,97,91,115,49,80,28,76,100,33,32,98,55,73,119,64,116,53,27,102,47,113,13,19,93,96,54,36,103,50,11,66,107,9,90,92,39,34,15,82,114,38,105,48,6,41,72,5,35,18,40,70,84,56,10,69,1,30,0,2 5200.0 101.916 23.0
121,99,31,13,11,58,29,38,116,112,68,89,59,19,39,25,114,24,80,82,52,61,60,71,30,74,46,106,122,66,75,49,77,35,17,48,10,42,32,67,15,97,120,81,8,109,117,78,123,105,119,2,41,34,83,44,98,95,65,16,87,111,79,9,115,0,63,54,104,107,55,100,50,108,84,90,12,64,3,26,43,47,6,33,57,5,37,22,69,21,124,91,103,7,72,45,27,96,18,40,92,85,113,23,53,56,20,4,76,110,102,70,101,62,88,1,51,94,73,93,118,86,36,28,14 5183.0 100.85 24.0
66,33,123,20,80,116,112,51,10,119,9,8,55,64,109,103,122,124,84,108,86,70,81,96,118,63,62,83,14,32,54,12,56,41,85,107,97,3,24,21,28,36,87,11,77,52,44,58,73,27,102,53,13,35,88,40,31,99,59,60,111,68,61,74,106,91,1,43,90,26,48,46,18,98,17,65,101,30,25,38,92,6,0,110,71,2,89,82,57,49,29,113,120,37,104,16,67,23,76,47,19,39,34,15,78,114,94,105,95,100,50,72,5,115,75,79,45,69,42,121,93,7,117,4,22 5667.0 94.28199999999998 20.0
93,104,32,65,80,21,69,44,121,52,88,112,101,67,77,99,57,95,17,111,81,51,74,12,89,55,68,106,79,120,58,49,110,62,29,46,3,59,94,26,107,27,124,31,18,92,102,119,36,23,82,53,103,90,122,38,28,98,42,83,85,73,13,76,84,33,109,45,63,8,97,70,6,66,87,117,123,20,2,71,24,54,35,11,105,96,78,14,60,37,72,34,116,50,100,15,1,5,47,75,114,39,118,16,43,91,113,41,25,40,86,48,10,64,56,108,0,4,115,9,30,61,7,22,19 5318.0 85.01 26.0
#
40,110,108,41,101,10,1,38,69,44,24,78,36,79,42,85,121,14,90,123,83,114,34,91,109,61,20,97,75,22,73,70,50,86,71,26,46,6,67,98,106,63,104,92,19,119,39,17,124,60,82,18,27,3,76,53,33,58,43,72,62,29,105,89,116,48,0,113,4,9,8,30,77,32,102,84,112,107,7,23,51,95,16,93,81,74,122,5,59,15,100,35,55,2,12,11,80,25,66,45,117,118,49,54,115,68,28,103,37,94,13,120,64,47,56,57,65,31,96,21,87,52,99,111,88 5286.0 136.296 23.0
42,56,36,91,16,15,52,117,67,39,60,27,28,31,123,22,17,53,114,97,124,69,4,19,66,26,78,81,23,2,88,87,83,25,79,6,45,50,62,96,7,104,92,63,59,1,68,107,95,71,13,86,38,98,74,33,46,58,43,72,84,29,105,89,34,48,0,113,106,9,8,30,80,32,102,108,41,90,44,110,115,85,76,65,64,93,18,54,120,35,40,51,101,103,61,122,57,118,20,55,82,75,12,109,119,99,24,77,70,121,14,21,112,49,94,10,11,116,73,5,37,111,3,47,100 5444.0 75.17600000000002 30.0
40,110,7,41,101,10,1,12,114,44,24,58,36,113,8,85,80,14,90,123,108,69,64,96,66,26,54,81,9,84,73,87,83,86,71,107,46,33,29,98,55,63,104,92,19,53,39,17,124,60,100,105,74,11,76,119,6,78,51,120,47,67,18,93,89,95,62,56,48,0,59,32,43,38,117,20,13,79,2,111,75,115,28,50,99,68,109,102,21,49,25,45,106,35,116,30,34,97,65,82,72,37,4,23,70,3,15,27,112,122,5,103,52,91,16,118,57,42,61,77,94,121,88,31,22 5346.0 91.996 24.0
19,39,12,94,17,60,101,37,59,36,61,102,116,71,5,114,3,84,22,119,14,18,10,6,118,123,103,108,24,56,50,68,106,79,8,120,30,34,21,63,83,77,48,87,96,28,7,64,42,13,44,115,98,53,90,46,58,9,35,92,41,70,55,0,2,1,78,62,43,26,25,45,75,107,97,99,109,38,52,104,33,85,76,65,89,93,67,121,105,100,20,16,23,66,72,31,74,88,91,29,51,86,80,15,69,110,81,117,95,27,73,112,11,124,4,47,113,54,111,57,122,49,82,40,32 5072.0 95.37000000000002 31.0
108,11,91,92,117,10,37,97,50,43,19,119,34,121,63,78,118,45,123,76,70,61,86,104,72,24,73,41,68,13,106,33,38,83,98,124,46,17,1,79,44,35,120,39,101,56,67,65,57,110,64,62,111,94,54,6,25,52,18,71,82,85,93,89,95,30,16,102,81,114,40,75,31,26,84,8,4,53,80,51,49,20,116,66,12,48,42,113,58,99,100,7,87,27,3,59,112,32,36,74,60,15,55,115,9,22,107,105,14,109,90,2,28,77,23,47,29,21,69,0,122,96,103,88,5 5380.0 87.01500000000001 23.0
5,48,112,106,117,10,58,71,81,43,19,75,35,83,94,30,52,17,123,76,70,61,86,46,37,14,20,1,2,36,6,103,4,121,60,56,116,45,59,102,95,84,93,49,118,65,7,107,64,42,13,44,115,110,55,92,41,101,22,97,73,90,38,34,0,100,27,113,8,54,91,119,96,120,89,32,40,108,11,26,23,79,124,29,72,111,114,21,12,74,78,9,18,39,85,47,51,50,105,66,33,99,63,80,31,98,57,104,24,109,3,68,28,77,16,25,15,82,69,62,87,67,53,88,122 5108.0 84.75999999999999 28.0
3,63,53,33,10,43,20,58,14,36,86,52,30,71,5,57,55,80,48,104,66,77,98,15,109,25,68,87,16,94,62,103,4,121,60,56,116,45,59,102,95,84,93,49,118,65,7,64,42,13,44,115,110,92,107,41,101,22,97,73,90,38,34,0,100,27,113,8,54,91,35,31,120,89,32,40,108,11,26,23,79,124,29,72,111,114,21,12,74,78,9,18,39,85,47,51,50,105,117,67,37,122,106,119,83,76,61,96,6,112,70,46,24,99,82,19,1,17,2,69,123,88,28,75,81 5457.0 96.855 22.0
19,39,12,94,17,8,13,37,59,36,61,102,116,71,5,82,70,95,20,86,101,54,38,44,62,52,45,104,34,21,53,55,83,93,60,28,67,24,56,63,106,77,48,87,96,120,3,99,97,14,119,90,98,50,115,46,58,9,35,92,41,7,68,0,2,1,78,118,43,26,25,103,75,107,42,64,109,10,123,108,33,85,76,65,89,79,30,121,105,100,22,16,23,66,72,31,74,88,91,84,51,6,80,15,69,110,81,117,29,27,73,112,11,124,18,47,113,4,111,57,122,49,114,40,32 5581.0 84.688 22.0
40,48,108,53,33,10,1,29,69,82,24,78,36,79,124,85,121,14,62,123,83,114,105,9,109,61,20,43,75,58,72,70,50,86,71,26,118,46,6,67,98,106,63,104,3,19,119,39,17,42,13,44,115,110,92,107,41,101,22,97,73,90,38,34,0,100,27,113,8,54,91,89,30,77,32,102,84,112,76,7,23,51,95,16,93,81,74,122,5,59,15,116,35,55,2,12,11,80,25,66,45,117,49,4,18,68,28,103,37,94,60,120,64,47,56,57,65,31,96,21,87,52,99,111,88 5185.0 90.68199999999999 27.0
3,25,86,43,76,48,68,5,46,117,53,77,61,82,87,35,69,62,81,109,123,67,15,28,37,14,20,1,2,36,6,103,4,121,60,56,116,45,59,102,95,84,93,49,118,65,7,64,42,13,44,115,110,92,107,41,101,22,97,73,90,38,34,0,100,27,113,8,54,91,119,96,120,89,32,40,108,11,26,23,79,124,29,72,111,114,21,12,74,78,9,18,39,55,85,47,51,50,105,66,33,99,63,80,31,98,57,58,112,106,83,52,24,104,122,19,70,17,94,30,10,88,71,75,16 5299.0 113.73900000000002 24.0
42,56,36,91,16,15,52,117,67,39,60,27,28,31,123,22,38,43,114,65,108,69,64,98,66,26,78,81,9,84,88,87,83,76,34,6,45,13,62,96,7,104,92,63,59,1,68,107,95,71,50,11,17,58,24,79,32,19,53,37,46,21,74,8,33,44,20,14,102,23,5,77,116,2,93,124,109,106,47,113,29,73,25,97,4,10,72,54,120,35,40,51,101,61,122,57,118,0,55,82,75,12,41,111,119,48,105,30,70,121,110,115,112,49,94,90,86,80,85,89,18,103,3,99,100 5318.0 76.11999999999999 28.0
1,3,46,5,45,62,86,15,19,14,103,109,4,82,25,116,84,48,95,68,87,6,2,35,59,75,94,117,16,77,17,81,121,88,60,28,67,71,56,102,53,36,93,49,118,65,7,64,42,13,44,115,110,92,107,41,101,22,97,73,90,38,34,0,100,27,113,8,54,91,55,96,120,89,32,40,108,11,26,23,79,124,29,111,114,21,12,74,78,9,18,39,119,85,47,51,50,105,66,33,99,63,80,31,98,57,58,112,106,83,52,24,104,122,43,61,20,123,10,76,70,69,30,72,37 5210.0 80.33 30.0
42,56,104,91,50,15,52,117,67,31,28,90,71,13,123,22,88,106,114,97,120,34,86,41,66,26,78,1,23,2,107,87,83,25,79,6,45,16,69,46,98,36,63,92,19,119,39,17,124,60,82,18,27,3,76,53,33,58,43,72,62,29,105,89,116,48,0,113,4,9,8,30,77,32,102,84,112,38,44,110,115,7,93,65,64,74,108,54,95,35,40,51,101,103,61,122,57,118,20,55,68,75,12,109,81,99,24,80,70,121,14,21,59,49,94,10,11,96,73,5,37,111,85,47,100 5279.0 83.32500000000003 28.0
19,39,12,94,17,60,101,37,59,36,61,102,116,71,5,114,3,84,22,119,13,18,10,6,118,123,103,108,24,106,50,68,56,79,8,120,30,34,21,63,83,77,48,87,96,28,70,99,97,14,86,90,98,53,115,46,58,9,35,92,41,7,55,0,2,1,78,62,43,26,25,45,75,107,42,64,109,38,52,104,33,85,76,65,89,93,67,121,105,100,20,16,23,66,72,31,74,88,91,95,51,44,80,15,69,110,81,117,29,27,73,112,11,124,54,47,113,4,111,57,122,49,82,40,32 5191.0 100.265 26.0
19,39,12,94,17,60,101,37,59,36,61,102,116,71,5,114,3,84,22,119,50,18,10,6,118,24,73,41,68,13,106,33,38,83,98,124,46,34,21,63,79,77,48,87,96,28,70,99,97,14,86,90,8,53,115,30,58,9,35,92,108,7,55,0,2,1,78,62,43,26,25,45,75,107,42,64,109,56,52,104,123,85,76,65,89,93,67,121,105,100,20,16,23,66,72,31,74,88,91,95,51,44,80,15,69,110,81,117,29,27,103,112,11,120,54,47,113,4,111,57,122,49,82,40,32 5216.0 84.08499999999998 25.0
42,29,111,118,124,100,96,76,70,122,60,27,28,31,123,22,38,43,114,65,108,69,64,98,66,26,78,81,9,84,89,87,83,93,104,91,67,71,120,119,59,73,92,63,7,1,68,107,95,13,50,11,17,58,24,79,32,19,53,37,46,21,74,8,33,44,20,14,102,23,5,77,116,2,117,16,109,106,47,113,56,34,25,97,4,10,72,54,62,35,40,51,101,61,39,57,6,0,55,82,75,12,41,36,52,48,105,30,45,121,110,115,112,49,94,90,86,80,85,88,18,103,3,99,15 5281.0 82.11800000000001 25.0
42,56,36,91,16,15,52,117,67,39,63,27,80,31,123,22,38,43,114,65,108,69,64,98,66,26,78,81,9,86,89,87,83,76,34,6,45,13,62,88,115,90,92,112,59,1,68,107,95,71,50,11,17,58,24,79,32,19,53,37,85,74,8,33,44,20,14,102,23,5,77,116,2,93,124,109,106,47,113,29,73,25,97,4,10,72,54,120,35,40,51,101,103,111,122,57,49,61,55,82,110,12,41,119,48,94,30,70,121,75,21,7,60,118,105,104,84,28,46,96,99,0,3,18,100 5277.0 84.081 25.0
91,27,39,94,17,60,101,37,59,36,61,102,116,71,5,114,3,84,22,119,13,18,10,6,118,123,103,108,24,56,50,68,106,79,8,120,30,34,21,63,83,77,48,87,96,28,70,99,97,14,86,90,98,53,115,46,58,9,35,92,41,7,55,0,2,1,78,62,43,26,25,45,75,107,42,64,109,38,52,104,33,85,76,65,89,93,67,121,105,57,95,19,88,54,111,122,32,49,15,74,82,110,12,23,40,124,80,66,16,113,72,100,73,112,4,20,51,81,11,47,29,44,31,117,69 5209.0 83.76 31.0
1,3,46,5,45,62,86,15,19,14,103,109,4,82,25,116,84,48,95,68,87,6,2,35,59,75,94,117,16,77,17,81,121,88,60,28,67,71,56,102,53,36,93,49,118,65,7,64,42,13,44,115,110,92,107,41,101,22,97,73,90,38,34,0,100,27,113,8,54,91,119,96,120,89,32,108,11,26,23,79,124,85,76,111,114,21,12,74,78,9,18,39,55,29,47,51,50,105,66,33,99,63,80,31,98,57,58,112,106,83,52,24,104,122,43,61,20,123,10,72,70,69,30,40,37 5253.0 78.87 31.0
123,41,37,23,99,86,10,89,12,69,119,8,22,113,42,58,47,21,48,17,56,19,35,117,31,43,38,7,76,74,121,11,91,46,34,102,32,65,73,15,72,92,60,112,1,20,14,93,110,25,62,111,94,54,6,95,4,18,71,82,103,40,45,55,114,68,97,52,30,101,36,75,88,29,27,51,85,44,106,84,64,28,57,70,79,2,26,16,67,53,77,59,87,83,98,61,80,50,24,96,49,66,124,81,33,78,118,105,115,122,104,109,0,63,108,9,116,5,107,13,90,3,120,39,100 5144.0 114.87000000000002 27.0
73,79,52,12,38,34,89,66,72,117,124,67,63,10,32,14,65,20,119,58,69,19,0,24,39,91,76,21,35,93,50,43,15,17,1,22,83,74,113,33,60,96,41,87,7,11,112,123,23,99,62,111,94,59,6,25,4,18,71,82,103,40,45,55,114,68,97,116,30,101,36,75,88,29,27,51,85,44,106,84,64,28,57,104,81,26,9,77,118,108,3,109,122,5,53,107,100,90,105,70,2,78,13,56,120,8,80,92,115,110,61,47,54,42,86,49,31,48,98,46,121,102,37,95,16 5210.0 114.73400000000002 25.0
9,6,52,44,107,55,104,66,81,39,57,73,63,101,24,14,19,29,64,53,69,90,77,80,71,91,76,74,1,42,100,119,94,17,108,13,83,58,113,22,121,88,7,87,110,11,92,123,84,96,36,31,8,105,40,12,78,51,120,47,67,18,93,89,95,62,56,48,0,59,32,43,38,117,20,60,79,2,111,75,115,28,50,99,68,109,102,21,49,25,45,106,35,116,30,34,97,65,82,72,37,4,23,70,3,15,27,112,122,5,103,124,85,54,86,33,61,41,98,46,26,114,10,118,16 5403.0 75.54500000000002 25.0
3,63,53,33,10,43,20,58,14,36,86,52,30,71,5,57,55,80,48,104,66,77,98,15,12,25,68,87,16,94,62,103,4,121,60,56,116,114,59,102,95,84,93,49,118,72,111,64,42,13,44,115,110,92,107,41,101,22,97,73,90,38,34,0,100,27,113,8,54,91,35,31,120,89,32,40,108,11,26,23,79,124,76,65,7,45,67,109,74,78,9,18,39,85,47,51,50,105,117,21,37,122,106,119,83,29,61,96,6,112,70,46,24,99,82,19,1,17,2,69,123,88,28,75,81 5477.0 91.665 21.0
19,39,12,94,17,60,101,37,59,36,61,102,116,71,5,114,3,84,22,119,58,14,18,10,6,118,123,103,108,24,56,50,68,106,79,8,120,30,34,21,63,83,77,48,87,96,28,7,64,42,13,44,115,98,53,90,46,9,35,92,41,70,55,0,2,1,78,62,43,26,25,45,75,107,97,99,109,38,52,104,33,85,76,65,89,113,67,54,105,100,20,16,23,66,72,31,74,88,91,29,51,86,80,15,69,110,81,117,95,27,73,112,11,124,4,47,93,121,111,57,122,49,82,40,32 5077.0 92.37000000000002 30.0
42,56,104,91,50,15,52,117,67,39,60,27,71,13,123,22,17,106,114,97,124,34,4,19,66,26,78,1,23,2,107,87,83,43,79,6,45,16,116,33,98,36,63,113,41,81,82,88,120,28,48,92,90,85,93,108,46,73,25,51,84,44,105,89,69,31,57,53,86,9,8,30,80,32,102,96,59,38,29,110,115,7,76,65,64,74,18,54,95,35,40,72,101,103,61,122,20,118,0,55,68,75,12,109,119,21,14,77,70,121,11,47,112,49,94,37,24,62,58,5,99,111,3,10,100 5643.0 107.27 20.0
1,3,46,5,45,62,86,15,19,14,103,109,4,82,25,116,84,48,95,68,87,6,2,35,59,75,94,117,16,77,17,81,121,88,60,28,67,71,56,102,53,36,93,49,118,65,7,64,42,13,44,115,110,92,107,41,101,22,97,73,90,38,34,0,100,27,113,8,54,91,119,96,120,89,32,40,108,11,26,23,79,124,29,72,111,114,21,12,74,78,9,18,39,55,85,51,50,105,66,33,99,63,80,31,98,57,58,112,106,83,52,24,104,122,43,61,20,123,10,76,70,69,30,47,37 5300.0 79.136 27.0
80,48,104,77,20,19,52,33,81,14,1,30,71,28,123,75,17,66,36,55,88,86,98,15,12,25,68,87,16,94,62,103,4,121,60,56,116,114,59,102,95,84,93,49,118,72,111,64,42,108,44,115,110,92,107,41,101,22,97,73,90,38,34,0,100,27,113,8,54,91,35,31,120,89,32,40,13,11,26,23,79,124,76,65,7,45,67,109,74,78,9,18,39,85,47,51,50,105,117,21,37,122,106,119,83,29,61,96,6,112,70,46,43,57,2,53,24,63,58,5,99,82,3,10,69 5545.0 80.85000000000001 24.0
96,71,117,65,69,30,105,94,115,11,76,67,63,86,53,87,35,77,17,81,60,57,75,89,114,66,34,82,48,22,47,6,91,123,51,12,7,25,116,15,90,101,52,0,83,20,26,79,54,5,55,95,2,28,80,112,93,109,33,4,108,42,84,56,113,73,74,92,88,99,31,43,45,70,39,24,68,59,29,1,98,46,103,16,107,21,27,119,72,100,38,121,9,58,110,40,49,124,44,102,32,97,120,85,23,37,8,122,10,36,78,19,18,13,64,106,3,118,62,50,61,104,111,14,41 5312.0 99.03500000000001 22.0
#
88,106,25,60,116,6,73,105,34,16,101,70,107,83,37,102,32,110,50,3,72,94,108,35,93,117,63,54,39,66,2,13,30,68,11,58,92,19,47,12,18,74,87,49,119,31,85,14,90,1,26,100,61,98,95,111,104,46,78,27,55,59,10,64,81,84,28,113,115,76,29,91,82,51,80,71,9,120,79,56,7,23,17,21,57,38,121,114,20,118,36,24,52,112,67,65,15,89,8,96,122,4,77,103,109,69,33,42,44,22,62,5,124,41,43,48,123,40,99,0,97,45,86,53,75 5173.0 87.23400000000002 24.0
37,70,25,89,29,40,62,36,42,76,114,91,118,45,6,112,11,110,74,119,72,94,108,35,93,117,63,54,39,66,2,60,86,15,32,103,122,67,4,47,12,50,3,87,49,58,31,85,14,90,1,26,100,61,98,95,111,104,46,78,51,59,10,79,81,84,106,57,5,53,96,80,71,38,120,48,56,7,23,17,22,121,9,68,16,21,107,69,109,88,82,92,8,43,27,75,55,99,83,115,18,13,28,97,102,41,123,113,30,105,33,124,65,0,19,116,77,44,20,73,34,24,64,101,52 5069.0 75.42 26.0
123,60,27,81,0,15,32,58,92,45,122,8,7,64,120,82,118,18,117,84,72,94,80,33,2,24,86,37,6,107,104,1,70,91,69,61,75,42,108,88,17,71,30,78,106,83,47,87,28,14,16,114,12,46,54,96,119,35,3,55,116,99,103,40,26,29,56,53,38,105,67,73,111,63,49,25,66,57,50,9,59,48,13,76,52,51,4,93,85,39,113,31,112,20,97,43,74,36,100,41,34,44,79,110,19,101,115,121,124,22,62,5,23,77,11,10,90,95,65,89,102,109,68,98,21 5248.0 72.81400000000001 29.0
37,70,25,89,96,40,62,36,42,53,114,80,88,45,6,112,11,66,74,39,21,94,108,35,93,103,63,54,119,110,69,60,56,15,32,117,122,67,4,47,12,9,3,87,49,58,31,85,14,90,1,7,100,61,98,95,111,104,46,78,51,59,10,79,81,82,106,113,115,76,29,91,120,55,75,123,86,26,84,33,38,41,50,107,65,0,27,121,20,118,23,24,52,97,44,16,22,99,83,5,18,13,28,43,102,2,48,57,30,105,17,124,71,72,19,116,77,68,109,73,34,92,64,101,8 5060.0 107.83000000000001 29.0
123,60,27,81,0,15,32,58,92,45,122,8,7,64,120,82,118,18,117,84,72,94,80,33,2,24,86,37,6,107,104,1,70,91,69,61,75,42,108,88,17,71,30,78,106,83,47,87,28,14,16,114,12,46,54,96,119,35,3,55,116,99,103,40,26,29,56,53,38,105,67,73,111,63,49,25,66,52,50,9,59,48,13,76,57,22,4,93,85,39,113,31,112,20,97,43,74,36,100,41,34,44,79,110,19,101,115,121,124,51,62,5,23,77,11,10,90,95,65,89,102,109,68,98,21 5258.0 70.476 29.0
88,106,25,60,116,6,73,105,34,16,101,70,107,83,37,102,32,110,50,3,72,94,57,35,93,117,63,54,39,66,2,13,30,68,11,58,92,19,47,12,62,74,87,49,119,31,85,14,90,1,26,100,61,98,95,111,104,75,78,17,120,59,10,79,81,91,28,113,115,76,29,84,51,80,46,9,82,123,64,18,53,7,27,38,108,22,114,121,20,118,23,24,52,112,67,65,69,89,33,96,77,97,124,21,8,122,109,99,5,45,36,44,0,41,43,48,55,40,103,15,4,71,86,42,56 5357.0 102.77000000000001 19.0
88,106,25,60,116,8,67,96,75,16,101,70,107,83,37,102,32,110,50,3,72,94,108,35,93,117,63,54,39,66,2,13,30,68,11,58,92,19,47,12,62,74,52,49,119,31,85,14,90,1,26,100,61,98,95,111,104,46,78,17,51,59,10,79,81,84,28,113,115,76,29,0,80,55,34,123,82,9,64,18,53,7,65,38,91,22,114,121,20,69,36,24,87,112,73,27,118,89,33,105,77,97,124,21,41,15,57,109,5,42,99,45,6,44,56,71,86,120,103,48,23,122,40,4,43 5255.0 79.92999999999998 20.0
88,106,25,60,116,8,17,96,75,16,101,70,107,83,37,102,32,110,50,3,72,94,108,35,93,117,63,54,39,66,2,13,30,68,11,58,92,19,47,12,62,74,52,49,119,31,85,14,90,1,26,100,61,98,95,111,104,46,118,67,55,59,10,79,81,84,28,113,115,76,29,0,80,51,34,123,82,9,64,18,53,7,65,38,91,22,114,121,20,69,36,24,87,112,73,27,78,89,33,105,77,97,124,21,41,15,57,109,5,42,99,45,6,44,56,71,86,120,103,48,23,122,40,4,43 5191.0 92.266 21.0
88,106,25,60,20,6,73,45,122,16,5,70,107,33,37,102,110,50,32,72,94,108,27,93,117,63,54,39,66,2,13,30,68,11,95,92,112,47,12,62,74,36,3,87,49,58,31,24,14,1,26,44,100,61,98,111,104,46,119,17,51,59,40,79,83,84,38,113,115,76,29,0,80,22,9,120,15,56,7,23,53,71,35,103,75,99,114,124,116,101,52,82,67,19,65,55,118,89,8,96,85,18,4,77,57,109,69,81,121,64,21,90,28,41,43,48,123,10,34,105,97,91,86,78,42 5287.0 79.10600000000001 23.0
88,106,25,60,116,119,8,67,96,75,16,101,70,107,83,37,103,32,110,50,3,72,94,108,35,93,117,63,54,39,66,2,13,30,68,11,58,92,19,47,12,62,74,87,49,31,85,14,36,1,26,100,61,98,95,111,104,46,78,17,51,59,10,79,81,84,28,20,115,76,29,7,120,55,34,123,82,9,64,18,114,91,38,65,0,122,53,121,113,69,90,24,52,112,73,27,118,89,33,71,77,97,124,21,41,15,57,109,5,42,99,45,6,44,105,56,40,80,102,48,23,22,86,4,43 5140.0 98.16 23.0
88,106,25,60,116,6,73,105,34,18,101,70,53,103,83,37,32,110,99,3,72,94,108,35,93,117,63,54,39,66,2,13,30,68,11,58,92,19,47,12,62,74,52,31,49,119,85,14,90,1,26,100,61,98,95,111,104,46,78,17,51,59,10,79,81,84,28,113,115,76,29,91,120,55,75,123,86,9,64,33,38,41,50,107,65,0,27,121,20,118,23,24,87,97,44,16,69,89,82,96,77,112,124,21,7,15,22,109,114,5,42,71,45,8,36,56,40,80,102,48,67,122,57,4,43 5169.0 84.48500000000001 25.0
#
40,121,65,123,118,77,124,39,90,102,61,14,0,57,36,8,50,62,25,22,11,78,56,89,114,26,58,47,91,63,35,2,84,43,117,103,5,115,60,112,41,111,46,107,52,81,104,94,15,69,71,51,108,110,59,79,19,18,122,28,27,75,55,32,96,76,44,74,31,73,86,109,16,21,33,3,49,100,34,12,98,4,72,45,106,105,42,20,53,29,97,54,13,80,120,9,17,23,119,95,67,10,24,70,48,6,113,64,82,93,116,7,87,1,88,92,101,66,38,68,37,85,99,30,83 5562.0 104.26000000000002 20.0
37,112,94,84,13,28,72,95,99,58,51,117,65,3,108,11,45,62,12,86,1,49,122,116,16,50,29,53,78,113,10,21,74,115,121,4,0,26,34,88,30,91,19,79,54,83,6,46,97,2,5,40,25,57,120,59,23,32,75,67,17,66,109,55,33,61,60,77,71,82,52,119,47,107,103,42,123,105,8,90,64,73,114,118,92,36,106,81,38,111,101,85,70,102,76,87,63,69,7,22,39,14,48,104,31,9,18,80,110,15,43,96,41,98,24,68,20,93,35,56,27,124,44,89,100 5340.0 79.65 33.0
91,1,94,111,83,40,44,37,71,76,13,35,57,41,15,69,52,119,103,84,26,90,46,6,28,48,14,7,82,80,108,77,66,114,81,104,117,120,11,45,42,116,115,100,59,56,73,47,101,12,27,25,3,88,8,79,55,124,87,5,96,118,74,92,106,16,98,78,50,123,20,58,22,39,0,102,70,38,9,107,49,105,93,97,4,68,33,109,89,122,36,63,54,23,65,10,112,32,99,19,67,24,51,61,2,21,43,62,110,18,17,85,53,121,64,29,75,60,30,113,34,72,31,95,86 5323.0 125.528 24.0
80,52,82,0,57,88,2,5,39,95,87,46,44,56,40,121,19,79,90,114,118,31,109,84,115,73,14,13,50,49,76,30,53,59,48,103,17,106,94,20,102,7,104,1,25,69,100,105,22,6,51,110,117,89,124,91,58,8,36,54,101,16,65,11,45,123,67,32,41,55,113,99,92,37,26,83,111,10,75,116,38,9,24,42,96,18,4,85,120,119,107,77,28,23,3,81,66,86,68,93,29,47,98,108,64,97,70,62,78,122,72,112,60,61,34,74,27,12,63,43,21,35,71,33,15 5290.0 87.104 29.0
96,82,94,84,47,119,72,95,99,104,51,103,18,120,108,87,40,24,116,15,1,55,14,22,85,78,63,12,49,59,4,57,64,114,6,56,19,23,44,25,67,7,109,75,46,111,50,100,70,34,48,110,117,89,124,91,58,8,36,54,101,16,65,11,45,20,80,33,74,39,5,43,97,27,92,9,32,83,121,115,31,30,88,2,105,69,98,0,21,71,90,107,77,28,61,3,93,66,86,29,81,68,26,62,37,102,41,42,53,35,113,106,60,13,76,112,17,122,118,10,52,79,123,38,73 5222.0 109.62100000000002 25.0
20,43,35,49,119,40,64,81,66,15,79,39,55,111,18,7,30,21,58,113,99,32,100,82,16,6,1,70,108,106,50,29,87,107,65,11,86,91,48,62,14,9,2,76,56,36,38,19,74,101,46,63,104,27,52,44,28,116,71,5,98,26,78,102,24,85,89,77,57,122,109,93,23,72,3,0,121,84,92,10,45,94,114,120,22,118,37,59,69,42,112,4,88,12,17,117,123,51,95,103,13,115,34,90,47,73,67,8,83,124,61,25,75,97,31,33,54,80,68,105,110,41,60,53,96 5421.0 91.656 22.0
24,3,2,99,11,92,28,50,54,62,51,46,39,56,40,114,19,79,75,22,84,118,32,71,82,26,6,1,70,119,108,112,120,83,59,48,103,23,85,94,20,98,7,104,13,25,69,55,43,65,101,45,14,52,5,16,73,60,80,122,10,76,81,41,124,49,29,33,67,109,89,34,113,116,74,117,47,93,57,121,115,15,30,107,110,102,35,0,21,31,90,88,66,44,91,64,17,68,27,111,77,53,42,96,105,61,95,36,78,38,87,123,4,106,58,12,86,72,63,97,37,8,9,100,18 5529.0 84.16 22.0
37,112,94,84,13,28,72,95,99,58,51,117,65,3,108,11,45,62,124,86,1,49,122,116,16,44,107,53,78,113,10,21,74,115,121,4,89,26,34,88,30,91,19,79,54,123,6,20,97,2,5,40,25,57,120,59,56,105,75,32,17,66,109,55,33,61,47,77,71,82,52,119,42,29,101,60,8,67,83,90,64,73,114,118,92,36,106,81,38,111,103,85,70,93,35,87,63,69,7,22,39,14,48,104,31,9,18,80,110,15,43,96,41,98,24,27,46,102,76,23,68,12,50,0,100 5234.0 91.64999999999999 27.0
37,53,94,84,47,28,72,95,105,58,51,117,65,3,108,11,45,62,124,109,1,55,14,22,85,118,63,24,8,59,4,57,41,114,56,19,23,93,27,67,7,60,75,46,81,50,82,70,101,48,32,103,73,116,104,49,64,123,92,40,54,17,113,88,31,102,98,79,119,80,71,87,111,34,86,38,12,99,9,30,35,110,97,29,107,21,96,74,68,25,120,77,39,26,52,42,43,90,106,2,6,33,100,78,66,15,91,122,44,69,61,112,83,20,89,18,16,13,121,36,76,115,5,0,10 5227.0 98.083 30.0
80,25,96,13,42,38,39,5,79,28,3,54,33,69,72,47,0,86,32,34,123,18,49,101,109,58,118,83,41,26,117,65,75,56,29,108,82,116,2,50,103,66,10,107,115,73,95,15,119,64,70,71,9,6,88,105,112,14,100,111,37,93,24,57,78,85,89,77,102,122,55,16,30,63,31,60,8,67,92,104,45,94,113,120,7,53,90,35,62,23,81,1,11,51,17,12,98,46,48,52,21,97,114,124,19,59,36,87,61,121,91,76,4,106,27,74,40,110,99,43,68,20,84,44,22 5382.0 77.87 29.0
34,1,119,94,111,83,40,44,37,71,76,13,35,57,41,15,69,52,27,8,26,90,88,6,28,48,14,7,82,80,108,77,66,114,81,104,117,120,11,45,42,116,115,100,59,56,50,47,101,31,103,5,19,46,105,43,98,109,3,99,17,107,84,79,65,39,24,32,113,70,89,67,21,64,86,38,122,123,9,49,124,12,97,60,95,92,96,53,68,25,106,30,74,29,78,73,63,18,110,2,112,51,4,87,22,72,91,75,118,58,61,62,33,20,55,36,16,102,121,23,85,0,93,54,10 5232.0 102.66500000000002 27.0
5,95,64,16,17,72,75,105,49,33,114,66,109,41,0,76,102,30,65,14,21,118,32,71,82,26,6,1,70,108,106,50,29,87,107,104,117,86,91,45,42,116,9,121,8,56,40,54,57,19,62,74,28,92,78,59,58,77,51,11,55,122,47,123,113,24,73,96,68,53,31,69,37,97,90,10,67,43,120,93,85,3,61,94,124,81,22,38,110,101,60,48,46,44,89,111,35,119,36,15,115,98,88,83,99,25,12,100,112,2,79,13,80,39,20,18,84,4,52,27,34,7,103,63,23 5608.0 103.58 20.0
40,121,65,123,118,77,124,39,90,102,61,14,0,57,36,8,50,62,25,22,11,1,56,89,114,26,58,47,91,63,35,2,84,43,117,103,5,115,60,112,41,111,46,87,52,81,104,94,15,101,109,29,10,3,88,105,79,72,100,9,37,93,24,71,78,85,82,19,21,122,55,16,30,106,31,48,6,67,92,38,45,23,113,120,7,73,98,59,69,42,28,4,17,86,12,80,116,51,95,70,108,64,96,49,99,75,33,74,110,20,68,83,76,107,18,27,44,32,54,13,97,53,34,66,119 5292.0 96.46500000000002 26.0
93,90,103,28,31,105,29,107,68,106,23,74,20,92,94,43,122,84,30,8,78,10,0,26,5,48,110,1,62,59,4,57,41,114,65,11,86,37,27,67,7,60,75,46,81,50,82,70,101,118,32,108,73,116,104,49,64,123,3,9,18,87,40,76,58,33,6,117,22,85,19,45,72,34,16,38,96,121,111,77,124,95,63,102,69,35,14,21,71,53,42,66,119,44,91,61,17,109,36,15,115,98,88,83,99,25,12,100,112,2,51,13,80,39,56,47,97,24,120,55,52,79,54,113,89 5314.0 99.47000000000001 25.0
37,43,94,84,13,28,83,27,99,15,14,117,41,3,108,11,45,103,50,101,1,90,8,116,46,44,107,81,35,71,100,42,82,115,76,48,52,26,34,88,7,69,19,79,12,119,6,98,114,104,5,40,111,57,120,59,56,105,80,77,17,66,109,47,65,39,24,32,113,70,89,67,21,64,86,38,122,123,9,49,124,31,97,60,95,92,96,53,68,25,106,30,74,29,78,73,63,18,110,2,112,51,4,87,22,72,91,75,118,58,61,62,33,20,55,36,16,102,121,23,85,0,93,54,10 5169.0 115.364 31.0
40,121,65,123,118,77,124,39,90,102,61,14,0,57,36,8,50,62,25,22,11,1,56,89,114,26,58,47,91,63,35,2,84,43,117,103,5,115,60,112,41,111,46,87,52,81,104,94,15,69,71,51,108,59,79,33,29,18,30,31,122,54,70,53,3,106,100,20,17,113,97,116,88,110,16,82,72,119,73,12,95,98,13,83,96,24,80,10,120,78,64,99,28,6,38,19,48,92,45,105,7,109,86,37,93,101,42,107,23,32,9,76,55,67,27,74,4,68,66,49,21,85,75,44,34 5330.0 95.21500000000002 22.0
93,112,94,84,13,33,72,95,82,69,92,107,35,103,78,11,75,62,32,86,1,49,67,116,16,119,29,53,7,8,10,21,74,73,63,4,0,38,104,30,91,19,79,54,105,6,46,97,2,118,40,85,60,47,122,23,70,123,59,57,96,89,121,64,66,108,45,76,9,113,50,101,117,114,28,39,31,52,43,42,14,3,5,51,58,18,100,26,24,77,106,80,37,65,110,61,17,68,36,15,115,98,88,83,99,25,12,87,120,90,55,41,34,48,111,27,20,102,71,56,22,124,44,109,81 5333.0 94.014 24.0
37,112,94,84,13,28,72,95,99,58,51,117,65,3,108,11,45,62,124,86,1,49,122,116,16,50,29,53,78,113,10,21,74,115,121,4,0,26,34,88,30,91,19,79,54,83,6,46,97,2,5,40,25,57,120,59,23,32,75,67,17,66,109,55,33,61,60,77,71,82,52,119,47,107,103,42,123,105,8,90,64,73,114,118,92,36,106,81,38,111,101,85,70,102,76,87,63,69,7,22,39,14,48,104,31,9,18,80,110,15,43,96,41,98,24,27,20,93,35,56,68,12,44,89,100 5147.0 112.635 32.0
80,25,96,13,42,38,39,5,79,28,3,54,33,69,72,47,0,40,32,34,123,18,49,101,109,58,118,83,41,26,117,65,75,56,29,108,82,116,2,50,103,66,10,107,115,73,95,15,119,64,70,71,9,6,88,105,112,14,100,111,37,93,24,57,78,85,89,77,102,122,55,16,30,63,31,60,8,67,92,104,45,94,113,120,7,53,90,35,62,23,81,1,11,51,17,74,98,46,48,52,21,97,114,124,19,59,36,87,61,121,91,76,4,106,27,12,86,110,99,43,68,20,84,44,22 5398.0 74.13500000000002 23.0
37,58,94,84,13,28,72,78,99,109,112,117,62,3,108,11,16,67,50,51,1,75,53,116,65,44,21,68,29,32,100,86,113,115,121,4,0,26,88,30,19,79,54,83,6,46,97,2,5,40,25,17,77,122,23,12,45,59,57,96,89,61,64,66,36,15,71,82,52,119,47,107,103,42,123,105,8,90,33,73,114,118,92,60,106,81,91,38,111,101,85,70,93,35,87,63,69,7,22,39,14,48,104,31,9,18,80,110,120,43,55,41,34,98,24,27,20,102,76,56,95,49,74,124,10 5267.0 85.846 31.0
24,3,2,99,11,92,28,4,54,62,51,46,39,56,40,22,19,26,75,114,118,31,109,84,43,73,14,13,50,49,112,120,83,59,48,103,23,106,94,20,98,7,104,1,25,69,60,82,65,101,45,6,52,10,16,79,55,124,87,5,76,81,41,80,108,29,33,67,32,89,34,113,116,74,117,47,93,57,121,115,77,30,107,110,102,35,0,21,71,90,88,27,66,119,44,91,61,17,68,111,15,53,42,96,105,64,95,36,78,38,122,123,70,85,58,12,86,72,63,97,37,8,9,100,18 5744.0 91.69000000000001 20.0
24,122,2,99,11,92,28,4,54,62,51,1,39,56,41,113,74,79,20,114,65,31,109,84,43,52,0,13,110,26,112,120,83,59,48,103,23,37,27,67,7,60,75,46,81,50,82,70,101,118,32,108,73,116,104,49,64,123,3,9,18,87,40,76,58,33,6,117,22,85,19,45,72,34,16,38,96,121,111,77,124,95,63,102,69,35,14,21,71,53,42,66,119,44,91,61,17,68,94,57,15,90,88,93,105,98,30,36,78,47,25,80,55,89,29,12,86,5,107,97,106,8,10,100,115 5253.0 88.6 27.0
24,3,2,99,11,92,28,70,54,62,51,46,39,56,40,22,19,79,75,114,118,31,109,84,43,73,14,13,50,112,120,83,59,48,103,23,106,94,20,98,7,104,1,25,69,55,82,65,101,45,6,52,5,16,26,60,80,122,10,76,81,41,124,108,29,33,67,32,89,34,113,116,74,117,47,93,57,121,115,77,30,107,110,102,35,49,0,21,71,85,90,88,66,44,91,64,17,68,27,111,15,53,42,96,105,61,95,36,78,38,87,123,4,119,58,12,86,72,63,97,37,8,9,100,18 5772.0 116.22500000000002 19.0
3,90,111,28,31,124,29,107,82,106,23,74,95,92,94,22,122,84,30,8,78,10,0,26,5,40,37,7,70,59,102,57,41,33,56,19,34,87,96,39,123,24,109,112,83,6,27,62,65,75,91,114,35,21,2,13,45,1,18,119,117,110,118,55,103,58,38,64,43,71,121,93,98,50,51,81,17,68,76,108,113,105,20,46,4,69,73,14,116,85,53,42,66,9,44,32,61,72,48,36,15,115,60,88,16,99,25,12,100,63,104,86,49,80,67,101,47,97,120,11,52,79,54,77,89 5307.0 89.67999999999998 26.0
93,112,94,84,13,33,72,95,82,69,92,107,35,103,64,11,75,62,32,108,1,123,67,59,16,119,29,53,7,8,10,21,74,73,63,0,38,104,30,91,19,9,54,105,6,46,50,2,118,40,114,60,47,122,23,70,28,85,71,5,48,26,78,102,86,31,43,79,55,97,51,101,116,49,39,45,52,76,42,14,3,96,117,58,18,100,121,24,4,77,106,80,37,65,110,61,17,68,36,15,115,98,88,83,99,25,12,87,120,90,113,41,34,89,111,27,20,66,57,56,22,124,44,109,81 5368.0 90.13999999999999 24.0
93,112,94,84,13,33,72,29,12,69,47,97,35,103,89,11,75,7,67,53,2,49,66,116,16,44,95,86,62,21,102,10,85,73,105,4,0,38,104,30,118,22,54,121,1,40,107,57,19,56,74,28,92,78,59,82,77,51,42,55,122,63,91,32,108,45,76,99,113,50,101,117,25,60,39,31,52,43,6,115,3,5,23,17,18,100,26,24,15,106,80,37,65,110,83,58,79,36,123,14,48,88,61,9,114,70,87,96,90,120,41,34,98,64,111,27,20,8,71,46,68,124,119,109,81 5426.0 97.34800000000001 21.0
60,104,80,24,73,118,51,20,18,31,59,46,39,56,40,22,19,79,75,114,99,7,69,82,26,6,1,88,120,106,50,85,87,16,65,11,86,123,48,62,94,9,72,76,5,92,38,23,63,101,109,2,10,3,28,103,112,14,100,8,37,81,41,124,108,29,33,67,32,89,34,113,116,74,117,47,93,57,121,115,77,30,107,110,102,35,0,21,71,90,70,66,119,44,91,61,17,68,27,111,15,53,42,96,105,64,95,36,78,98,45,83,84,43,49,122,12,58,54,13,97,25,55,4,52 5585.0 124.35399999999998 19.0
#
