# Problem = StaticVNFPlacementProblem
# Variables = 1
# Objectives = 3
20,41,5,1,36,57,75,46,9,27,59,69,66,18,38,37,29,13,32,17,12,53,39,35,40,58,42,26,60,31,45,55,28,49,0,19,7,72,61,64,54,6,25,76,47,52,23,22,8,44,16,63,70,11,21,10,14,34,67,24,50,48,30,51,74,62,3,65,43,33,68,71,2,15,73,56,4 2981.0 43.99600000000001 20.0
20,41,33,1,36,57,75,46,9,27,59,69,18,38,37,66,29,13,32,17,12,53,39,35,40,58,60,23,42,26,31,44,45,55,28,0,3,64,72,47,22,76,54,19,51,25,7,52,8,62,6,16,63,70,11,10,21,14,34,24,50,48,30,61,74,43,68,65,56,5,71,2,15,67,73,49,4 3230.0 56.178000000000004 13.0
20,41,33,1,36,57,75,46,9,27,59,69,18,38,37,66,29,13,32,17,12,53,39,58,40,60,23,42,26,31,64,45,55,28,6,49,0,19,35,47,72,61,8,54,51,25,7,52,22,73,44,16,63,70,11,10,21,14,34,24,50,48,30,76,74,43,68,65,56,5,71,2,15,67,62,3,4 3160.0 43.738 14.0
20,41,5,1,36,57,75,46,9,27,59,69,66,18,38,37,29,13,32,17,53,35,39,61,40,60,23,42,26,58,31,45,55,28,49,0,64,19,47,72,12,54,51,25,76,7,52,22,8,44,16,63,70,11,10,21,14,34,67,24,50,48,30,6,74,62,3,65,43,68,33,71,2,15,73,56,4 2948.0 47.516000000000005 19.0
20,41,5,1,36,57,75,46,9,27,59,69,66,18,38,37,29,13,32,17,53,39,35,40,19,12,23,42,26,58,31,64,45,55,28,49,0,60,72,61,7,54,6,25,76,47,52,22,8,44,16,63,70,11,21,10,14,34,67,24,50,48,30,51,74,62,3,65,43,33,71,2,15,73,68,56,4 2885.0 48.44200000000001 20.0
20,41,5,1,36,57,75,46,9,27,59,69,66,18,38,37,29,13,32,17,53,39,12,35,40,58,60,23,42,26,31,24,64,45,55,28,19,7,72,61,49,54,51,25,76,47,52,22,8,44,16,63,71,70,11,21,10,14,34,67,0,50,48,30,6,74,62,3,65,43,33,2,15,73,68,56,4 3063.0 50.596000000000004 17.0
20,41,5,1,36,57,75,46,9,27,59,69,66,18,38,37,29,13,32,17,53,39,12,35,40,58,60,23,42,26,31,45,55,28,49,0,19,7,72,61,64,54,51,25,76,47,52,22,8,44,16,63,71,70,11,21,10,14,34,67,24,50,48,30,6,74,62,3,65,43,33,2,15,73,68,56,4 3039.0 53.048 18.0
20,18,5,1,36,57,75,46,9,27,59,69,66,41,38,37,29,13,32,17,12,53,39,35,40,58,23,42,26,60,31,45,55,28,49,0,19,7,72,61,64,54,6,25,76,47,52,22,8,44,16,63,70,11,21,10,14,34,67,24,50,48,30,51,74,62,3,65,43,33,71,2,15,73,68,56,4 2871.0 48.83200000000001 20.0
20,41,5,1,36,57,75,46,9,27,59,69,66,18,38,37,29,13,32,17,12,53,39,61,40,60,23,42,26,58,31,64,45,55,28,49,0,19,35,47,72,54,51,25,76,7,52,22,8,10,44,16,63,11,21,70,14,34,67,24,50,48,30,6,74,62,3,65,43,33,71,2,15,73,68,56,4 2973.0 44.352000000000004 19.0
#
35,12,39,3,1,34,9,67,4,36,58,28,69,47,53,21,2,16,19,55,48,31,15,63,10,26,52,5,49,45,74,76,7,65,25,42,73,68,29,38,43,27,22,18,72,66,33,50,64,46,13,23,56,70,62,51,40,75,17,14,11,37,71,44,24,59,32,0,6,8,30,41,20,60,54,61,57 3204.0 43.17000000000001 17.0
35,12,39,3,1,19,73,40,30,74,4,28,45,5,34,71,16,48,33,50,36,37,15,63,10,26,52,8,69,2,59,7,65,29,42,9,25,38,43,27,18,72,66,53,55,0,57,75,13,60,41,56,21,46,14,22,54,44,64,49,70,11,47,32,17,62,24,6,67,76,68,23,20,31,58,61,51 3469.0 63.60800000000001 12.0
35,12,39,3,1,34,9,67,4,36,58,28,69,47,53,21,2,16,19,55,48,31,15,63,10,26,52,30,45,74,68,7,29,42,73,25,38,43,27,22,18,72,66,33,50,64,46,13,23,56,70,62,51,76,5,40,75,17,14,11,37,71,44,24,59,32,0,6,8,65,49,41,20,60,54,57,61 3233.0 44.410000000000004 15.0
35,12,39,3,1,34,9,19,4,62,58,28,69,47,53,2,16,67,55,48,31,15,74,63,37,26,49,30,66,29,52,7,65,45,42,5,17,43,27,22,18,72,21,33,50,64,46,13,23,60,70,51,76,73,25,40,75,38,14,11,10,71,44,24,59,32,0,36,6,8,68,41,20,54,56,61,57 2848.0 55.22400000000001 15.0
35,12,39,3,1,34,9,67,4,62,58,28,69,47,53,2,74,16,19,55,48,31,15,63,37,26,49,30,66,29,52,7,65,45,42,5,17,43,27,22,18,72,21,33,50,64,46,13,23,60,70,51,76,73,25,40,75,38,14,11,10,71,44,24,59,32,0,36,6,8,68,41,20,54,56,61,57 2856.0 52.22400000000001 15.0
35,12,39,3,1,34,9,67,4,62,58,69,47,53,2,16,19,28,55,48,31,15,21,63,10,25,49,75,45,74,52,7,65,29,42,5,26,17,43,22,18,72,66,33,50,64,27,23,13,46,60,70,51,76,73,40,30,38,14,11,37,71,44,24,59,32,0,36,6,8,68,41,20,56,54,61,57 2853.0 53.83400000000001 15.0
35,12,39,3,1,34,9,19,4,62,58,69,28,47,53,74,2,16,67,55,48,31,15,63,10,26,49,30,66,29,52,7,65,45,42,5,17,43,22,18,72,21,33,50,27,23,13,46,60,70,51,76,73,40,75,25,38,14,41,37,71,44,24,59,32,11,0,36,6,8,68,64,20,54,56,61,57 2850.0 52.02400000000001 17.0
35,12,39,3,1,34,9,67,4,62,58,28,69,47,53,21,2,16,19,55,48,31,15,63,10,26,52,30,45,74,49,7,65,29,42,5,71,17,43,27,22,18,72,66,33,50,64,46,13,23,56,70,36,51,76,73,40,75,38,14,11,37,25,44,24,59,32,0,6,8,68,41,20,60,54,61,57 3028.0 65.63400000000001 14.0
35,12,39,3,1,34,9,67,4,62,58,28,69,47,53,21,2,16,19,55,48,31,15,63,10,26,52,30,45,74,49,7,65,29,42,5,25,17,43,27,22,20,72,66,33,50,64,46,13,23,56,70,51,76,73,40,75,38,14,11,37,36,71,44,24,59,32,0,57,6,8,68,18,60,54,61,41 3102.0 52.70400000000001 14.0
35,12,39,3,1,34,9,67,4,62,58,28,69,47,53,74,2,16,19,55,48,31,15,63,10,26,49,30,66,29,52,7,65,45,42,5,17,43,22,18,72,21,33,50,27,23,13,46,60,70,51,76,73,40,75,25,38,14,41,37,71,44,24,59,32,11,0,36,6,8,68,64,20,54,56,61,57 2855.0 51.02400000000001 17.0
35,12,39,3,1,34,9,67,4,36,58,28,69,47,53,21,2,16,42,55,48,31,15,63,10,26,49,30,45,74,76,7,65,29,19,5,25,17,43,27,22,18,72,66,33,50,64,46,13,23,56,70,51,52,73,40,75,62,14,11,37,71,44,24,59,32,0,6,8,38,68,41,20,60,54,57,61 3139.0 46.728 17.0
#
36,62,67,27,19,9,21,33,59,11,47,20,30,2,70,43,49,10,57,28,54,74,12,23,13,68,32,69,60,50,41,25,37,71,17,1,16,44,39,75,56,46,61,42,40,72,24,51,3,34,66,26,38,48,18,29,53,52,7,15,4,14,8,22,5,73,76,35,58,31,45,65,64,0,63,6,55 2861.0 54.580000000000005 21.0
35,12,73,74,66,5,29,3,58,0,24,9,26,31,36,65,18,28,59,49,52,23,63,70,68,69,60,27,61,25,34,37,30,71,17,40,1,16,44,39,75,56,13,38,54,51,42,8,47,7,76,21,41,14,53,4,50,15,2,6,64,20,57,48,22,33,32,46,67,62,43,45,11,72,10,55,19 3130.0 42.328 19.0
35,12,57,32,21,1,37,58,61,0,24,8,26,31,68,65,25,28,33,36,6,16,29,2,54,49,19,76,52,55,43,18,72,30,71,17,14,53,38,39,11,56,45,50,40,13,3,9,66,64,4,42,67,7,70,27,15,60,51,44,20,59,23,22,5,73,47,75,63,62,10,34,41,69,48,74,46 3326.0 63.408000000000015 12.0
35,12,73,74,66,5,29,60,58,0,24,69,26,31,36,65,18,28,59,49,13,52,23,63,70,68,9,3,27,61,25,34,37,30,71,17,40,1,16,44,39,75,56,38,54,51,42,8,47,7,76,21,41,14,53,4,50,15,2,6,64,20,57,48,22,33,32,46,67,62,43,45,11,72,10,55,19 3071.0 43.68000000000001 17.0
36,62,67,27,19,9,21,33,8,11,47,20,30,2,70,43,49,10,57,28,54,74,12,32,23,13,68,69,60,50,41,25,37,71,17,1,16,44,39,75,56,46,61,51,42,40,72,24,3,34,66,26,38,48,18,29,53,52,15,7,4,14,59,22,5,73,76,35,58,31,45,65,64,0,63,6,55 2880.0 52.66000000000001 21.0
35,12,73,74,66,5,29,60,58,0,24,69,26,31,36,65,18,28,59,49,61,13,52,23,63,70,68,9,3,27,25,34,37,30,71,17,40,1,16,44,39,75,56,38,54,51,42,8,47,7,76,21,41,14,53,4,50,15,2,6,64,20,57,48,22,33,32,46,67,62,43,45,11,72,10,55,19 3138.0 48.35200000000002 14.0
36,62,67,27,19,9,21,33,59,11,47,20,30,2,70,43,49,10,57,28,54,74,12,32,23,13,68,69,60,50,41,25,37,71,17,16,1,44,39,75,56,46,61,51,42,40,72,24,3,34,66,26,38,48,18,29,53,52,15,7,4,14,8,22,5,73,76,35,58,31,45,64,65,0,63,6,55 2912.0 52.02 20.0
35,12,73,74,66,5,29,60,58,0,24,69,26,31,36,65,18,28,59,49,61,13,52,23,63,70,68,9,3,27,25,34,37,30,71,17,40,1,16,44,39,75,56,38,54,51,42,8,47,7,76,21,41,14,53,4,50,62,15,2,6,64,20,57,48,22,33,32,46,67,43,45,11,72,10,55,19 3141.0 47.44200000000001 14.0
#
39,73,0,35,2,48,31,9,43,54,7,14,16,25,71,10,12,42,30,58,29,19,3,28,44,11,51,64,18,69,47,23,59,74,4,40,55,63,72,56,24,26,61,17,34,46,22,60,62,33,27,67,1,37,41,13,52,68,6,15,57,70,36,32,66,75,76,5,53,45,50,49,21,38,8,65,20 2938.0 45.648 19.0
53,73,44,35,2,42,17,9,37,54,7,22,16,25,71,18,13,52,47,10,26,39,0,23,28,72,55,51,3,33,43,75,48,32,1,64,21,4,30,46,58,40,60,29,59,14,8,19,38,76,67,12,24,11,49,61,36,41,27,6,15,70,31,68,20,65,69,74,57,45,56,63,34,66,62,5,50 3433.0 79.60799999999999 13.0
39,73,0,35,2,48,31,9,21,54,7,14,16,25,71,10,12,30,58,29,19,3,28,44,11,42,51,64,18,69,47,59,23,4,40,74,55,63,72,56,24,26,61,17,34,46,22,60,62,33,27,67,1,37,41,13,52,68,6,15,57,70,53,32,66,75,76,5,36,45,50,49,43,38,8,65,20 3053.0 47.01800000000001 14.0
39,73,0,35,2,48,31,9,43,54,7,14,16,25,71,10,12,42,30,58,29,19,3,28,44,23,11,51,64,18,40,47,24,59,4,63,72,34,56,69,55,61,26,17,74,46,22,60,62,33,27,67,1,37,41,13,52,68,6,15,57,70,36,32,66,75,76,5,53,45,50,49,21,38,8,65,20 2895.0 52.52 20.0
39,73,0,35,2,48,31,9,43,54,7,14,16,25,71,10,12,42,30,58,29,19,3,28,44,11,51,64,18,69,47,74,59,23,4,40,55,63,72,56,24,26,61,17,34,46,22,60,62,33,27,67,1,37,41,13,52,68,6,15,57,70,53,32,66,75,65,20,5,45,50,49,76,8,36,38,21 2970.0 46.52 18.0
39,73,0,7,2,48,31,9,43,54,35,14,16,25,71,10,12,42,30,58,29,19,3,28,44,11,51,64,18,69,47,23,24,59,4,40,63,72,56,55,34,26,61,17,74,46,22,60,62,33,27,67,1,37,41,13,52,68,6,15,57,70,53,32,66,75,65,76,5,45,50,49,20,8,36,38,21 2920.0 49.93200000000001 20.0
39,73,0,35,2,48,31,9,21,54,7,14,16,25,71,10,12,30,58,29,19,3,28,44,11,42,51,64,18,69,47,59,23,4,40,55,63,72,34,24,56,26,61,17,46,22,60,62,33,27,67,5,1,37,41,13,52,68,6,15,57,70,53,32,66,75,65,76,74,45,50,49,20,8,36,38,43 3049.0 49.760000000000005 15.0
39,73,0,35,2,48,31,9,43,54,21,14,16,25,71,10,12,42,30,58,29,19,3,28,44,23,11,51,64,18,69,47,24,59,4,40,63,34,72,56,55,26,61,17,46,22,60,62,33,27,67,5,1,37,41,13,52,68,6,15,57,70,53,32,66,75,76,74,36,45,50,49,7,38,8,65,20 2985.0 49.56000000000001 16.0
39,73,0,35,2,48,31,9,43,54,7,14,16,25,71,10,12,42,30,58,29,19,3,28,44,11,51,64,18,69,47,23,59,24,4,40,63,72,56,55,34,26,61,17,74,46,22,60,62,33,27,67,1,37,41,13,52,68,6,15,57,70,53,32,45,75,65,76,5,66,50,49,20,8,36,38,21 2891.0 57.160000000000004 22.0
#
53,41,26,2,18,42,16,52,50,7,49,13,38,74,4,22,71,43,51,62,14,32,63,24,17,44,0,57,73,66,28,5,59,40,3,54,25,15,11,60,23,75,21,61,29,70,72,27,35,56,69,33,34,67,31,6,47,48,65,1,46,68,64,36,39,37,58,9,8,55,76,19,30,20,45,12,10 2788.0 54.144000000000005 17.0
53,41,26,2,18,43,51,50,52,7,49,69,74,22,4,38,24,16,42,54,13,32,63,0,71,17,33,57,36,73,66,28,5,8,59,40,3,15,11,23,25,60,75,21,61,29,62,70,72,35,67,56,44,27,31,48,46,47,65,37,1,68,12,64,39,19,58,14,9,55,6,76,30,20,45,34,10 2947.0 48.96000000000001 19.0
53,41,35,29,3,43,16,1,52,7,48,21,68,44,61,64,38,24,63,42,54,62,13,32,75,0,51,56,33,73,76,28,5,59,40,72,22,71,57,20,70,65,60,14,50,4,58,23,18,15,74,47,25,17,2,49,66,31,26,67,12,34,6,19,37,39,69,9,55,10,27,30,11,45,46,36,8 3276.0 96.94600000000003 13.0
53,41,26,2,18,42,16,52,50,7,49,13,38,74,4,22,71,43,51,62,14,32,63,24,17,44,0,57,73,66,28,5,59,40,3,54,25,15,11,60,23,75,21,61,29,70,72,27,35,56,69,33,34,67,47,31,6,48,65,1,46,68,36,64,39,37,58,19,9,55,8,76,30,20,45,12,10 2807.0 51.584 17.0
53,41,26,2,16,43,18,50,52,7,49,13,22,74,4,38,71,51,42,62,14,32,63,17,0,33,21,57,73,66,28,5,59,40,3,54,25,15,36,11,23,60,75,24,61,29,70,72,27,35,56,69,44,67,34,31,6,48,47,65,1,46,68,64,39,37,58,19,9,55,8,76,30,20,45,12,10 2934.0 63.67400000000001 15.0
53,41,26,2,18,43,16,52,50,7,49,13,22,74,4,38,71,51,42,62,14,32,63,24,17,44,0,57,73,66,28,5,59,40,3,54,25,15,11,60,23,75,21,29,70,72,27,35,56,69,33,34,67,47,31,6,48,65,1,46,68,36,64,39,37,58,19,9,55,61,8,76,30,20,45,12,10 2873.0 51.584 16.0
#
57,34,39,41,33,2,44,73,40,25,18,52,7,71,42,16,56,54,9,65,38,62,76,4,47,19,63,64,28,0,13,74,75,69,59,1,43,51,60,12,10,72,70,53,5,14,30,46,66,21,29,26,68,61,67,8,45,3,11,50,32,55,20,6,35,31,58,22,36,24,23,17,37,27,15,48,49 3377.0 50.760000000000005 11.0
57,34,39,41,33,2,44,73,40,25,18,52,7,71,42,16,56,54,43,65,38,62,76,4,47,19,20,63,64,28,1,13,74,9,0,75,46,59,51,60,53,10,72,70,12,5,14,30,69,66,21,29,68,61,67,8,45,3,11,50,26,55,49,31,58,22,6,23,36,24,35,17,37,27,15,48,32 3259.0 42.32000000000001 12.0
57,34,39,41,48,2,44,40,25,18,52,7,71,42,16,56,73,54,65,38,62,76,4,47,19,20,64,0,28,63,13,74,9,75,59,1,43,51,60,12,10,72,70,53,5,14,30,46,66,21,29,26,68,61,67,8,45,69,3,11,50,32,55,27,35,31,58,22,49,24,36,23,37,17,6,15,33 2861.0 61.36000000000002 20.0
57,34,39,41,33,2,44,73,40,25,18,52,7,71,42,16,56,54,43,65,38,62,76,4,47,19,20,63,64,28,1,13,74,9,0,75,46,59,51,60,53,10,72,70,12,5,14,30,69,66,21,29,32,68,61,67,8,45,3,11,50,26,55,49,31,58,22,6,36,24,35,23,17,37,27,15,48 3180.0 46.760000000000005 12.0
57,34,39,41,48,2,44,40,25,18,52,7,71,42,16,56,73,54,65,62,38,76,4,47,19,20,64,0,28,63,13,74,9,75,69,59,1,43,51,60,12,10,72,70,53,5,14,30,46,66,21,29,26,68,61,67,8,45,3,11,50,32,6,35,31,55,58,22,49,23,24,36,17,37,27,15,33 2895.0 53.06800000000001 19.0
57,34,41,48,2,44,39,40,25,18,52,7,71,42,16,56,73,54,65,38,62,76,4,47,19,20,51,64,28,13,74,9,0,75,46,59,1,43,60,53,10,72,70,12,5,14,69,63,66,21,29,26,68,61,67,8,45,3,11,50,32,55,49,31,58,6,23,36,24,35,22,17,30,37,27,15,33 3091.0 52.562000000000005 20.0
#
12,13,41,17,54,73,3,69,63,70,23,39,0,48,14,4,26,35,29,28,24,36,58,50,45,37,64,59,2,76,15,20,65,9,21,52,72,31,6,22,27,1,44,46,61,67,75,57,38,32,30,16,62,53,8,40,47,5,7,55,19,34,74,60,66,25,18,56,43,11,71,33,51,68,42,10,49 2994.0 44.80800000000001 17.0
12,13,41,31,54,73,3,4,44,59,70,23,39,0,48,14,26,2,15,46,24,36,58,50,1,37,20,32,63,35,38,69,66,17,49,27,22,65,62,7,6,76,28,61,67,75,57,29,64,34,16,45,53,8,40,30,47,5,72,55,19,52,74,60,9,25,18,56,42,11,71,33,51,68,43,10,21 3439.0 68.40600000000002 11.0
45,5,19,9,12,58,52,76,1,60,38,14,67,63,41,53,22,0,3,24,36,40,66,21,56,71,73,28,62,25,74,8,42,27,35,10,32,75,70,7,15,61,33,49,48,54,29,59,26,2,20,65,68,69,47,4,30,11,51,55,57,64,16,17,50,18,72,37,46,43,13,31,6,39,23,34,44 2870.0 59.202000000000005 21.0
45,5,19,9,12,58,52,76,60,38,14,67,63,41,53,1,22,0,3,24,36,40,66,21,56,71,73,28,62,25,74,8,42,27,35,10,32,75,70,7,61,33,49,48,54,29,59,26,2,20,65,68,69,47,4,15,64,30,11,55,57,16,17,51,50,18,72,37,46,43,13,31,6,39,23,34,44 2866.0 66.402 21.0
12,13,41,17,54,73,3,70,69,63,23,39,0,48,14,4,58,35,29,28,24,36,26,50,45,37,64,59,2,76,15,6,21,65,9,52,31,20,22,27,1,44,46,61,67,75,32,57,38,16,34,53,8,40,62,30,47,5,72,55,19,7,74,60,49,25,18,56,42,11,71,33,51,68,43,10,66 2934.0 53.11200000000001 16.0
45,5,19,9,12,58,52,76,60,38,14,67,63,41,53,71,22,0,3,24,36,1,40,66,56,21,73,28,62,25,74,8,42,27,7,10,32,75,35,70,15,69,33,49,48,54,29,59,26,2,20,65,68,61,47,4,30,11,51,55,57,64,16,17,50,18,72,37,46,43,13,31,6,39,23,34,44 2881.0 57.562 21.0
12,13,41,17,54,73,3,69,63,70,39,0,48,14,4,23,26,35,29,28,24,36,58,50,45,37,64,59,2,76,15,20,21,65,9,52,31,1,22,27,6,44,46,61,67,75,57,38,32,34,16,62,53,8,40,30,47,5,72,55,19,7,74,60,49,56,25,18,42,11,71,33,51,68,43,10,66 2965.0 49.11200000000001 16.0
12,13,41,17,54,73,3,70,69,76,23,39,0,48,14,26,35,29,4,28,24,36,58,50,45,37,64,59,2,63,15,6,21,65,9,52,31,20,22,27,1,44,46,61,67,75,32,57,38,16,34,53,8,40,30,62,56,47,5,72,55,19,7,74,60,66,25,18,42,11,71,33,51,68,43,10,49 3073.0 48.176 16.0
45,5,19,9,12,58,52,76,60,38,14,67,63,41,53,1,22,0,3,24,36,40,66,21,56,71,73,28,62,25,74,8,42,27,35,10,48,75,70,7,61,33,49,32,54,29,59,26,2,20,65,68,69,47,4,15,64,30,11,55,57,16,17,51,50,18,72,37,46,43,13,31,6,39,23,34,44 2865.0 68.00200000000001 21.0
#
12,63,35,53,25,9,41,23,24,75,2,55,32,0,59,44,48,68,60,42,26,31,67,8,5,58,56,1,46,62,72,30,37,16,3,27,50,69,40,39,15,28,14,36,17,7,54,18,10,61,13,45,21,76,47,51,57,22,49,20,38,6,34,43,66,11,73,71,4,74,65,29,33,19,64,52,70 3267.0 44.959999999999994 20.0
12,35,53,31,9,41,23,24,75,2,55,32,25,18,3,59,44,48,68,56,60,42,26,69,72,8,70,19,58,50,1,64,46,0,30,37,16,62,40,14,39,15,28,36,17,7,54,10,61,13,45,21,76,47,51,57,22,49,20,38,6,34,43,66,11,73,71,4,52,65,63,33,67,5,29,27,74 3226.0 60.00800000000002 11.0
12,63,35,53,24,31,9,41,23,75,55,2,32,25,18,3,44,48,68,60,42,64,46,72,8,70,69,59,5,58,50,1,26,27,0,30,37,16,10,40,39,15,28,14,36,17,7,54,61,13,45,21,56,67,20,47,57,22,49,51,38,6,34,43,66,11,73,71,29,52,65,33,62,19,4,76,74 2811.0 54.83200000000001 19.0
12,63,35,53,31,9,41,23,24,75,2,55,27,32,25,18,3,59,44,48,68,60,45,42,26,69,72,36,70,5,58,54,1,64,46,0,30,37,16,62,40,50,15,28,14,17,7,39,10,61,13,56,21,76,47,51,57,22,49,20,38,6,34,43,66,11,73,71,52,4,65,33,67,19,29,8,74 3059.0 45.760000000000005 18.0
12,63,35,53,31,9,41,23,24,75,2,55,39,32,0,18,8,59,44,48,68,60,67,42,26,5,16,58,54,1,46,72,30,37,27,38,62,29,40,50,15,25,69,70,28,14,17,7,43,10,61,13,56,21,76,49,51,57,47,20,3,6,34,64,66,11,36,22,71,52,4,65,33,45,19,73,74 3052.0 47.898 15.0
12,63,35,53,24,31,9,41,23,75,55,2,32,25,18,3,44,48,68,60,42,26,46,72,8,70,69,59,5,58,50,1,64,27,0,30,37,16,10,40,39,28,14,36,17,7,54,61,13,45,21,56,67,20,47,57,22,49,51,38,6,34,43,66,11,73,71,29,52,65,33,62,19,15,4,76,74 2873.0 49.93 19.0
42,12,63,35,53,31,19,41,23,75,24,55,2,32,25,18,3,9,48,68,60,26,46,72,8,6,69,59,5,58,50,1,64,27,0,30,37,16,10,40,39,15,28,14,36,17,7,54,61,13,45,21,56,67,20,47,57,22,49,51,71,70,34,43,66,11,73,38,29,52,4,44,65,33,62,76,74 3401.0 49.058 13.0
12,63,35,53,44,31,2,41,23,24,75,55,32,25,18,3,9,48,68,60,42,26,46,72,8,70,69,59,5,58,50,1,64,27,0,30,37,16,40,39,15,28,14,36,17,7,54,61,13,45,21,10,56,47,51,57,49,20,22,62,76,38,6,34,43,66,11,73,71,29,52,65,33,67,19,4,74 2865.0 50.912000000000006 18.0
12,63,35,53,31,44,41,23,75,24,55,2,32,25,18,3,9,48,68,60,42,26,46,72,8,6,69,59,5,58,50,1,64,27,0,30,37,16,10,40,39,15,28,14,36,17,7,54,61,13,45,21,56,67,20,47,57,22,49,51,38,70,34,43,66,11,73,71,29,52,65,33,62,19,4,76,74 2845.0 52.138000000000005 20.0
12,63,35,53,31,9,41,23,24,75,55,2,32,25,18,3,44,48,68,60,42,26,46,72,8,59,69,70,5,50,1,64,27,0,30,37,16,21,40,39,15,28,14,36,17,7,54,45,61,13,10,58,56,47,62,51,57,49,20,38,6,22,34,43,66,11,73,71,4,52,65,33,67,19,29,76,74 2983.0 63.08800000000001 15.0
12,63,35,53,31,9,41,23,24,75,55,2,32,25,18,3,44,48,68,60,42,26,46,72,8,70,69,59,5,58,50,1,64,27,0,30,37,16,62,40,39,15,28,14,36,17,7,54,61,13,45,21,56,47,10,51,57,49,20,38,43,22,34,6,66,11,73,71,4,52,65,33,67,19,29,76,74 2911.0 49.730000000000004 19.0
12,63,35,53,31,44,41,23,24,75,55,2,32,25,18,3,9,48,68,60,42,26,46,72,8,69,59,5,6,58,50,1,64,27,0,30,37,16,62,40,39,15,28,14,36,17,7,54,10,61,52,13,45,21,76,20,47,57,22,49,51,38,70,34,43,66,11,73,71,29,65,33,67,19,4,56,74 2862.0 53.06400000000001 18.0
12,63,35,53,31,44,41,23,75,24,55,2,32,25,18,3,9,48,68,60,42,26,46,72,8,70,69,59,5,58,50,1,64,27,0,30,6,16,10,40,39,15,28,14,36,17,7,54,61,13,45,21,67,20,47,57,22,49,51,38,37,34,43,66,11,73,62,71,29,52,33,76,56,65,19,4,74 2806.0 54.83200000000001 20.0
12,63,35,53,75,31,44,41,23,24,55,2,32,25,18,3,9,48,68,60,42,26,46,72,8,70,69,59,6,58,50,1,64,27,0,30,37,16,62,40,39,15,28,14,36,17,7,54,10,61,13,45,21,76,20,47,57,22,49,51,38,5,34,43,66,11,73,71,29,52,65,33,56,19,4,67,74 2926.0 55.730000000000004 17.0
12,63,35,53,31,9,41,23,24,75,55,2,32,25,18,3,44,48,68,60,42,26,46,72,8,70,69,59,5,58,50,1,64,27,0,30,37,16,62,40,39,15,28,14,36,49,7,54,10,61,13,45,21,56,47,51,57,17,20,38,6,22,34,43,66,11,73,71,4,52,65,33,67,19,29,76,74 2924.0 49.730000000000004 18.0
#
72,70,32,57,53,68,35,22,54,51,8,12,2,73,24,61,62,63,28,41,39,9,45,65,48,64,36,20,25,23,56,21,74,15,52,26,37,71,33,43,75,69,44,11,30,13,18,60,50,58,42,49,10,4,6,7,16,34,5,66,38,14,0,1,47,76,40,17,67,31,19,46,29,27,59,3,55 3021.0 38.88999999999999 18.0
48,3,71,29,42,7,62,49,28,9,26,57,61,35,72,36,30,2,59,16,73,70,10,64,22,8,60,75,40,69,34,66,11,76,23,46,63,18,19,37,51,52,33,67,1,5,68,13,6,4,17,56,55,27,25,15,43,24,58,45,31,74,32,21,47,50,12,39,54,38,44,41,20,65,0,53,14 3513.0 87.978 13.0
72,53,32,57,70,68,35,22,51,8,12,45,73,24,61,62,63,43,41,28,30,2,39,65,48,44,36,20,25,23,21,60,74,15,52,26,71,33,64,10,9,56,11,75,49,50,58,37,42,13,18,69,4,6,7,16,34,5,66,38,14,0,1,47,3,40,54,17,67,31,19,46,29,27,59,76,55 2889.0 52.13000000000001 20.0
72,70,32,57,53,68,35,22,54,51,8,12,2,73,24,61,62,63,28,41,39,9,45,65,48,64,36,20,25,23,56,21,74,15,52,26,37,71,33,43,75,69,44,11,27,14,18,60,50,58,42,49,10,4,6,7,16,34,66,38,5,13,0,1,47,76,40,17,67,30,31,19,46,29,59,3,55 3101.0 39.458000000000006 17.0
72,53,32,57,70,68,35,22,54,51,8,12,45,73,24,61,62,63,43,41,28,30,2,39,65,48,44,36,20,25,23,21,76,60,74,15,52,26,71,33,64,10,9,56,11,75,49,50,58,37,42,6,18,69,4,7,16,13,5,34,66,38,14,47,0,1,40,17,67,31,19,46,29,27,59,3,55 2902.0 41.45000000000001 20.0
72,53,32,57,68,35,22,54,51,8,12,9,28,73,24,61,62,63,41,70,2,30,45,39,65,48,37,36,20,25,23,67,21,49,15,52,26,71,33,43,75,69,44,11,27,14,18,60,50,58,42,74,7,10,4,6,16,34,66,38,5,56,0,1,47,55,40,17,76,64,31,19,46,29,59,13,3 3160.0 45.23 16.0
72,70,32,57,53,68,35,22,54,51,8,12,45,73,24,61,62,63,43,28,30,2,39,65,48,44,36,20,25,41,23,21,60,74,15,52,26,71,33,64,10,9,56,11,75,49,50,58,37,42,13,18,69,4,6,7,16,34,5,66,38,14,0,1,47,76,40,17,67,31,19,46,29,27,59,3,55 2926.0 47.45000000000001 18.0
72,53,32,57,70,68,35,22,54,51,8,12,45,73,24,61,62,63,43,41,28,30,2,39,65,48,44,36,20,25,23,21,60,74,15,52,26,71,33,64,10,9,56,11,75,49,50,58,37,42,6,18,69,7,16,13,5,4,34,66,38,14,47,0,1,76,40,17,67,31,19,46,29,27,59,3,55 2892.0 47.45000000000001 20.0
72,53,32,57,70,68,35,22,54,51,8,12,45,73,24,61,27,63,43,48,28,30,2,39,65,44,36,20,25,23,21,60,74,15,52,26,71,33,64,10,9,56,11,41,75,49,50,58,37,42,6,18,69,4,7,16,13,5,34,66,38,14,47,0,1,76,40,17,67,31,19,46,29,62,59,3,55 3025.0 49.730000000000004 16.0
72,53,32,57,45,70,68,35,22,54,51,8,12,2,73,24,61,62,63,28,41,39,9,65,48,64,36,20,25,23,56,21,74,15,52,26,37,71,33,43,75,69,44,11,30,13,18,60,50,58,42,49,10,4,6,7,16,34,5,66,38,14,0,1,47,76,40,17,67,31,19,46,29,27,59,3,55 3017.0 39.440000000000005 20.0
72,70,32,57,53,68,35,22,54,51,8,12,45,73,24,61,62,63,43,47,28,30,2,39,65,48,44,36,20,25,23,21,60,74,15,52,26,71,33,64,69,9,56,11,75,18,50,58,37,42,49,10,4,6,7,16,13,5,34,66,38,14,0,1,41,76,40,17,67,31,19,46,29,27,59,3,55 3055.0 52.23 15.0
#
53,32,27,4,10,41,0,57,22,39,61,13,59,12,75,51,21,20,35,25,33,64,37,16,52,38,66,34,11,28,26,56,62,2,24,23,63,49,17,69,1,74,5,31,73,46,19,43,60,67,9,42,55,71,48,7,50,47,8,40,68,45,44,76,15,58,30,6,54,72,14,65,29,36,18,3,70 2901.0 52.434000000000005 18.0
53,32,71,66,10,41,62,57,22,4,61,34,21,12,17,75,59,51,13,20,35,25,33,64,37,16,52,38,39,11,28,26,56,2,24,23,43,1,73,69,0,74,5,31,27,49,19,63,46,60,67,9,42,55,48,7,76,47,8,15,72,44,45,50,40,58,30,54,29,14,65,68,6,36,18,3,70 3137.0 43.544000000000004 18.0
68,48,8,72,44,47,0,57,22,4,61,21,12,75,62,51,13,20,35,25,33,29,37,16,52,2,38,39,11,28,26,56,59,34,24,23,63,67,17,73,69,1,74,5,31,42,46,19,43,60,49,9,30,45,15,18,53,66,71,54,27,55,41,36,58,76,50,70,65,40,32,14,64,6,7,3,10 3716.0 70.186 12.0
53,32,27,39,10,41,0,22,4,61,13,59,75,51,20,21,35,12,25,33,57,64,16,52,37,38,26,34,11,28,66,56,62,2,24,23,63,49,17,1,69,74,5,31,73,46,19,43,60,67,9,42,55,71,48,7,50,47,8,40,68,45,44,76,15,58,30,6,54,72,14,65,29,36,18,3,70 2887.0 56.434000000000005 18.0
53,32,27,39,10,41,0,57,22,4,61,13,59,12,75,51,21,20,35,25,33,64,37,16,52,38,66,34,11,28,26,56,62,2,24,23,63,49,17,1,69,74,5,31,73,46,19,43,60,67,9,42,55,71,48,7,76,47,8,40,72,45,44,50,15,58,30,29,54,14,65,68,6,36,18,3,70 2894.0 54.99400000000001 18.0
70,66,29,53,10,41,0,57,22,4,61,34,21,12,75,59,51,13,20,35,25,33,64,37,16,52,11,39,28,38,26,56,62,2,24,23,63,49,17,73,1,74,69,5,31,42,46,19,43,60,67,9,55,71,48,7,76,47,8,40,15,72,44,45,50,54,14,65,6,27,68,3,36,18,58,30,32 3230.0 51.0 15.0
53,32,27,39,10,41,0,57,22,4,61,13,59,12,75,51,20,21,35,25,33,64,37,16,52,38,66,34,11,28,26,56,62,2,24,23,63,49,17,1,69,74,5,73,31,19,46,43,60,67,9,42,55,71,48,7,76,47,8,15,68,72,44,45,50,58,30,6,29,14,65,40,54,36,18,3,70 2933.0 51.25000000000001 18.0
70,66,35,34,53,22,10,41,46,15,4,44,55,62,73,28,26,16,65,75,21,30,52,71,42,23,36,27,54,25,61,68,19,47,24,0,8,51,48,2,74,69,59,49,1,14,57,58,64,45,18,29,33,60,11,9,7,63,43,67,3,12,5,37,38,31,13,6,76,72,40,32,17,56,20,39,50 3241.0 48.75600000000001 16.0
53,32,39,27,10,41,0,57,22,4,61,13,59,12,75,51,21,20,35,25,33,64,37,16,52,38,66,34,11,28,26,56,62,2,24,23,63,49,17,1,69,74,5,31,73,46,19,43,60,67,9,42,55,71,48,7,76,47,8,40,68,45,44,50,58,72,30,6,54,14,65,29,15,36,18,3,70 2985.0 47.51400000000001 18.0
70,66,34,53,22,10,41,48,15,4,44,55,62,73,28,26,16,75,21,30,52,42,23,25,27,71,74,61,68,35,19,47,24,6,67,51,46,2,36,69,59,49,1,14,57,58,64,45,18,29,54,33,60,11,9,7,63,43,65,8,3,12,5,37,38,31,39,0,76,72,40,13,17,56,20,50,32 3127.0 56.36800000000001 15.0
#
