# Problem = StaticVNFPlacementProblem
# Variables = 1
# Objectives = 3
71,99,87,86,36,82,104,25,15,41,76,40,4,64,98,97,32,101,11,94,5,49,65,90,50,38,9,74,59,93,23,68,34,18,8,7,107,45,27,1,103,6,75,2,3,80,42,53,43,0,108,96,73,44,72,46,95,12,66,60,84,54,51,33,92,29,89,83,17,61,19,85,16,24,91,22,79,78,14,35,28,77,37,47,48,58,67,81,100,10,102,106,31,13,56,88,63,70,69,30,39,20,57,52,62,26,105,55,21 4500.0 66.02000000000001 27.0
71,99,5,86,36,82,104,25,15,41,76,40,4,64,98,97,32,101,11,94,87,1,49,65,90,50,38,9,74,59,2,23,93,68,34,8,7,107,45,27,103,6,75,3,18,42,53,43,0,108,96,44,95,73,72,46,12,66,60,84,33,105,92,29,54,89,83,17,61,19,51,85,16,24,80,91,22,79,78,14,35,28,77,47,48,58,67,81,100,10,106,31,13,102,56,88,63,70,69,30,39,20,57,62,26,37,21,55,52 4329.0 67.11 22.0
71,99,15,86,36,82,104,25,5,41,76,40,4,64,98,97,32,101,11,94,87,1,49,65,90,50,38,9,74,59,2,83,23,93,68,34,8,7,107,45,27,103,6,75,3,18,42,53,43,0,108,96,44,95,73,72,46,54,12,66,60,84,92,51,29,89,33,17,61,19,105,85,16,24,80,91,22,79,78,14,35,28,77,47,48,58,67,81,100,10,106,31,13,102,56,88,63,69,30,39,20,57,62,26,37,21,70,55,52 4248.0 72.484 25.0
71,1,99,15,86,36,82,104,25,5,41,76,40,4,64,98,97,32,101,11,94,87,49,65,90,50,38,9,74,59,2,23,83,93,68,34,8,7,107,45,27,103,6,75,43,18,42,53,3,0,108,96,44,95,73,72,46,54,12,66,60,84,92,51,33,29,89,17,61,19,105,85,16,24,91,22,79,80,78,14,35,28,77,47,48,58,67,81,100,10,106,31,13,56,88,63,70,102,69,30,39,20,57,62,26,37,21,55,52 4215.0 75.17999999999999 25.0
38,71,99,86,36,82,104,25,15,87,41,76,40,4,64,98,97,32,101,11,45,5,49,65,90,50,23,28,9,74,59,2,94,68,34,8,27,107,7,1,103,6,93,75,3,42,53,43,0,108,96,73,44,95,92,72,46,12,66,60,84,54,51,33,29,89,83,17,61,19,85,16,24,80,91,22,79,78,14,18,35,77,47,48,58,67,81,100,10,102,106,31,13,56,88,63,70,69,30,52,39,20,57,62,26,37,21,55,105 4740.0 85.42999999999999 19.0
#
38,45,77,19,32,61,97,22,62,98,5,15,94,83,30,82,102,54,67,20,107,81,21,27,106,33,89,49,64,39,50,14,104,48,53,52,42,40,3,85,46,101,68,31,43,10,75,71,99,44,36,26,91,66,18,87,41,84,78,88,70,47,58,92,0,103,105,65,51,7,13,9,4,60,37,108,25,34,86,17,11,35,63,56,74,90,55,100,16,59,95,73,23,79,72,29,2,80,93,24,96,57,76,1,12,28,8,6,69 4766.0 74.27999999999999 25.0
69,33,6,50,28,61,89,24,42,25,93,38,10,98,75,97,43,19,2,45,96,15,99,56,54,101,107,49,40,68,64,67,57,102,39,1,82,77,85,23,5,104,62,3,14,94,92,53,71,30,44,36,26,91,18,87,51,41,84,78,88,70,108,47,58,20,0,103,105,65,17,7,13,90,4,60,37,34,16,66,11,35,74,63,48,55,100,59,72,95,9,73,52,79,29,86,31,22,83,32,81,106,12,76,27,80,21,8,46 4729.0 92.67799999999998 17.0
69,33,6,50,28,61,89,24,25,42,96,38,10,2,101,97,93,43,39,98,45,15,99,56,54,75,107,49,40,68,64,67,57,102,1,82,77,85,23,5,104,62,3,14,94,92,53,71,30,44,36,26,91,18,87,66,41,84,78,88,70,47,58,20,0,103,105,19,65,51,7,13,9,4,60,37,108,34,16,17,11,35,63,48,74,90,55,100,59,95,72,73,52,79,29,86,31,22,83,32,12,81,106,76,27,80,21,8,46 4667.0 81.71799999999999 20.0
69,57,6,77,28,61,96,24,45,97,5,15,94,83,30,82,102,54,67,20,107,81,21,27,106,33,89,49,64,39,50,14,104,48,53,52,42,40,3,85,46,101,68,31,43,10,75,71,99,44,36,26,91,66,18,87,41,84,78,88,70,47,58,92,0,103,65,51,7,13,9,4,60,37,108,25,34,86,17,11,35,63,56,74,90,105,55,100,16,59,95,73,23,79,72,29,2,80,22,98,32,38,19,76,62,1,12,8,93 5041.0 73.41999999999999 23.0
69,33,6,50,28,61,89,24,25,42,96,38,10,98,75,97,43,64,2,45,15,93,99,56,54,101,107,49,40,68,39,67,57,102,19,1,82,77,85,52,5,104,12,48,14,94,92,53,71,30,44,36,26,91,18,87,66,41,84,78,88,70,108,47,58,20,0,103,105,65,17,7,13,90,4,60,37,34,16,51,11,35,63,3,74,55,100,59,72,95,9,73,23,79,29,86,31,27,22,83,32,81,106,76,62,80,21,8,46 4537.0 86.018 20.0
69,33,6,50,28,61,89,24,25,42,96,38,10,2,75,97,43,19,98,45,93,15,99,56,54,101,107,49,40,68,64,67,57,102,39,1,82,77,66,52,5,104,12,48,14,94,92,53,71,30,44,36,26,91,18,87,51,41,84,78,88,70,47,108,58,20,0,103,105,65,17,7,13,90,4,60,34,16,85,11,35,63,3,74,55,27,100,59,37,95,73,23,79,72,29,86,31,9,22,83,32,81,106,76,62,80,21,8,46 4525.0 82.554 21.0
69,33,6,50,28,61,89,24,42,25,93,38,10,98,75,97,43,19,2,45,96,15,99,56,54,101,107,49,40,68,64,67,57,102,39,1,82,77,85,23,5,104,62,3,14,94,92,53,71,30,44,36,26,91,18,87,51,41,84,78,88,70,47,58,20,0,103,105,65,66,7,13,9,4,60,37,108,34,16,17,11,35,63,48,74,90,55,100,59,95,73,52,79,72,29,86,31,22,83,32,81,106,12,76,27,80,21,8,46 4672.0 83.71799999999999 18.0
69,33,6,50,28,61,89,24,25,42,93,38,10,2,75,97,43,19,98,45,96,15,99,56,54,101,107,49,40,68,64,67,57,102,39,1,82,77,66,52,5,104,12,48,14,94,92,53,71,30,44,36,26,91,18,87,51,41,84,78,88,70,47,108,58,20,0,103,105,65,17,7,13,90,4,60,34,16,85,11,35,63,3,74,55,9,100,59,37,95,73,23,79,72,29,86,31,27,22,83,32,81,106,76,62,80,21,8,46 4483.0 97.01799999999999 21.0
69,33,6,50,28,61,89,24,25,42,93,38,10,2,75,97,43,39,98,45,96,15,99,56,54,101,107,49,40,68,64,67,57,102,19,1,82,77,85,23,5,104,62,3,14,94,92,53,71,30,44,36,26,91,18,87,66,41,84,78,88,70,47,58,20,0,103,105,65,51,7,13,9,4,60,37,108,34,16,17,11,35,63,48,31,90,55,100,59,95,73,52,79,72,29,86,74,22,83,32,81,106,12,76,27,80,21,8,46 4704.0 81.354 22.0
38,45,77,19,32,61,97,22,62,98,5,15,94,83,30,82,102,54,67,20,107,81,21,27,106,33,89,49,64,39,50,14,104,48,53,52,101,42,40,3,85,46,68,31,43,10,75,71,99,44,36,26,91,66,18,87,41,84,78,88,70,47,58,92,0,103,105,65,51,7,13,9,4,60,37,108,34,86,17,11,35,63,56,74,90,55,100,59,95,73,23,79,72,29,16,25,2,80,93,24,96,57,76,1,12,28,8,6,69 4663.0 76.50200000000001 24.0
69,33,6,50,28,61,89,24,96,25,42,38,10,2,75,97,93,43,39,98,45,15,99,56,54,101,107,49,40,68,64,67,57,102,19,1,82,77,85,23,5,104,62,3,14,94,92,53,71,30,44,36,26,91,18,87,66,41,84,78,88,70,47,58,20,0,103,105,65,51,7,13,9,4,60,37,108,34,16,17,11,35,63,48,31,90,55,100,59,95,73,52,79,72,29,86,74,22,83,32,81,106,12,76,27,80,21,8,46 4608.0 85.238 19.0
69,33,6,50,28,61,89,24,25,42,96,38,10,2,75,97,43,98,45,93,19,15,99,56,54,101,107,49,40,68,64,67,57,102,39,1,82,77,85,52,5,104,12,48,14,94,92,53,71,30,44,36,26,91,18,87,66,41,84,78,88,70,108,47,58,20,0,103,105,65,17,7,13,90,4,60,37,34,51,11,35,63,3,74,16,55,100,59,72,95,9,73,23,79,29,86,31,27,22,83,32,81,106,76,62,80,21,8,46 4495.0 86.018 21.0
#
20,18,75,58,50,13,12,73,24,107,85,98,19,3,61,92,86,53,102,60,77,31,32,84,101,54,89,37,17,22,42,83,14,7,47,26,46,52,36,27,65,45,9,49,6,28,16,90,4,106,78,81,87,69,0,33,70,62,2,66,5,108,39,64,76,100,71,8,95,63,72,48,97,104,30,25,82,103,44,94,41,43,96,1,34,57,55,51,40,99,15,74,23,105,80,35,21,88,56,10,79,91,11,68,67,59,29,93,38 4713.0 65.404 29.0
107,39,46,33,9,65,14,3,7,95,5,45,105,79,60,48,22,53,50,64,86,76,13,17,23,31,66,70,97,98,15,26,49,71,34,43,85,94,74,6,82,1,2,59,73,62,102,52,40,4,106,78,81,87,69,0,58,84,28,89,20,108,18,16,77,100,37,8,24,51,63,96,72,61,47,104,25,27,92,32,41,101,12,57,55,11,36,99,30,44,54,75,103,80,93,35,21,68,88,56,19,91,90,10,67,42,29,83,38 5045.0 93.816 20.0
20,18,75,58,50,13,12,73,24,85,40,19,61,3,92,69,86,53,107,102,60,77,31,84,101,54,89,17,22,42,83,14,7,47,37,26,46,52,36,81,65,45,9,49,6,28,16,90,4,106,78,27,32,87,0,33,70,62,2,66,5,108,39,64,76,100,71,8,95,51,63,72,48,59,104,25,30,82,94,23,41,43,96,1,34,57,55,11,21,15,74,68,105,80,35,99,103,88,56,79,91,98,10,44,67,97,29,38,93 4293.0 80.21199999999999 29.0
20,18,75,58,50,13,12,73,24,85,40,19,107,3,61,69,92,86,53,102,100,60,77,31,101,54,89,17,22,42,83,14,7,47,37,26,46,52,36,27,65,45,106,9,49,6,28,16,90,4,78,81,32,87,0,33,70,62,2,66,5,108,39,64,84,76,71,8,95,51,63,72,48,59,104,25,57,82,94,41,43,96,1,34,30,55,11,23,21,15,74,44,105,80,35,99,103,88,56,79,91,98,10,68,67,97,29,38,93 4514.0 69.768 27.0
20,18,75,58,50,13,12,73,24,85,98,19,3,61,92,69,86,53,107,102,60,77,31,101,54,89,17,22,42,83,14,7,47,37,26,46,52,36,27,65,45,106,9,49,6,28,16,90,4,78,81,32,87,0,33,70,62,2,66,5,108,39,64,76,100,71,8,95,51,63,72,84,48,59,104,25,30,82,94,41,43,96,1,34,57,55,11,23,21,15,74,44,105,80,35,99,103,88,56,79,91,40,10,68,67,97,29,38,93 4596.0 77.96399999999998 26.0
20,18,75,58,50,13,12,73,24,85,98,19,3,61,92,69,86,53,107,102,60,77,31,101,54,89,17,22,42,83,14,7,47,37,26,46,52,36,27,65,45,106,9,49,6,28,16,90,4,78,81,32,87,0,33,70,62,2,66,5,108,39,64,76,100,71,8,95,51,63,72,84,48,59,104,25,30,82,94,41,43,96,1,34,57,55,11,23,21,15,74,68,105,80,35,99,103,88,56,79,91,40,10,44,67,97,29,93,38 4624.0 75.26 26.0
23,18,75,58,50,13,12,73,24,107,85,98,19,3,61,92,86,53,102,60,77,31,84,101,54,89,17,42,83,14,7,47,37,26,46,52,36,27,65,22,62,45,9,49,6,28,16,90,4,106,78,81,32,87,69,0,33,70,2,66,5,108,39,64,72,59,103,63,82,38,44,8,41,67,56,71,104,30,48,34,21,57,95,91,105,43,88,1,10,93,29,79,35,15,11,40,99,55,76,100,80,97,94,25,74,68,20,51,96 4774.0 90.13799999999999 23.0
20,18,75,58,50,13,12,73,24,85,40,19,61,3,92,69,86,53,107,102,60,77,2,84,101,54,89,17,22,42,83,14,7,47,6,26,46,52,36,27,65,45,9,49,37,28,16,90,4,78,81,106,32,87,0,33,70,62,31,66,5,108,39,64,76,100,71,8,95,51,63,72,48,23,59,104,25,30,82,94,41,43,96,1,34,57,55,11,21,15,74,44,105,80,35,99,103,88,56,79,91,98,10,68,67,97,29,38,93 4316.0 76.08 29.0
20,18,75,58,50,13,12,73,24,3,85,40,19,61,92,69,86,53,107,102,60,77,31,84,101,54,89,17,22,42,83,14,7,47,37,26,46,52,36,27,65,45,9,49,6,28,16,90,4,106,78,81,32,87,0,33,70,62,2,66,108,39,64,76,100,71,8,95,51,63,72,48,59,104,25,30,82,5,94,41,43,96,1,34,57,55,11,23,21,15,74,68,105,80,35,99,103,88,56,79,91,98,10,44,67,97,29,93,38 4395.0 87.08000000000003 27.0
20,18,75,58,50,13,12,73,24,85,40,19,61,3,92,69,86,53,107,102,60,77,2,84,101,54,89,17,22,42,106,14,7,47,37,36,46,52,26,27,65,45,9,49,6,16,90,4,78,81,83,32,87,0,33,70,62,31,66,5,108,39,64,28,76,100,71,8,95,51,63,72,48,23,59,104,25,30,82,94,41,43,96,1,34,57,55,11,21,15,74,44,105,80,35,99,103,88,56,79,91,98,10,68,67,97,29,38,93 4317.0 75.36 29.0
20,18,75,58,50,13,12,73,24,85,40,19,61,3,92,69,86,53,107,102,60,77,31,84,101,54,89,17,22,42,83,44,14,7,47,37,26,46,52,36,27,65,45,9,49,6,28,16,90,4,78,81,106,32,87,0,33,70,62,2,66,5,108,39,64,76,100,71,8,95,51,63,72,48,59,104,25,30,82,94,41,43,96,1,34,57,55,11,23,21,15,74,105,80,35,99,103,88,56,79,91,98,10,68,67,97,29,38,93 4469.0 77.548 27.0
#
59,15,46,49,7,12,61,63,84,93,23,20,25,47,82,56,19,66,77,100,31,67,53,89,71,90,24,40,45,16,9,3,2,79,108,14,32,73,104,95,41,62,64,33,83,13,51,4,75,8,55,68,29,0,21,37,35,69,50,54,96,27,57,87,1,80,60,107,92,6,85,44,18,5,17,106,98,43,70,86,78,103,58,76,10,30,88,52,34,48,39,81,91,65,74,99,101,94,26,28,105,11,22,97,38,36,42,72,102 5006.0 92.00000000000001 19.0
75,47,67,88,4,24,48,61,7,28,104,77,65,29,66,42,36,32,15,19,91,79,74,99,34,16,9,11,83,25,40,26,59,97,8,93,31,94,52,41,72,21,33,73,13,100,98,89,46,22,71,20,45,12,63,37,30,69,50,54,96,27,57,1,80,60,107,92,6,85,44,18,5,17,106,39,35,43,70,86,78,103,58,49,101,55,53,90,64,68,23,56,62,102,105,87,3,76,0,108,51,2,38,82,95,84,14,10,81 4677.0 70.104 22.0
75,47,67,88,4,24,48,61,7,28,104,77,65,29,66,42,36,32,15,19,91,79,74,99,34,16,9,11,83,25,40,26,59,97,8,93,70,94,52,31,41,72,21,33,73,35,100,13,89,22,71,20,37,45,12,63,76,69,50,96,27,64,87,1,6,80,60,107,82,92,57,85,39,44,18,5,17,106,98,43,46,86,78,103,58,49,101,55,53,90,68,23,56,62,102,81,3,0,30,108,51,54,2,38,95,84,14,10,105 4316.0 60.920000000000016 27.0
75,47,67,88,4,24,48,61,7,28,104,77,65,29,66,42,36,32,15,19,91,79,74,99,34,16,9,11,83,25,17,26,59,97,8,93,70,94,52,31,41,72,21,33,73,35,100,13,89,22,71,20,64,45,12,63,37,76,69,50,96,27,18,57,87,1,80,60,107,92,6,85,44,5,40,106,39,98,43,46,86,78,103,58,82,101,55,53,90,68,23,56,62,102,105,3,30,0,108,51,2,54,38,49,95,84,14,10,81 4455.0 76.56 24.0
75,47,67,88,4,24,48,61,7,28,104,77,65,29,66,42,36,32,15,19,91,79,74,99,34,16,9,11,83,25,40,26,59,97,8,93,33,94,52,31,41,72,21,73,13,100,39,89,46,22,71,20,45,12,63,37,76,69,50,96,27,57,87,1,80,60,107,92,6,85,44,54,18,55,17,106,98,43,70,86,78,103,58,35,49,101,5,53,90,68,23,56,62,102,105,3,30,0,108,51,2,64,38,82,95,84,14,10,81 4585.0 65.194 25.0
75,47,67,88,4,24,48,61,7,28,104,77,65,29,66,42,36,32,15,19,91,79,74,99,34,16,9,11,83,25,40,26,59,97,8,93,94,52,31,41,72,21,33,73,13,100,98,89,46,22,71,20,45,12,63,37,30,69,50,54,96,27,57,1,80,60,107,92,6,85,44,18,5,17,106,39,35,43,70,86,78,103,58,49,101,55,53,90,64,68,23,56,62,102,105,3,76,0,108,51,2,87,38,82,95,84,14,10,81 4659.0 70.104 23.0
75,47,67,88,4,24,48,61,7,28,104,77,65,29,66,42,36,32,15,19,91,79,74,99,34,16,9,11,83,25,40,26,59,97,8,93,70,94,52,31,41,72,21,33,73,35,100,13,89,22,71,20,45,12,63,76,37,64,69,50,96,27,6,87,1,80,60,107,92,57,85,44,18,5,17,106,39,98,43,46,86,78,103,58,49,101,55,53,90,68,23,56,102,105,3,30,0,62,108,51,2,54,38,82,95,84,14,10,81 4371.0 78.36000000000001 25.0
75,47,67,88,4,24,48,61,7,28,104,77,65,29,66,42,36,32,15,19,91,79,74,99,34,16,9,11,83,25,40,26,59,97,8,93,70,94,52,31,41,72,21,33,12,73,35,100,13,89,22,71,20,45,64,63,37,76,69,50,96,27,6,87,1,80,60,107,92,57,85,44,18,5,17,106,39,98,43,46,86,78,103,58,49,101,55,53,82,90,68,23,56,62,102,81,3,0,30,108,51,54,2,38,95,84,14,10,105 4322.0 66.254 26.0
#
65,35,99,16,70,69,50,46,61,102,86,25,12,13,60,33,31,44,39,10,24,40,106,78,63,41,32,107,108,8,4,55,62,51,91,23,81,71,58,5,95,7,75,82,19,42,53,105,98,59,103,36,92,45,77,15,38,68,101,89,88,27,90,67,76,73,34,56,64,49,87,1,9,47,84,96,52,14,18,3,21,11,97,0,94,17,20,80,57,66,2,54,104,100,79,72,37,30,43,22,48,74,28,6,85,29,26,83,93 4543.0 65.41 26.0
65,35,99,16,70,69,50,46,61,102,86,25,12,13,60,40,31,44,39,10,24,106,78,63,33,62,41,32,107,8,4,55,108,51,91,1,23,81,71,58,5,7,75,82,19,42,2,53,105,59,103,101,92,98,15,38,68,77,45,36,89,88,27,90,67,76,56,34,64,49,87,47,84,96,52,14,18,3,43,11,57,97,85,0,94,17,20,80,21,6,95,54,104,100,66,79,72,37,30,73,9,22,74,28,29,48,26,83,93 4688.0 79.80000000000001 19.0
65,35,99,16,70,69,50,46,61,102,41,86,25,12,13,60,33,31,44,39,10,24,40,62,106,78,63,32,107,8,4,55,108,51,91,23,57,71,58,5,98,7,75,82,19,42,95,53,105,59,103,36,92,43,15,90,38,68,77,45,101,89,88,27,67,76,34,56,64,49,87,1,9,47,84,96,52,14,18,3,21,11,97,85,0,94,17,20,80,81,6,2,54,104,100,66,72,73,30,37,79,22,74,28,29,48,26,83,93 4549.0 66.584 22.0
65,35,99,16,70,69,50,46,61,102,86,25,12,13,60,33,31,44,39,4,24,40,106,78,63,41,32,98,107,108,8,55,10,62,51,91,23,81,71,58,5,7,75,82,19,42,2,53,105,59,103,36,92,1,45,38,68,77,15,101,89,88,27,90,67,76,56,34,64,49,87,47,84,96,52,14,18,3,43,11,57,17,97,85,0,94,20,80,21,95,54,104,100,66,79,72,28,30,73,22,74,37,6,9,29,48,26,83,93 4281.0 83.36 25.0
65,35,99,16,70,69,50,46,55,102,86,25,12,13,60,33,31,44,78,4,24,40,106,39,63,41,32,98,107,108,8,61,10,62,51,91,23,81,71,58,5,7,75,82,77,19,42,2,53,105,59,103,36,92,1,15,38,68,45,101,89,88,27,90,67,56,34,64,49,87,76,47,84,96,52,14,18,3,48,11,57,17,94,97,85,0,43,20,80,21,95,54,104,100,66,79,72,28,30,73,22,74,37,6,9,29,26,83,93 4285.0 65.86 28.0
3,35,52,56,70,81,50,36,106,62,30,41,54,6,68,24,96,93,88,71,85,67,15,98,28,31,13,74,8,14,72,32,91,69,16,89,29,39,51,47,79,77,37,23,10,99,84,87,58,65,82,49,83,33,101,61,7,97,4,57,1,102,48,9,73,11,2,40,46,60,78,44,19,108,107,26,95,105,100,38,64,21,53,63,76,59,22,0,104,55,5,20,66,94,86,92,25,42,43,18,27,17,80,34,45,12,103,75,90 4736.0 75.868 20.0
65,35,99,16,70,50,46,61,102,86,25,12,13,60,33,31,44,39,4,24,40,78,63,41,106,32,1,107,108,8,55,10,62,51,91,23,81,71,58,5,7,75,82,19,42,2,53,105,59,103,101,92,98,15,38,68,77,45,36,89,88,27,90,67,34,56,64,49,87,76,47,84,96,52,14,18,3,17,11,57,97,85,0,94,43,20,80,21,6,95,54,104,28,66,79,72,73,30,37,9,22,74,100,29,48,26,83,93,69 4464.0 69.96600000000001 24.0
65,35,99,16,70,69,50,46,61,102,86,25,12,13,60,33,31,44,78,4,24,40,106,63,41,39,32,1,107,108,8,55,10,62,51,91,23,81,71,58,5,7,75,82,48,19,42,2,105,59,103,101,92,98,15,38,68,77,45,36,89,88,27,90,67,56,34,64,49,87,76,47,84,96,14,52,18,3,43,11,57,97,85,0,94,17,20,80,21,95,54,104,100,66,79,72,28,30,73,22,74,37,6,9,29,53,26,83,93 4248.0 71.16 26.0
65,35,99,16,70,69,50,46,61,102,86,25,12,13,60,33,31,44,78,4,24,40,106,39,63,41,32,98,107,108,8,55,10,62,51,91,23,81,71,58,5,7,75,82,77,19,42,2,53,105,59,103,36,92,1,15,38,68,45,101,89,88,27,90,67,56,34,64,49,87,76,47,84,96,52,14,18,3,48,11,57,17,94,97,85,0,43,20,80,21,95,54,104,100,66,79,72,28,30,73,22,74,37,6,9,29,26,83,93 4270.0 70.41 27.0
65,35,99,16,70,39,69,50,46,61,102,86,25,12,13,60,33,31,44,78,4,24,40,106,63,41,32,1,107,108,8,55,10,62,51,91,23,81,71,58,5,7,75,82,19,42,2,53,105,59,103,101,92,98,15,38,68,77,45,36,89,88,27,90,67,56,34,64,49,87,76,47,84,96,52,14,18,3,43,11,57,17,97,85,0,94,20,80,21,95,54,104,100,66,79,72,28,30,73,22,74,37,6,9,29,48,26,83,93 4246.0 71.21 26.0
65,35,99,16,70,69,50,46,61,102,86,25,12,13,60,40,31,44,39,10,24,106,78,63,33,62,41,32,107,8,4,55,108,51,91,1,23,81,71,58,5,7,75,82,19,42,95,53,105,59,103,36,92,43,15,90,38,68,77,45,101,89,88,27,67,76,56,34,64,49,87,47,84,96,52,14,18,3,98,11,57,97,85,0,94,17,20,80,21,6,2,54,104,100,66,79,72,37,30,73,9,22,74,28,29,48,26,83,93 4633.0 80.638 21.0
65,35,99,16,70,69,50,46,61,102,86,25,12,13,60,33,31,11,39,10,24,40,106,78,63,41,32,1,107,108,8,4,55,62,51,91,23,81,71,58,5,7,75,82,19,42,2,53,105,59,103,36,92,98,15,38,68,77,45,101,89,88,27,90,67,56,34,64,49,87,76,47,84,96,52,14,18,3,43,44,57,17,97,85,0,94,20,80,21,95,54,104,100,66,79,72,28,30,73,22,74,37,6,9,29,48,26,83,93 4511.0 71.674 23.0
65,35,99,16,70,69,50,46,61,102,86,25,12,13,60,33,31,44,39,55,24,40,78,63,106,41,32,98,107,108,8,4,10,62,51,91,23,81,71,58,5,7,75,82,19,42,2,53,105,59,103,36,92,1,15,38,68,77,45,101,89,88,27,90,67,56,34,64,49,87,76,47,84,96,52,14,18,85,43,11,57,97,3,0,94,17,20,80,21,95,54,104,100,66,79,72,28,30,73,22,74,37,6,9,29,48,26,83,93 4311.0 70.21 26.0
65,35,99,16,70,69,50,46,61,102,86,25,12,13,60,33,31,44,39,4,24,40,106,78,63,41,32,1,107,108,8,55,10,62,51,91,23,81,71,58,5,7,75,82,48,19,42,2,53,105,59,103,101,92,98,15,38,68,77,45,36,89,88,27,90,67,56,34,64,49,87,76,47,84,96,52,14,18,3,43,11,57,94,97,85,0,17,20,80,21,95,54,104,100,66,79,72,30,73,22,74,37,6,9,29,28,26,83,93 4286.0 71.21 25.0
#
38,95,11,50,5,99,14,56,107,32,41,102,9,17,58,28,10,52,47,71,97,24,45,21,64,3,86,61,103,91,40,39,94,26,37,19,62,106,43,46,55,75,25,48,16,53,77,15,1,83,30,35,23,44,7,93,66,42,72,100,59,67,89,76,79,104,65,90,84,73,78,20,108,63,68,87,33,31,92,57,69,29,51,22,49,12,18,80,0,81,54,27,13,82,34,60,96,101,105,88,2,70,4,6,74,98,8,85,36 4635.0 65.00399999999999 26.0
87,44,42,18,58,15,2,40,76,104,75,88,50,20,16,102,84,26,41,54,62,48,91,25,47,64,85,38,36,51,27,86,28,22,56,81,11,79,99,10,17,93,68,96,39,12,53,100,61,103,82,14,6,8,92,32,95,71,5,45,106,72,21,30,1,94,66,35,90,55,107,77,98,80,43,60,108,65,4,13,69,23,19,105,3,97,70,67,29,52,49,0,63,24,57,34,7,33,74,73,59,78,89,101,83,46,9,37,31 5166.0 163.25000000000003 19.0
38,95,17,50,107,99,14,56,32,41,102,9,11,58,28,10,52,5,27,71,97,24,45,21,106,3,86,61,103,91,40,39,94,26,37,19,62,64,43,46,55,75,25,68,16,53,77,15,1,83,30,35,23,44,7,93,66,42,72,100,59,67,89,76,79,104,65,90,84,73,78,20,108,63,48,87,33,31,92,57,69,29,51,22,49,12,18,80,0,81,54,101,13,82,34,60,96,47,105,88,2,70,4,6,8,74,98,85,36 4333.0 73.73 27.0
38,95,11,5,50,99,14,56,32,45,102,17,9,40,58,28,10,52,27,71,97,24,41,21,64,3,86,61,103,39,91,94,26,37,19,62,106,43,46,55,75,25,48,16,53,77,15,1,83,30,35,23,44,7,93,66,42,72,100,59,67,54,76,79,104,65,90,84,73,20,107,13,108,63,68,87,33,31,92,57,69,4,89,51,22,49,12,18,80,0,81,78,47,82,88,60,34,96,101,105,2,70,29,85,74,98,8,6,36 4671.0 65.83 21.0
38,95,17,50,107,99,14,56,32,41,102,9,11,58,28,5,27,10,52,71,97,24,45,21,106,3,86,61,103,91,40,39,94,26,37,19,8,64,43,46,55,75,25,68,16,53,77,15,1,83,30,35,23,44,7,93,66,42,72,100,59,67,89,76,79,104,65,90,84,73,78,20,108,63,48,87,33,31,92,57,69,29,51,22,49,12,18,80,0,81,54,101,13,82,34,60,96,47,105,88,2,70,4,6,62,74,98,85,36 4342.0 71.13 27.0
38,95,11,50,5,99,14,56,107,32,41,102,9,17,58,28,10,52,27,97,24,45,21,64,3,86,61,103,91,40,39,94,26,37,19,62,106,43,46,55,75,25,48,16,53,77,71,15,1,83,30,35,23,44,7,93,66,42,72,100,59,67,89,76,79,104,65,90,84,73,13,20,108,63,68,87,33,31,92,57,69,4,51,22,49,12,18,80,0,81,54,47,78,82,34,60,96,101,105,88,2,70,29,6,8,74,98,85,36 4635.0 65.54 25.0
38,95,11,50,99,14,56,107,32,41,102,9,17,58,28,10,52,5,27,71,97,24,45,21,64,3,86,61,103,91,40,39,94,26,37,19,62,106,55,43,46,75,25,48,16,53,77,15,1,83,30,35,23,44,7,93,66,42,72,100,59,67,89,76,79,104,65,90,84,73,13,20,108,63,68,87,33,31,96,57,69,4,51,22,49,12,18,80,0,81,54,47,78,82,34,60,92,101,105,88,2,70,29,6,74,98,8,85,36 4482.0 80.83 22.0
38,95,11,50,5,99,14,56,107,32,41,102,9,17,58,28,10,52,27,71,97,24,45,21,64,3,86,61,103,91,40,39,94,26,37,19,62,106,43,46,55,75,25,48,16,53,77,15,1,83,30,35,23,44,7,93,66,42,72,100,59,67,89,76,79,104,65,90,84,73,13,20,108,63,68,87,33,31,96,57,69,4,51,22,49,12,18,80,0,81,54,47,78,82,34,60,92,101,105,88,2,70,29,6,74,98,8,85,36 4542.0 69.9 22.0
38,95,11,50,99,14,56,107,32,41,102,9,17,58,28,10,52,5,27,71,97,24,45,21,64,3,86,61,103,91,40,39,94,26,37,19,62,106,43,46,55,75,25,68,16,53,77,15,1,83,30,35,23,44,7,93,66,42,72,100,59,67,89,76,79,104,65,90,84,73,78,20,108,63,48,87,33,31,92,57,69,29,51,22,49,12,18,80,0,81,54,47,13,82,34,60,96,101,105,88,2,70,4,6,74,98,8,85,36 4419.0 78.83000000000001 26.0
38,95,11,50,99,14,107,56,32,5,27,41,102,9,17,58,28,10,52,71,97,24,45,21,106,3,61,103,91,40,39,94,26,37,19,62,64,43,46,55,86,75,25,68,16,53,77,15,1,83,30,35,23,44,7,93,66,42,72,100,59,67,89,76,79,104,65,90,84,73,78,20,108,63,48,87,33,31,92,57,69,29,51,22,49,12,18,80,0,81,54,47,13,82,34,60,96,101,105,88,2,70,4,6,74,98,8,85,36 4410.0 68.44 27.0
38,95,11,50,99,14,107,56,32,5,27,41,102,9,17,58,28,10,52,71,97,24,45,21,106,3,86,61,103,91,40,39,94,26,37,19,62,64,43,46,55,75,25,68,16,53,77,15,1,83,30,35,23,44,7,93,66,42,72,100,59,67,89,76,79,104,65,90,84,73,78,20,108,63,48,87,33,31,92,57,69,29,51,22,49,12,18,80,0,81,54,47,13,82,34,60,88,96,101,105,2,70,4,6,74,98,8,85,36 4403.0 70.53 27.0
#
59,90,62,35,67,85,79,36,43,23,45,13,73,100,91,65,12,78,40,61,60,98,46,1,71,5,108,69,57,54,89,56,8,101,4,44,53,0,47,92,24,18,66,107,16,105,51,97,81,31,29,86,68,34,41,72,104,22,11,58,50,75,87,25,88,93,6,95,2,74,84,39,9,32,28,42,82,38,17,77,52,27,106,14,99,49,15,7,63,76,94,10,103,3,26,19,55,20,96,102,70,33,83,37,80,64,21,48,30 4359.0 77.18400000000001 23.0
59,90,62,35,67,85,79,36,43,23,45,1,73,100,91,65,12,78,17,61,13,60,98,46,71,5,108,69,57,54,89,56,8,101,4,44,53,0,47,92,24,18,66,107,16,97,51,105,81,31,20,86,68,34,41,72,104,22,11,58,50,75,87,25,88,93,6,95,2,74,84,39,9,32,28,42,82,38,40,77,52,27,106,76,99,49,15,7,63,14,103,94,10,3,26,19,55,29,96,102,70,33,83,37,80,64,21,48,30 4770.0 67.884 26.0
59,90,62,61,35,67,85,79,36,43,23,45,1,73,100,91,65,12,78,17,13,60,98,46,8,5,108,69,57,54,89,56,71,101,4,44,53,0,47,92,24,18,66,107,16,97,51,105,81,31,29,86,68,34,41,72,104,22,11,58,50,75,87,25,88,93,6,95,2,28,84,39,9,32,40,74,42,82,38,77,52,27,106,76,99,49,15,7,63,10,14,103,94,3,26,19,55,20,33,96,102,70,83,37,80,64,21,48,30 4927.0 102.572 19.0
59,90,62,35,67,85,79,36,43,23,45,60,73,100,91,65,12,78,17,61,13,98,46,1,71,5,108,69,57,54,89,56,8,101,4,44,53,0,47,92,24,18,66,107,16,97,51,105,81,31,20,86,68,34,41,72,104,22,11,58,50,75,87,25,88,93,6,95,2,74,84,39,9,32,28,42,82,14,38,40,77,52,27,106,76,99,49,15,7,63,103,94,10,3,26,19,55,29,96,102,70,33,83,37,80,64,21,48,30 4680.0 71.72800000000001 26.0
59,90,62,35,67,85,79,36,43,23,45,1,73,100,91,65,12,78,17,61,13,60,98,46,71,5,108,69,57,54,89,56,8,101,4,44,53,28,47,92,24,18,66,107,16,97,51,105,81,31,29,86,68,34,41,72,104,22,11,58,50,75,87,25,88,93,6,95,2,74,84,39,9,32,0,42,82,38,40,77,52,27,106,76,99,49,15,7,63,14,103,94,64,26,19,55,20,33,96,102,70,10,83,37,80,3,21,48,30 4564.0 73.96000000000001 21.0
59,90,62,35,67,85,79,36,43,23,45,73,100,91,65,12,78,40,61,13,60,98,46,1,71,5,108,69,31,57,54,89,56,8,101,4,44,53,0,47,92,24,18,66,107,16,97,51,105,81,29,86,68,34,41,72,104,22,11,58,50,75,87,25,88,93,6,95,2,74,84,39,9,32,28,42,82,14,17,77,52,27,106,38,99,49,15,7,63,76,103,94,10,3,26,19,55,20,96,102,70,33,83,37,80,64,21,48,30 4379.0 73.184 23.0
59,90,62,35,67,85,79,36,43,23,45,73,100,91,65,12,78,40,61,13,60,98,46,1,71,5,108,69,57,8,89,56,54,101,4,44,53,0,47,92,24,18,66,107,16,97,41,105,81,31,29,86,68,34,51,72,104,22,11,58,50,75,87,25,88,93,6,95,2,74,84,39,9,32,28,42,82,38,17,77,52,27,106,14,99,49,15,7,63,76,103,94,10,3,26,19,55,20,96,102,70,33,83,37,80,64,21,48,30 4370.0 77.184 23.0
#
57,80,52,22,9,21,64,15,101,77,42,93,30,4,16,13,76,32,69,65,105,46,45,99,20,10,70,61,11,94,25,18,62,98,19,8,23,51,90,102,82,60,79,87,44,54,29,85,14,50,67,37,71,3,58,5,89,104,100,24,75,73,83,34,97,0,78,84,1,48,72,40,88,95,74,92,38,17,108,86,56,63,47,26,35,31,49,66,7,27,28,107,55,43,36,53,96,81,91,39,6,106,33,12,2,103,41,59,68 4708.0 63.14399999999999 28.0
72,46,4,97,82,16,27,54,93,18,51,57,65,76,75,12,0,73,38,58,102,95,13,29,83,64,25,56,19,47,84,33,8,59,35,62,100,5,6,31,81,108,36,49,17,55,32,86,40,67,2,94,74,41,99,92,96,50,71,9,1,63,48,80,52,22,10,107,105,101,45,90,53,24,78,23,43,79,103,68,15,37,34,11,39,66,104,88,91,89,98,77,60,28,26,20,70,85,42,21,3,87,30,7,44,61,106,14,69 5087.0 121.806 19.0
57,80,52,22,9,21,64,15,101,77,42,93,30,4,99,16,13,76,46,32,69,65,45,105,11,20,10,70,61,94,25,18,62,98,19,8,23,51,90,102,83,60,79,1,44,17,29,85,14,50,67,28,3,71,58,5,89,104,100,24,34,73,82,75,97,0,78,84,87,48,72,40,88,95,74,92,38,54,108,86,56,63,47,26,35,49,66,81,27,37,107,55,43,36,53,96,59,12,31,7,91,39,106,33,2,6,103,41,68 4312.0 67.848 26.0
57,80,52,22,9,21,64,15,101,77,42,93,30,4,99,16,13,76,46,32,69,65,105,45,11,20,10,70,61,94,25,18,62,98,19,8,23,51,90,102,82,60,79,1,44,54,29,85,14,50,67,37,3,71,58,5,89,104,100,24,34,73,83,75,97,0,78,84,87,48,72,40,88,95,74,92,38,17,108,86,56,63,47,31,26,2,49,7,27,66,28,107,55,43,36,53,96,12,81,6,91,39,106,33,35,103,41,59,68 4503.0 67.81200000000001 24.0
57,80,52,22,9,21,64,15,101,77,42,93,30,4,99,16,13,76,46,32,69,65,105,45,11,20,10,70,61,94,25,18,62,98,19,90,23,51,8,102,82,60,79,1,44,17,73,29,85,14,50,67,28,71,3,58,5,89,104,100,24,34,83,75,97,0,78,84,47,48,72,40,88,95,74,92,38,54,108,86,56,63,87,26,35,49,66,81,27,37,107,55,43,36,53,96,59,12,31,7,91,39,106,33,2,6,103,41,68 4287.0 71.052 26.0
57,80,52,22,9,21,64,15,101,77,42,93,30,4,99,16,13,76,46,32,65,105,45,11,20,10,70,61,94,25,18,62,98,19,8,23,51,85,89,90,59,82,60,69,79,87,44,54,29,14,75,67,37,58,5,3,104,50,71,100,24,34,73,43,97,0,78,84,72,1,48,40,88,95,74,92,38,17,108,86,56,63,107,47,31,26,35,49,66,27,28,7,55,83,36,53,96,12,81,6,91,39,106,33,2,102,103,41,68 5016.0 75.79 22.0
57,80,52,22,9,21,64,15,101,77,42,93,30,4,99,16,13,76,46,32,69,65,105,45,11,20,10,70,61,94,25,18,62,98,19,8,23,51,90,102,82,60,79,1,44,17,73,29,85,14,50,67,28,71,3,58,5,89,104,100,24,34,83,75,97,0,78,84,47,48,72,40,88,95,74,92,38,54,108,86,56,63,87,26,35,49,66,81,27,37,107,55,43,31,36,53,96,12,7,6,91,39,106,33,2,103,41,59,68 4327.0 66.25200000000001 25.0
57,80,52,22,9,21,64,15,101,77,42,93,30,4,99,16,76,46,32,69,65,105,45,11,97,10,70,61,94,25,18,62,98,19,8,23,51,90,102,82,60,13,79,1,44,17,29,85,14,50,67,37,3,71,58,5,89,104,100,24,34,73,83,75,20,0,78,84,87,48,72,40,88,95,74,92,38,54,108,86,56,63,47,31,26,49,66,7,27,35,28,107,55,43,36,96,12,53,81,6,91,39,106,33,2,103,41,59,68 4683.0 104.20800000000001 22.0
57,80,52,22,9,21,64,15,101,77,42,93,30,4,99,16,13,69,46,32,76,65,105,45,11,20,10,70,61,94,25,18,62,98,19,8,23,51,90,102,82,60,79,1,44,54,29,85,14,50,67,37,3,71,58,5,89,104,100,24,34,73,83,75,97,0,78,84,87,48,72,40,88,95,74,92,38,17,108,86,56,63,47,31,26,35,49,7,27,66,28,107,55,43,36,53,96,12,81,6,91,39,106,33,2,103,41,59,68 4429.0 66.252 25.0
57,80,52,22,9,21,64,15,101,77,42,93,30,4,99,16,13,76,46,32,69,65,105,45,11,20,10,70,61,94,25,18,62,98,19,8,23,51,90,102,82,60,79,1,44,17,73,29,85,50,67,28,71,3,58,5,89,104,100,24,34,83,75,97,0,78,84,47,48,72,40,88,95,74,92,38,54,108,86,56,63,87,26,35,49,66,81,27,37,107,55,43,36,53,96,59,12,31,7,91,39,106,14,33,2,6,103,41,68 4315.0 67.958 25.0
57,80,52,22,9,21,64,15,101,77,42,93,30,4,99,16,13,76,46,32,69,65,105,45,11,20,10,70,61,94,25,18,62,98,19,8,23,51,102,82,60,79,1,44,17,29,90,85,14,50,67,37,71,3,58,5,89,104,100,24,34,73,83,75,97,0,78,84,87,48,72,40,88,95,74,92,38,54,108,86,56,63,47,31,26,49,66,7,27,28,107,55,43,36,53,96,12,35,81,91,39,6,106,33,2,103,41,59,68 4404.0 69.53 24.0
#
75,108,64,58,10,89,84,71,56,21,30,105,43,0,9,80,5,103,3,4,37,79,36,78,40,25,23,69,52,8,92,54,83,35,68,47,86,67,7,62,34,31,95,66,74,107,106,72,76,1,50,45,60,17,81,14,63,11,61,33,28,73,38,19,48,12,16,90,59,57,85,94,32,82,20,88,41,6,18,98,2,15,27,101,65,100,96,91,77,39,51,55,29,104,102,24,99,97,13,49,87,53,42,93,26,70,46,44,22 4334.0 91.438 20.0
0,46,10,36,30,77,13,39,23,38,43,9,99,97,56,4,87,58,3,42,11,21,96,75,89,22,70,65,15,16,80,27,8,92,83,35,68,47,86,1,54,95,104,62,34,31,67,66,74,72,76,50,6,107,12,17,81,14,63,52,61,33,28,73,19,48,60,90,59,57,85,94,32,82,20,88,41,45,18,98,79,2,84,78,93,108,25,100,26,29,49,102,51,40,55,64,7,44,103,101,106,71,69,53,5,105,24,91,37 4955.0 75.604 25.0
26,16,46,96,102,51,44,98,38,45,43,61,58,59,56,32,85,33,3,42,19,0,36,78,21,23,25,69,52,8,92,83,35,97,68,47,86,1,54,6,11,95,13,62,34,31,67,107,66,74,72,76,50,7,12,17,81,14,5,65,91,70,2,29,82,93,71,15,22,77,27,41,87,39,73,20,99,9,4,105,79,90,28,30,94,49,75,55,37,48,53,89,108,100,10,64,101,88,57,104,103,24,60,106,40,84,80,63,18 5153.0 126.36400000000002 19.0
0,46,10,36,30,77,13,39,23,38,43,9,99,97,56,4,87,58,3,42,11,21,96,75,89,22,70,65,15,16,80,27,8,92,83,35,68,47,86,1,54,95,104,62,34,31,67,66,74,72,50,45,60,17,81,14,12,107,63,52,61,33,28,73,19,48,6,90,59,57,85,94,32,82,20,88,41,76,18,98,79,2,84,78,93,108,25,100,26,29,49,102,51,40,55,64,7,44,103,101,106,71,69,53,5,105,24,91,37 4843.0 78.08000000000001 25.0
26,16,46,78,102,51,44,98,38,76,43,61,58,69,56,32,85,33,3,42,95,0,50,96,75,48,47,54,107,15,80,82,62,91,97,105,31,72,2,45,19,8,22,99,4,35,27,17,29,81,11,23,100,79,73,59,49,5,65,68,70,6,74,83,93,71,13,67,77,52,41,87,39,66,25,20,34,9,1,86,12,90,28,30,94,14,21,55,37,36,53,89,108,7,10,64,101,88,57,104,103,24,60,106,40,84,18,92,63 5119.0 79.47600000000001 22.0
75,108,64,58,10,89,84,71,56,21,30,105,43,0,9,80,5,103,3,4,37,79,36,78,40,23,25,69,52,8,92,54,83,35,68,47,86,67,101,7,62,34,31,95,66,74,107,13,72,76,1,50,45,60,17,81,14,63,11,61,28,73,38,19,48,12,16,90,59,57,85,94,32,82,20,88,100,41,6,18,98,2,15,27,65,33,96,91,77,39,51,55,29,104,102,24,22,97,106,49,87,53,42,93,26,70,46,44,99 4351.0 84.314 21.0
75,108,64,58,10,89,84,71,56,21,30,105,43,0,9,80,5,103,3,4,37,79,36,78,40,25,23,69,52,8,92,83,35,68,47,86,1,54,45,33,95,13,62,34,31,67,107,66,74,72,76,50,7,60,17,81,14,63,11,61,28,73,38,19,48,12,16,90,59,57,85,94,32,82,20,88,41,6,18,98,2,15,27,101,65,100,96,91,77,39,51,55,29,104,102,24,22,97,106,49,87,53,42,93,26,70,46,44,99 4402.0 88.708 20.0
75,108,64,58,10,89,84,71,56,21,30,105,43,0,9,80,5,103,3,4,37,79,36,78,40,25,23,69,52,8,92,83,35,68,47,86,54,13,11,62,34,45,95,1,31,67,107,66,74,72,76,50,7,60,17,81,14,63,61,33,28,73,38,19,48,12,16,90,59,57,85,94,32,82,20,88,41,6,18,98,2,15,27,101,65,100,96,91,77,39,51,55,29,104,102,24,99,97,106,49,87,53,42,93,26,70,46,44,22 4367.0 88.70800000000001 20.0
0,46,10,36,30,77,13,39,23,38,43,9,99,97,56,4,87,58,3,42,11,21,96,75,89,22,70,65,15,16,80,27,8,51,92,83,35,68,47,86,1,54,95,104,62,34,31,67,66,74,72,76,50,6,107,12,17,81,14,63,52,61,33,28,73,19,48,60,90,59,57,85,94,32,82,20,88,41,45,18,98,79,2,84,78,93,108,25,100,26,29,49,102,40,55,64,7,44,103,101,106,71,69,53,5,105,24,91,37 4884.0 77.28000000000002 26.0
75,108,64,58,10,89,84,71,56,21,30,105,43,0,9,80,5,103,3,4,37,79,36,78,40,25,23,69,52,8,92,83,35,68,47,86,54,13,11,62,34,45,95,1,31,67,107,66,74,72,76,50,7,60,17,81,14,63,101,61,33,28,73,38,19,48,12,16,90,59,57,85,94,100,82,20,88,41,6,18,98,2,15,27,65,32,96,91,77,39,51,55,29,104,102,24,22,97,106,49,87,53,42,93,26,70,46,44,99 4492.0 83.70800000000001 21.0
75,108,64,58,10,89,84,71,56,40,30,105,43,0,9,80,5,103,3,4,37,79,36,78,21,23,25,69,52,8,92,83,35,68,47,86,1,54,6,11,95,13,62,34,31,67,107,66,74,72,76,50,7,12,17,81,14,63,61,33,28,73,19,38,48,60,16,90,59,57,85,94,32,82,20,88,41,45,18,98,2,15,27,101,65,100,96,91,77,39,51,55,29,104,102,24,22,97,106,49,87,53,42,93,26,70,46,44,99 4447.0 87.714 20.0
#
104,15,12,75,19,55,51,6,25,32,11,99,72,107,22,58,70,45,47,54,90,64,43,48,85,57,65,29,39,24,5,92,77,41,34,4,27,50,56,53,37,97,33,106,52,30,2,102,21,13,80,14,73,20,36,61,94,76,96,66,79,44,71,0,17,84,98,18,82,81,23,31,42,86,93,103,16,3,35,95,67,68,87,69,100,63,78,105,59,7,26,88,10,46,108,60,74,83,28,101,1,49,89,8,62,91,38,40,9 4305.0 69.04799999999999 30.0
104,15,12,75,19,55,51,6,25,47,11,72,107,22,58,70,45,32,54,53,64,43,85,57,99,81,90,65,29,39,24,5,48,92,77,34,4,41,27,50,56,97,33,37,106,52,30,2,102,21,42,80,14,73,20,36,61,94,76,96,66,23,44,71,0,17,84,98,18,82,79,31,86,13,93,103,16,35,3,95,67,68,105,87,69,100,63,59,7,26,88,78,10,46,108,28,60,74,83,101,1,49,89,8,62,91,38,40,9 4421.0 67.28 28.0
91,53,96,58,73,52,92,6,66,95,65,19,33,54,25,70,22,38,11,47,77,94,15,72,102,29,36,98,42,108,49,46,34,71,76,68,59,85,7,86,20,89,10,90,30,8,13,84,93,62,39,97,21,57,80,48,28,23,40,67,3,69,44,17,61,45,26,63,75,51,105,103,18,104,43,16,27,74,56,14,79,87,41,100,31,4,81,37,2,78,107,5,32,64,9,101,88,35,83,99,0,60,82,55,50,106,24,12,1 4957.0 107.76199999999999 20.0
104,15,12,75,19,55,51,6,25,36,11,99,72,60,22,58,20,45,47,61,53,64,74,85,57,65,29,39,24,5,48,92,77,34,88,4,41,27,50,98,56,97,33,106,2,30,102,21,13,90,14,73,70,32,54,107,1,59,96,23,44,71,0,17,84,52,18,82,66,81,79,31,42,86,93,103,37,16,3,95,67,68,105,87,69,100,35,78,63,80,7,26,10,46,108,28,94,43,83,101,76,49,89,8,62,91,38,40,9 4945.0 75.73600000000002 21.0
104,15,12,75,19,55,51,6,25,32,11,99,72,107,22,58,70,45,47,54,90,64,43,85,57,65,29,39,24,5,48,92,77,34,4,41,27,50,56,53,97,33,37,106,52,30,2,102,21,42,80,14,73,20,36,61,94,76,96,66,79,44,71,0,17,84,98,18,82,81,23,31,86,13,93,103,16,3,35,95,67,68,87,69,100,63,78,105,59,7,26,88,10,46,108,60,74,83,28,101,1,49,89,8,62,91,38,40,9 4297.0 69.048 30.0
104,15,12,75,19,55,51,6,25,47,11,29,72,107,22,58,70,45,32,54,53,64,43,65,85,57,39,24,5,48,92,77,34,4,41,27,50,56,90,97,33,37,106,52,30,2,102,21,13,14,73,20,36,61,60,99,76,80,96,23,44,71,0,17,84,98,18,82,66,81,79,31,86,42,93,16,35,3,95,67,68,105,103,87,69,100,78,63,59,7,26,88,10,46,108,28,94,74,83,101,1,49,89,8,62,91,38,40,9 4664.0 103.39400000000002 22.0
104,15,12,75,19,55,51,6,25,47,11,29,72,107,22,58,70,45,32,54,53,64,43,65,85,57,39,24,5,48,92,77,34,4,41,27,50,56,90,97,33,37,106,52,30,2,102,21,13,14,73,20,36,61,60,8,76,80,96,66,79,44,71,0,17,84,98,18,82,81,23,31,86,93,103,16,35,3,99,95,67,68,105,87,69,100,78,63,59,7,26,88,10,46,108,28,42,74,83,101,1,49,89,94,62,91,38,40,9 4747.0 80.87600000000002 21.0
104,15,12,75,19,55,51,6,25,32,11,99,72,107,22,58,70,45,47,54,90,64,43,85,57,65,29,39,24,5,48,92,77,34,4,41,27,50,56,53,97,33,37,106,52,30,2,102,21,42,80,14,73,20,36,61,94,76,96,66,23,44,71,0,17,84,98,18,82,81,79,31,86,13,93,103,16,35,3,95,67,68,105,87,69,100,63,59,7,26,88,78,10,46,108,28,60,74,83,101,1,49,40,89,8,62,91,38,9 4327.0 72.69000000000001 29.0
104,15,12,75,19,55,51,6,25,32,11,99,72,22,107,58,70,45,47,54,64,43,48,85,57,65,29,39,24,53,5,92,77,34,80,4,41,27,50,56,97,33,37,106,52,30,2,102,21,42,90,14,73,20,36,61,94,76,96,66,23,44,71,0,17,84,98,18,82,81,79,31,86,13,93,103,16,35,3,95,67,68,105,87,69,100,63,59,7,26,88,78,10,46,108,28,60,74,83,101,1,49,40,89,8,62,91,38,9 4517.0 70.498 24.0
104,15,12,75,19,55,51,6,25,32,11,99,72,107,22,58,70,45,47,54,53,64,43,85,57,65,29,39,24,5,48,92,77,34,4,41,27,50,56,90,97,33,37,106,52,30,2,102,21,42,80,14,73,20,36,61,94,76,96,66,23,44,71,0,17,84,98,18,82,81,79,31,86,13,93,103,16,35,3,95,67,68,105,87,69,100,63,59,7,26,88,78,10,46,108,28,60,74,83,101,1,49,40,89,8,62,91,38,9 4346.0 69.048 29.0
104,15,12,75,19,55,51,6,25,47,11,72,107,22,58,70,45,32,97,53,64,43,85,57,65,29,39,24,5,48,92,77,34,4,41,27,50,56,90,54,33,37,106,52,30,2,102,21,13,14,73,20,36,61,60,99,76,80,96,23,44,71,0,17,84,98,18,82,66,81,79,31,86,42,93,103,16,35,3,95,67,68,105,87,69,100,78,63,59,7,26,88,10,46,108,28,94,74,83,101,1,49,89,8,62,91,38,40,9 4390.0 68.61 26.0
104,15,12,75,19,55,51,6,25,47,11,72,107,22,58,70,45,5,32,97,53,64,43,85,57,65,29,39,24,48,92,13,77,34,4,41,27,50,56,90,54,33,37,106,52,30,2,102,21,14,73,20,36,61,60,99,76,80,96,23,44,71,0,17,84,98,18,82,66,81,79,95,86,42,93,103,16,35,3,31,67,68,105,87,69,100,78,63,59,7,26,88,10,46,108,28,94,74,101,1,49,89,83,8,62,91,38,40,9 4386.0 69.61 26.0
104,15,12,75,19,55,51,6,25,32,11,99,72,107,22,58,70,45,47,54,90,64,43,85,57,65,29,39,24,5,48,92,77,34,4,41,27,50,56,53,97,33,37,106,52,30,2,102,21,42,80,14,73,20,36,61,94,76,96,66,79,44,71,0,17,84,98,18,82,81,23,31,13,86,93,103,16,3,95,67,68,105,87,69,100,63,78,35,59,7,26,88,10,46,108,60,74,83,28,101,1,49,40,89,8,62,91,38,9 4315.0 76.95 29.0
104,15,12,75,19,55,51,6,25,32,11,99,72,107,22,58,70,45,47,54,90,64,43,85,57,65,29,39,24,5,48,92,77,34,4,41,27,50,53,56,97,33,37,106,52,30,81,2,102,21,42,14,73,20,36,61,94,80,76,96,66,23,44,71,0,17,84,98,18,82,79,31,86,13,93,103,16,35,3,95,67,68,105,87,69,100,63,59,7,26,88,78,10,46,108,28,60,74,83,101,1,49,89,8,91,38,40,62,9 4384.0 79.49000000000001 28.0
#
