# Problem = StaticVNFPlacementProblem
# Variables = 1
# Objectives = 6
52,17,38,11,49,46,5,31,34,43,32,30,41,8,3,20,50,10,0,39,14,13,37,19,29,45,4,12,22,7,53,33,21,15,26,2,25,36,9,23,44,47,16,28,6,54,24,27,18,42,40,51,48,35,55,1 2290.0 38.24000000000001 16.0 97100.0 1.4880955437344912 42.726
52,17,38,11,49,46,5,31,34,43,32,30,41,8,3,20,50,10,0,39,19,14,13,37,29,45,4,2,22,7,53,33,26,51,21,55,25,47,36,9,6,44,16,28,1,54,24,18,42,40,12,48,23,35,15,27 2292.0 73.86500000000001 18.0 93000.0 1.6264670270398482 45.373999999999995
52,17,38,11,49,46,5,31,34,43,32,30,41,8,3,20,50,10,0,39,19,14,13,37,29,45,4,51,22,7,53,33,26,2,21,15,25,47,36,9,6,44,16,28,1,54,24,18,42,40,12,48,23,35,55,27 2287.0 45.599999999999994 16.0 95200.0 1.5362149657258066 43.361000000000004
2,17,25,11,49,46,5,31,34,43,32,30,41,8,19,28,26,10,0,39,13,14,37,45,3,4,38,51,22,6,7,53,33,21,15,52,47,36,9,23,44,16,29,20,50,54,24,18,42,40,1,12,48,35,55,27 2622.0 51.571000000000005 16.0 135600.0 1.4055295524193547 42.786
52,46,17,11,22,49,5,31,34,50,32,30,8,19,20,10,43,39,28,14,13,1,37,45,3,4,38,51,7,53,33,15,25,21,26,2,47,36,29,9,6,44,23,16,42,54,24,18,0,40,41,12,48,35,55,27 2639.0 56.059999999999995 14.0 137800.0 1.3635026716811414 40.080999999999996
52,17,50,49,46,5,31,34,0,32,30,41,8,19,20,10,43,39,28,14,13,1,37,45,3,4,38,51,22,6,7,53,33,21,15,29,2,25,47,9,26,44,23,16,11,54,24,18,42,40,36,12,48,35,55,27 2419.0 41.46 15.0 112000.0 1.4888384883684862 40.528
29,17,25,11,49,46,5,31,34,43,32,30,19,41,8,10,50,20,54,39,13,1,37,45,3,4,38,51,22,6,7,53,33,21,15,52,2,47,36,9,28,44,23,16,26,0,24,18,42,40,14,12,48,35,55,27 2779.0 69.69500000000001 11.0 157800.0 1.5345986373035565 44.185
29,17,50,49,46,5,31,34,0,32,30,41,8,19,20,10,43,39,26,13,1,37,45,3,4,38,51,22,6,7,53,33,21,15,52,2,47,36,9,14,28,44,23,16,11,54,24,18,42,40,25,12,48,35,55,27 2676.0 77.51 13.0 140800.0 1.5448688467741938 42.696
55,17,38,11,49,46,5,31,34,43,32,30,8,3,20,50,10,54,39,19,14,13,37,29,45,4,25,22,6,7,53,33,21,15,52,2,47,36,9,28,44,23,16,26,41,0,24,18,42,40,12,48,1,35,51,27 2609.0 70.71 14.0 130700.0 1.4178983850806453 41.035000000000004
52,25,17,11,49,46,5,31,34,43,32,30,16,8,3,42,20,50,10,0,19,14,13,37,23,45,4,51,22,7,53,6,33,54,41,21,55,47,36,9,1,44,38,29,26,39,24,18,28,40,15,12,48,35,2,27 2504.0 80.42500000000001 13.0 118500.0 1.5134558870967743 41.897999999999996
52,46,17,31,38,5,49,11,19,34,43,32,30,41,8,10,54,39,20,1,13,37,45,3,6,51,4,22,7,53,33,15,25,21,50,29,2,47,36,9,28,44,23,16,26,0,24,18,42,40,14,12,48,35,55,27 2785.0 52.75 14.0 155700.0 1.4662267724875928 42.622
52,46,13,11,25,49,5,31,34,50,32,30,8,45,20,10,43,1,28,39,41,14,17,37,3,4,38,51,22,6,7,53,33,54,19,21,55,47,36,9,23,44,16,29,26,0,24,18,42,40,15,12,48,35,2,27 2567.0 67.06 14.0 127100.0 1.5190614127134725 42.781000000000006
#
12,10,18,53,41,27,11,20,37,30,24,48,39,28,43,50,52,54,7,14,44,2,23,9,15,13,22,40,34,42,35,33,3,21,25,17,16,6,4,55,5,0,36,8,46,29,19,32,26,51,47,1,31,49,38,45 2286.0 51.080000000000005 13.0 96900.0 1.420453116935484 40.849999999999994
12,10,18,41,27,11,20,37,30,24,48,39,28,50,52,54,7,14,44,2,23,9,15,13,22,40,34,53,55,42,35,33,3,21,25,17,6,4,16,5,0,36,8,46,29,19,32,26,51,43,47,1,31,49,38,45 2293.0 47.81999999999999 15.0 100200.0 1.4480853427419353 41.355000000000004
12,10,18,41,27,11,20,37,30,24,48,39,28,43,50,52,54,7,14,44,2,53,23,9,15,13,22,40,34,55,42,35,33,3,21,25,17,6,4,16,5,0,36,8,46,29,19,32,26,51,47,1,31,49,38,45 2296.0 43.019999999999996 13.0 100500.0 1.420129116935484 40.849999999999994
12,10,18,41,27,11,20,37,30,24,48,39,28,43,50,52,54,7,14,44,2,23,9,15,13,22,40,34,42,35,33,3,21,25,53,17,16,6,4,55,5,0,36,8,46,29,19,32,26,51,47,1,31,49,38,45 2290.0 48.22 13.0 98800.0 1.420283116935484 40.849999999999994
12,10,18,41,27,11,20,37,30,24,48,39,28,43,50,52,54,7,14,44,2,53,23,9,15,13,22,40,34,55,42,35,33,3,21,25,17,6,4,16,5,0,36,8,46,29,19,32,26,51,47,1,31,49,38,45 2296.0 45.88 13.0 98600.0 1.420129116935484 40.849999999999994
#
50,13,31,25,42,22,36,14,33,2,40,32,15,55,17,45,47,44,39,24,52,27,12,9,35,5,20,1,54,26,11,10,28,21,46,37,23,53,49,48,18,16,0,29,34,3,8,41,43,19,7,51,4,6,38,30 2262.0 39.61000000000001 16.0 94100.0 1.4968513257827325 41.589999999999996
50,13,31,25,42,22,36,14,33,2,40,32,15,55,17,45,47,44,39,24,52,9,12,27,35,5,20,1,28,26,11,10,54,21,46,37,23,53,49,48,18,16,0,29,34,3,8,41,43,19,7,51,4,6,38,30 2261.0 40.68000000000001 16.0 94300.0 1.4969153257827326 41.589999999999996
25,13,31,42,22,36,14,33,2,40,50,32,15,55,48,45,47,44,39,24,52,9,12,5,23,1,6,28,54,35,26,10,27,21,46,37,11,53,49,17,18,16,0,38,34,3,8,29,19,43,7,51,4,20,30,41 2652.0 49.15200000000001 13.0 147500.0 1.5305432069422515 40.39
50,13,31,25,42,22,36,14,33,2,40,32,15,55,17,45,47,44,39,24,52,27,12,9,35,5,20,1,54,26,11,10,48,21,46,37,23,53,49,28,18,16,0,29,34,3,8,41,43,19,7,51,4,6,38,30 2327.0 39.592000000000006 16.0 102900.0 1.474383924573055 40.97
50,13,31,45,39,42,22,36,14,33,2,40,32,15,52,17,47,44,24,46,9,12,55,5,23,1,29,28,21,26,11,10,54,49,27,6,37,53,18,48,35,16,0,20,34,3,8,41,43,19,7,51,4,25,38,30 2650.0 70.36399999999999 11.0 144200.0 1.451065856611565 44.205
50,13,31,45,39,42,22,36,14,33,2,40,32,15,55,17,47,44,24,52,27,12,9,5,23,1,35,28,25,26,54,10,21,46,37,11,53,49,48,18,20,16,0,29,34,3,8,41,43,19,7,51,4,6,38,30 2667.0 66.764 10.0 146800.0 1.3916245609126405 40.239999999999995
50,13,31,44,22,36,14,33,2,42,40,52,32,15,27,17,45,47,39,24,9,12,55,5,23,1,29,28,21,26,54,10,11,6,46,37,53,49,48,18,16,0,20,34,3,41,43,35,19,8,7,51,4,25,30,38 2543.0 77.772 13.0 154500.0 1.4818448774448987 42.715
50,13,35,25,31,39,36,14,2,40,32,15,52,17,45,44,47,22,24,9,12,55,5,33,1,6,28,21,26,54,10,20,27,11,46,37,23,53,49,48,18,16,0,30,34,3,8,41,43,19,7,51,42,4,38,29 2649.0 70.232 17.0 147100.0 1.4106669814230284 41.56
25,13,31,42,22,36,14,33,2,40,50,32,15,55,17,45,47,44,39,24,52,27,12,9,35,5,20,1,54,23,26,10,28,21,46,37,11,53,49,48,18,16,0,38,34,3,8,29,19,43,7,51,4,6,30,41 2796.0 61.980000000000004 12.0 166400.0 1.47900089893977 41.556
50,13,31,25,42,22,36,14,33,2,40,32,15,55,17,45,47,44,39,24,52,27,12,9,35,5,20,1,54,23,26,10,28,21,46,37,11,53,49,48,18,16,0,38,34,3,8,29,19,43,7,51,4,6,30,41 2269.0 38.636 16.0 94500.0 1.47914578949241 41.531
50,13,35,25,31,22,36,14,33,2,40,32,15,52,17,45,44,47,39,24,9,12,55,5,23,1,6,28,53,26,54,10,20,27,11,46,37,21,49,48,18,16,0,29,34,3,8,41,43,19,7,51,42,4,38,30 2288.0 42.540000000000006 15.0 97200.0 1.5976124365512334 44.771
50,13,35,25,31,39,36,14,2,40,32,15,52,17,45,44,47,22,24,9,12,55,5,23,1,6,28,53,26,54,10,20,27,11,46,49,37,21,33,48,18,16,0,29,34,3,8,41,43,19,7,51,42,4,38,30 2585.0 67.57700000000001 14.0 138300.0 1.5011439373266677 42.915
50,13,26,25,42,22,36,14,33,2,40,32,15,55,17,45,47,44,39,24,52,27,12,9,35,5,20,1,28,31,11,10,54,21,46,37,23,53,49,48,18,16,0,29,34,3,8,41,43,19,7,51,4,6,38,30 2397.0 84.95599999999999 15.0 105900.0 1.4741830979601518 40.905
#
29,1,54,13,8,20,47,53,32,17,46,36,51,0,26,7,33,52,42,5,40,18,2,48,37,50,30,35,10,24,28,23,31,11,15,34,55,27,14,43,12,38,44,21,41,25,6,3,39,4,16,22,9,49,45,19 2162.0 47.515000000000015 15.0 77700.0 1.5445221693548388 42.525999999999996
29,1,54,20,46,47,53,32,17,51,8,36,33,26,7,28,0,42,50,35,40,18,2,48,30,31,5,10,24,52,11,23,14,15,39,34,55,41,13,43,12,38,44,21,27,25,6,3,4,16,22,9,49,45,37,19 2579.0 55.610000000000014 12.0 136900.0 1.4587544534739454 41.105999999999995
29,1,54,13,8,20,47,53,32,17,46,36,51,0,26,7,33,52,42,5,40,18,2,48,37,50,35,30,10,24,41,11,23,31,28,15,34,38,14,12,55,43,44,21,27,25,6,3,39,4,16,22,9,49,45,19 2355.0 39.910000000000004 14.0 105100.0 1.4759964838709678 41.824999999999996
29,54,8,13,47,49,53,26,17,46,36,18,32,7,33,52,42,20,5,40,51,2,48,37,30,31,35,10,24,11,1,23,50,28,15,34,55,27,14,43,12,38,44,21,41,45,4,3,39,25,16,22,9,0,6,19 2692.0 46.955999999999996 14.0 152800.0 1.4308216001720055 39.66499999999999
29,1,54,20,46,47,53,32,17,51,8,36,0,26,7,28,52,34,5,40,18,48,2,35,37,50,30,10,24,27,11,31,42,15,13,33,55,23,14,43,12,38,44,21,41,25,6,3,39,4,16,22,9,49,45,19 2215.0 38.885000000000005 15.0 88700.0 1.4457443472394538 40.63
5,1,42,46,28,47,20,32,17,51,8,0,26,7,13,33,40,50,52,18,35,2,48,37,30,54,29,36,10,24,41,11,23,31,53,15,34,55,14,12,38,43,44,21,27,25,6,3,39,4,16,22,9,49,45,19 2507.0 61.54000000000001 10.0 123400.0 1.4433022701612903 39.312
29,54,8,13,47,49,53,26,17,46,36,18,32,7,33,52,42,20,5,40,51,2,48,37,30,31,35,10,24,11,1,23,50,28,15,34,55,27,14,43,12,38,44,21,41,25,6,3,39,4,16,22,9,0,45,19 2482.0 53.455999999999996 14.0 160200.0 1.4314196001720052 39.66499999999999
42,1,5,46,53,47,20,32,17,51,8,36,0,26,7,13,33,40,50,52,18,35,2,48,37,30,54,29,10,24,41,11,23,31,28,15,34,55,14,12,38,43,44,21,27,25,6,3,39,4,16,22,9,49,45,19 2365.0 55.29700000000001 16.0 106000.0 1.3375054722394542 38.169999999999995
29,5,54,20,46,47,53,32,17,51,8,36,49,26,7,33,42,40,13,18,35,2,48,37,30,31,52,10,24,11,1,23,50,28,15,34,55,27,14,43,12,38,44,21,41,45,4,3,39,25,16,22,9,0,6,19 2713.0 52.615 12.0 148400.0 1.424450053349876 39.985
29,1,54,13,8,20,47,53,32,17,46,36,51,0,26,7,33,52,42,5,40,18,2,48,37,50,35,30,10,24,11,23,31,28,15,34,55,27,14,43,12,38,44,21,41,25,6,3,39,4,16,22,9,49,45,19 2169.0 47.51500000000001 15.0 78000.0 1.544642169354839 42.525999999999996
29,1,54,46,53,47,20,32,17,51,8,36,0,26,7,13,33,40,42,5,52,2,48,37,30,31,35,18,10,24,11,23,50,28,15,34,55,27,14,43,12,38,44,21,41,25,6,3,39,4,16,22,9,49,45,19 2225.0 46.685 15.0 86600.0 1.5481837318548382 42.525999999999996
#
4,23,38,0,41,45,27,50,13,52,53,47,49,24,37,32,26,12,1,17,3,9,8,36,19,29,42,48,31,7,11,55,5,43,35,34,54,18,39,10,22,33,44,14,46,20,51,28,16,40,21,25,30,6,15,2 2201.0 55.35 17.0 85100.0 1.4275677763191505 42.464999999999996
4,23,27,38,0,40,45,50,13,52,24,53,47,29,49,32,37,19,26,1,46,8,9,36,17,12,42,48,31,7,11,55,43,41,35,34,54,39,10,22,3,14,5,20,51,18,28,16,33,21,25,30,6,44,15,2 2388.0 32.81 12.0 110300.0 1.4355342468982628 40.31
4,23,27,38,0,40,45,50,13,52,24,53,47,29,49,32,37,19,26,1,46,8,9,36,3,12,42,48,31,7,11,55,17,43,35,34,54,39,10,22,41,14,5,20,51,18,44,28,16,25,33,21,30,6,15,2 2340.0 32.505 14.0 104100.0 1.4335741315136477 40.36
4,23,27,38,0,40,45,50,13,16,24,53,47,29,19,37,26,12,1,17,3,9,8,36,32,49,42,48,31,7,11,55,46,43,35,34,54,18,39,10,22,41,14,5,20,51,44,28,52,33,21,25,30,6,15,2 2495.0 47.096000000000004 14.0 125000.0 1.3507547745037218 40.385000000000005
39,23,21,0,3,27,40,45,13,52,24,47,36,49,32,37,19,26,17,46,8,9,41,29,12,42,48,31,38,53,1,7,11,55,43,50,35,34,4,10,22,54,14,5,20,51,44,18,16,33,28,25,30,6,15,2 2643.0 55.93000000000001 14.0 144900.0 1.3689575632754343 38.43
4,23,27,38,0,12,41,45,50,13,52,53,47,36,49,32,37,19,26,1,17,3,29,8,9,24,42,48,31,7,11,55,5,43,35,34,54,18,39,10,22,33,44,14,46,20,51,28,16,40,21,25,30,6,15,2 2276.0 40.394999999999996 14.0 94900.0 1.4350273225806451 40.38
4,23,27,38,0,40,45,50,13,52,24,53,47,29,49,32,37,19,26,1,46,8,9,36,3,12,42,48,31,7,11,55,18,43,35,34,54,39,10,22,17,14,5,20,51,41,28,16,33,21,25,30,6,44,15,2 2352.0 39.620000000000005 15.0 106100.0 1.3906535506312947 40.894999999999996
4,23,27,38,0,12,41,45,50,13,52,53,47,36,49,32,37,19,26,1,46,3,29,8,9,24,42,48,31,7,11,55,43,17,35,34,54,14,39,10,22,40,5,20,51,18,28,16,33,21,25,44,30,6,15,2 2210.0 40.394999999999996 15.0 90600.0 1.4904341438476134 42.59
4,23,38,0,27,12,41,45,50,13,52,53,47,29,49,32,37,19,26,1,46,8,36,3,24,42,9,48,31,7,11,55,43,40,35,34,54,18,39,10,22,33,14,5,20,51,44,28,21,16,17,30,6,15,25,2 2218.0 44.555 16.0 87700.0 1.4936755079367976 42.88
#
34,24,33,3,50,42,48,11,47,7,5,6,30,2,38,25,18,1,41,21,39,17,26,45,51,28,31,10,37,23,16,52,54,0,32,27,9,43,14,4,40,49,20,36,44,12,13,29,8,22,53,55,35,15,19,46 2193.0 44.745 18.0 87100.0 1.482548651565465 40.851000000000006
34,0,33,3,50,48,42,11,47,7,18,5,6,4,2,38,25,1,41,17,21,39,45,51,28,31,10,37,26,23,16,24,54,32,27,9,49,14,44,20,40,43,12,36,52,30,13,29,8,22,53,55,35,15,19,46 2404.0 45.652 15.0 111400.0 1.4242125060483872 40.78
34,33,3,50,42,48,24,11,47,7,18,6,30,2,38,21,41,1,39,25,45,17,5,51,28,31,10,37,26,23,16,52,54,0,32,27,9,43,14,4,20,40,49,36,44,12,13,29,8,22,53,55,35,15,19,46 2353.0 39.132000000000005 16.0 111100.0 1.4625633855398241 40.236
34,24,33,3,50,42,48,11,47,7,5,18,6,30,2,38,25,1,41,21,39,17,26,45,51,28,31,10,37,23,16,52,54,0,32,27,9,43,14,4,40,49,20,36,44,12,13,29,8,22,53,55,35,15,19,46 2199.0 43.144999999999996 18.0 88800.0 1.482214651565465 40.851000000000006
34,24,33,3,50,42,17,11,47,7,5,18,6,30,2,38,25,1,41,21,39,48,45,51,28,31,10,37,26,23,16,12,0,54,32,27,9,49,4,14,20,40,43,36,44,52,13,35,8,22,53,55,29,15,19,46 2402.0 45.532000000000004 17.0 111800.0 1.3971518044354838 38.76
34,33,3,50,42,48,24,11,47,7,18,6,30,2,38,21,41,29,39,25,45,17,5,51,28,31,10,37,26,23,16,52,54,0,32,27,9,43,53,14,4,40,49,20,36,44,12,13,1,8,22,55,35,15,19,46 2458.0 40.730000000000004 17.0 121500.0 1.3992477596670803 39.766999999999996
34,20,33,3,50,42,48,11,47,31,18,6,30,2,0,38,25,1,41,17,21,39,45,51,28,7,10,37,26,23,16,24,54,32,27,9,49,14,44,4,40,43,12,36,52,5,13,29,8,22,53,55,35,15,19,46 2429.0 54.55199999999999 14.0 110400.0 1.4512659133064514 40.766
34,33,3,50,42,0,11,47,7,5,45,48,6,30,2,38,25,1,41,21,39,17,18,51,28,31,10,37,26,23,16,44,24,54,32,27,9,43,14,4,20,40,49,36,52,12,13,29,8,22,53,55,35,15,19,46 2470.0 53.87200000000001 16.0 115900.0 1.3563495342741936 38.476
34,24,33,3,50,42,48,11,47,7,5,18,6,30,2,38,25,1,41,21,39,17,26,45,51,28,31,10,37,23,53,16,52,54,0,32,27,9,43,14,4,40,49,20,36,44,12,13,29,8,22,55,35,15,19,46 2219.0 43.800000000000004 16.0 91900.0 1.482430651565465 40.836
34,0,33,3,50,42,48,11,47,7,20,45,6,30,2,38,25,1,41,21,39,17,18,51,28,31,10,37,26,23,16,44,24,54,32,27,9,49,14,4,40,43,36,5,52,13,29,8,22,53,12,55,35,15,19,46 2393.0 55.742 18.0 106900.0 1.4556017076612906 39.72299999999999
34,0,33,3,50,48,42,11,47,7,18,5,6,4,2,38,25,1,41,17,21,39,45,51,28,31,10,37,26,23,16,20,24,54,32,27,9,49,14,30,40,43,36,12,44,52,13,29,8,22,53,55,35,15,19,46 2493.0 47.992 15.0 121100.0 1.4081836693548386 40.68599999999999
#
4,28,10,8,9,13,38,3,44,22,29,35,46,31,11,45,51,49,27,37,41,20,47,14,6,23,40,36,34,19,7,0,53,12,18,50,33,21,48,43,25,16,55,39,17,52,30,42,5,24,15,2,54,26,1,32 2170.0 31.380000000000003 16.0 85000.0 1.5398048758119252 43.005
4,28,10,8,9,13,38,3,44,22,29,35,46,31,11,45,51,49,37,30,20,47,50,14,6,23,40,36,15,19,7,0,12,33,53,41,43,48,25,2,55,18,39,16,42,17,27,52,5,24,21,34,54,26,1,32 2175.0 32.59 13.0 85000.0 1.480650654658079 40.98
4,28,10,8,9,13,38,3,44,22,29,35,46,31,11,45,51,49,37,30,7,47,41,14,6,23,40,36,15,19,20,0,12,33,53,50,43,48,25,55,21,16,18,39,17,52,27,42,5,24,34,2,54,26,32,1 2310.0 31.780000000000005 13.0 103800.0 1.4896718809024232 41.949999999999996
4,28,10,8,9,13,38,3,44,22,29,35,46,31,11,45,27,51,49,55,41,36,20,47,14,6,23,40,15,19,7,0,53,12,18,50,33,34,48,43,25,16,37,39,17,52,30,42,5,24,21,2,54,26,1,32 2290.0 33.3 12.0 110600.0 1.4366847479838711 40.239999999999995
4,28,10,8,9,13,38,3,44,22,29,35,46,31,11,45,51,49,37,30,7,47,41,14,6,23,40,36,15,19,20,0,12,33,53,50,43,48,25,55,18,39,54,2,17,52,16,42,5,24,32,21,34,26,27,1 2249.0 28.296 15.0 95800.0 1.4598105008119253 40.83
4,28,10,8,9,13,38,3,44,22,29,35,46,31,11,45,51,49,27,37,41,20,47,14,6,23,40,36,34,19,7,0,53,12,18,50,33,21,48,43,25,16,55,39,17,52,30,42,5,24,2,15,54,26,1,32 2178.0 31.380000000000003 15.0 85200.0 1.5882120890472193 44.66
#
34,11,21,26,54,24,45,14,17,46,23,13,2,7,31,12,16,32,43,36,10,5,37,20,27,4,39,8,53,18,1,44,30,38,55,42,0,28,52,51,9,47,33,29,41,3,40,49,25,22,35,15,48,50,6,19 2281.0 52.208 15.0 96100.0 1.4747781525142316 40.915
34,11,21,26,44,24,45,14,17,46,18,13,2,7,31,23,16,32,43,36,10,5,37,20,27,39,8,53,4,30,12,54,1,38,55,42,0,28,52,51,9,47,33,29,41,3,40,49,25,22,35,15,48,50,6,19 2281.0 45.168000000000006 15.0 98300.0 1.4745201525142315 40.915
23,2,26,17,7,24,45,14,30,46,13,11,34,19,31,18,16,32,43,36,10,5,37,20,27,38,48,8,53,4,44,12,54,42,0,1,55,28,52,51,25,6,9,47,33,21,41,3,40,49,22,29,35,15,39,50 2474.0 36.58500000000001 10.0 123600.0 1.3667219224565759 40.565
23,2,26,17,7,24,45,14,30,46,13,11,34,54,31,18,16,32,43,36,10,5,37,20,27,38,39,8,53,4,44,12,21,42,0,1,55,28,52,51,9,47,33,29,41,3,35,40,49,6,22,25,19,15,48,50 2609.0 42.260000000000005 10.0 143100.0 1.4076892157258065 40.39
23,2,26,17,7,24,45,14,40,46,13,11,34,19,31,4,16,32,43,36,10,5,37,20,27,42,48,8,53,18,1,44,30,38,55,12,0,28,52,51,6,9,54,33,21,41,3,47,49,22,25,29,35,15,39,50 2510.0 40.435 13.0 127600.0 1.4963279088089332 40.185
34,11,55,26,6,44,24,45,14,46,13,2,7,31,23,16,43,36,18,10,5,37,20,27,38,53,8,39,12,54,4,30,29,42,0,28,52,51,17,9,47,33,21,41,3,40,32,49,22,25,19,35,15,48,50,1 2635.0 43.390000000000015 16.0 146100.0 1.4513936381185228 39.315
31,44,26,17,29,24,45,14,18,46,13,11,7,34,19,23,16,32,43,36,10,5,37,20,27,39,8,53,1,30,12,54,4,38,55,42,0,28,52,51,6,9,47,33,21,41,3,40,49,25,22,35,2,15,48,50 2825.0 61.269 13.0 168900.0 1.3073828810483874 40.006
34,11,21,26,44,24,45,14,17,46,18,13,2,7,31,23,16,32,43,36,10,5,37,20,27,38,48,8,53,30,12,54,1,39,55,42,0,28,52,51,9,47,33,29,41,3,40,49,25,22,35,15,4,50,6,19 2597.0 63.31300000000001 17.0 135500.0 1.3669551884305213 38.805
2,23,29,26,6,14,24,45,54,46,13,11,34,7,31,18,16,32,43,36,10,5,48,20,27,38,53,8,39,12,1,44,50,4,55,42,0,28,52,51,17,33,47,9,21,41,3,40,49,22,25,35,15,37,30,19 2423.0 47.86600000000001 13.0 116200.0 1.3855052036290325 40.726
34,11,29,26,6,44,24,45,14,18,46,13,2,7,31,23,16,32,43,36,38,5,37,20,27,39,8,10,1,53,12,54,30,4,55,42,0,28,52,51,17,9,47,33,21,41,3,40,49,25,22,35,15,48,50,19 2328.0 43.06 15.0 102700.0 1.4754361525142317 40.915
34,11,21,26,54,24,45,14,17,46,23,13,2,7,31,12,16,32,43,36,10,5,37,20,27,39,8,53,4,30,18,44,1,38,55,42,0,28,52,51,9,47,33,29,41,3,40,49,25,22,35,15,48,50,6,19 2280.0 49.007999999999996 15.0 96600.0 1.474768152514231 40.915
#
38,0,1,14,27,31,33,36,44,47,40,37,11,26,16,12,46,23,48,42,3,34,24,55,51,13,7,30,8,39,54,45,32,19,9,41,43,10,52,4,28,21,22,50,5,35,17,25,15,6,49,18,29,20,53,2 2123.0 48.61300000000001 16.0 73200.0 1.5225267509913394 41.455999999999996
38,0,26,14,51,27,31,33,36,44,47,40,37,11,1,16,12,46,23,48,42,3,34,20,24,55,7,30,8,39,54,45,32,19,9,41,43,10,52,4,28,21,22,50,5,35,17,25,15,6,49,18,29,13,53,2 2121.0 39.43 14.0 75500.0 1.4974871137364374 41.43600000000001
38,0,26,14,27,31,33,36,44,47,40,37,11,1,16,12,46,23,48,42,3,34,24,55,51,7,30,10,39,17,54,20,53,32,19,8,45,9,43,52,4,28,21,22,50,2,29,18,35,15,6,49,5,13,25,41 2144.0 35.36 15.0 80200.0 1.5348305843246728 41.95100000000001
38,0,26,14,27,8,33,31,36,44,47,40,37,11,1,16,46,48,23,42,3,34,24,55,51,7,30,10,39,54,41,20,32,19,12,45,9,52,4,28,21,22,50,5,35,17,25,15,6,49,18,2,29,53,43,13 2323.0 36.78 14.0 99800.0 1.4650910384159246 39.97
38,0,26,14,27,31,33,36,20,44,47,40,37,11,12,42,46,23,48,34,51,16,3,1,24,55,7,30,8,39,54,45,32,19,9,41,43,10,52,4,28,21,22,50,5,35,17,25,15,6,49,18,29,13,53,2 2197.0 39.108000000000004 13.0 84000.0 1.4636631009159244 39.97
38,3,26,14,33,31,36,44,40,27,47,37,11,1,19,10,12,46,23,42,0,22,51,13,24,55,7,30,8,39,54,20,32,48,16,45,9,43,52,4,28,21,34,50,2,29,17,25,6,15,18,49,35,5,53,41 2667.0 74.855 14.0 143600.0 1.3688156313585609 38.605000000000004
38,0,11,14,27,28,33,31,36,44,47,40,37,26,16,12,46,23,48,42,3,34,24,55,51,7,13,30,10,39,54,20,32,19,8,45,9,43,52,4,22,50,41,29,35,17,21,15,18,2,6,1,5,49,25,53 2485.0 57.205000000000005 17.0 120200.0 1.4262185117044959 39.39
38,0,26,14,27,31,33,28,44,47,40,37,11,1,16,12,46,23,48,42,3,34,24,55,51,7,30,10,39,17,54,20,53,32,19,8,45,52,4,36,21,35,2,22,5,43,29,18,9,15,6,49,50,13,25,41 2192.0 46.18 14.0 81300.0 1.473801434249258 40.48
38,0,26,14,27,31,33,36,40,11,8,44,47,37,1,16,46,48,23,42,3,34,24,55,51,7,30,9,10,39,54,32,19,12,45,41,43,52,4,28,21,35,2,22,5,17,25,15,6,49,18,29,20,13,50,53 2587.0 43.88 15.0 132500.0 1.4271179588198801 39.335
38,0,40,14,1,27,31,33,36,44,47,37,11,26,16,12,46,23,48,42,3,34,24,55,51,13,7,30,8,39,54,45,32,19,9,41,43,10,52,4,28,21,22,50,5,35,17,25,15,6,49,18,29,20,53,2 2131.0 41.00800000000001 16.0 75100.0 1.5225567509913394 41.455999999999996
38,0,26,14,27,31,33,36,11,8,44,47,40,37,1,16,46,48,23,42,3,34,24,55,51,7,30,10,39,54,41,20,32,19,12,45,9,52,4,28,21,22,50,5,35,17,25,15,6,49,18,2,29,53,43,13 2326.0 37.188 15.0 77600.0 1.535214584324673 41.95100000000001
#
12,53,26,22,44,36,24,28,31,15,37,10,35,30,32,1,5,6,17,23,40,20,13,49,8,33,2,47,55,45,0,50,43,21,19,27,54,9,4,42,48,3,38,39,51,25,11,41,29,18,16,7,34,14,52,46 2216.0 36.92 17.0 92500.0 1.6402419111808495 45.155
12,53,26,22,44,36,24,28,31,15,37,10,35,30,32,1,5,6,17,23,8,50,49,40,20,33,2,47,55,45,0,39,4,21,19,27,54,9,43,42,48,3,38,13,51,7,25,11,41,29,18,16,34,14,52,46 2222.0 47.675 16.0 91100.0 1.4754551051853746 41.065
12,53,26,22,44,36,24,28,31,15,37,10,35,30,32,1,5,6,17,23,8,50,49,40,20,33,2,47,55,45,0,39,4,21,19,27,54,9,43,42,3,38,48,16,13,51,25,11,41,29,18,7,34,14,52,46 2216.0 38.675 17.0 91400.0 1.6404319111808494 45.155
12,53,26,22,44,36,24,28,31,15,37,10,35,30,32,1,5,6,17,52,13,49,40,20,8,33,2,47,55,0,39,4,21,19,27,54,9,43,42,3,38,50,51,48,25,7,45,11,29,16,18,41,34,14,23,46 2221.0 35.555 17.0 93000.0 1.6400859111808497 45.155
12,53,26,22,44,36,24,28,31,15,37,10,35,30,32,1,9,6,17,52,13,49,40,20,5,33,2,47,55,45,0,39,4,21,19,27,54,8,43,42,3,38,50,51,16,25,7,11,48,29,18,41,34,14,23,46 2373.0 38.516000000000005 15.0 109300.0 1.5456551169354842 42.739999999999995
12,53,26,22,44,36,24,28,31,15,37,10,35,30,32,55,5,6,17,23,40,20,8,33,49,1,2,47,45,50,0,39,4,21,19,27,54,9,52,42,3,38,13,16,51,25,7,11,48,29,18,41,34,14,43,46 2634.0 41.872 15.0 142200.0 1.4739607287439793 41.254999999999995
12,53,26,22,44,36,24,28,31,15,37,10,35,30,32,1,5,6,17,52,13,49,40,20,8,33,2,47,55,45,0,39,4,21,19,27,54,9,43,42,3,38,50,51,16,25,7,11,48,29,18,41,34,14,23,46 2286.0 35.555 16.0 99800.0 1.4761851051853745 41.065
52,53,26,22,44,36,24,28,31,15,37,10,35,30,32,1,5,6,17,23,8,49,40,20,33,2,11,47,55,45,0,29,39,4,21,19,27,54,9,43,3,38,48,16,25,13,7,12,51,50,18,41,34,14,42,46 2709.0 67.46000000000001 13.0 150200.0 1.4177706011166253 40.192
53,26,22,44,36,24,28,55,15,37,10,35,12,30,32,1,5,6,17,23,49,13,8,40,20,33,2,47,31,0,39,4,21,19,27,54,9,43,42,3,38,50,51,48,25,7,45,11,29,16,18,41,34,14,52,46 2694.0 67.08200000000001 16.0 149500.0 1.4288680245037222 40.615
52,53,26,22,48,36,24,28,31,23,37,10,35,30,32,1,5,17,15,6,8,49,40,20,33,2,11,47,55,45,0,29,39,4,21,19,27,54,9,43,3,38,44,16,25,13,7,12,51,50,18,41,34,14,42,46 2681.0 42.66100000000001 12.0 147900.0 1.4328850507133994 39.968999999999994
12,53,26,22,44,36,24,28,31,15,37,10,35,30,32,1,5,6,17,23,8,49,40,20,33,55,2,47,45,50,0,39,4,21,19,27,54,9,43,42,48,7,3,38,13,51,25,11,29,16,18,41,34,14,52,46 2372.0 48.11599999999999 15.0 109600.0 1.4917542177419358 40.845
12,53,26,22,44,36,24,28,31,15,37,10,35,30,32,1,5,6,17,23,40,20,8,33,50,49,2,47,55,45,0,13,21,43,52,27,54,9,19,42,3,38,39,16,51,25,7,11,48,29,18,41,34,14,4,46 2252.0 38.675000000000004 16.0 94800.0 1.509194908918406 41.725
#
